1001	8457.0
1002	8498.0
1003	8465.0
1004	8487.0
1005	8488.0
1006	8456.0
1007	8423.0
1008	8432.0
1009	8391.0
1010	8434.0
1011	8384.0
1012	8383.0
1013	8379.0
1014	8420.0
1015	8428.0
1016	8448.0
1017	8435.0
1018	8416.0
1019	8384.0
1020	8374.0
1021	8393.0
1022	8459.0
1023	8412.0
1024	8354.0
1025	8429.0
1026	8413.0
1027	8383.0
1028	8395.0
1029	8426.0
1030	8464.0
1031	8340.0
1032	8300.0
1033	8327.0
1034	8280.0
1035	8283.0
1036	8329.0
1037	8382.0
1038	8377.0
1039	8430.0
1040	8396.0
1041	8374.0
1042	8369.0
1043	8467.0
1044	8363.0
1045	8322.0
1046	8253.0
1047	8263.0
1048	8344.0
1049	8381.0
1050	8434.0
1051	8406.0
1052	8307.0
1053	8356.0
1054	8440.0
1055	8448.0
1056	8390.0
1057	8238.0
1058	8238.0
1059	8234.0
1060	8313.0
1061	8259.0
1062	8272.0
1063	8349.0
1064	8232.0
1065	8180.0
1066	8288.0
1067	8319.0
1068	8366.0
1069	8336.0
1070	8360.0
1071	8373.0
1072	8457.0
1073	8391.0
1074	8342.0
1075	8356.0
1076	8353.0
1077	8343.0
1078	8347.0
1079	8320.0
1080	8379.0
1081	8367.0
1082	8358.0
1083	8333.0
1084	8431.0
1085	8379.0
1086	8336.0
1087	8305.0
1088	8362.0
1089	8349.0
1090	8285.0
1091	8326.0
1092	8385.0
1093	8424.0
1094	8410.0
1095	8393.0
1096	8392.0
1097	8355.0
1098	8291.0
1099	8309.0
1100	8439.0
1101	8466.0
1102	8409.0
1103	8225.0
1104	8335.0
1105	8364.0
1106	8369.0
1107	8337.0
1108	8359.0
1109	8306.0
1110	8335.0
1111	8322.0
1112	8383.0
1113	8333.0
1114	8396.0
1115	8361.0
1116	8488.0
1117	8474.0
1118	8589.0
1119	8454.0
1120	8412.0
1121	8376.0
1122	8369.0
1123	8309.0
1124	8368.0
1125	8394.0
1126	8412.0
1127	8429.0
1128	8350.0
1129	8304.0
1130	8275.0
1131	8259.0
1132	8314.0
1133	8324.0
1134	8318.0
1135	8296.0
1136	8388.0
1137	8368.0
1138	8431.0
1139	8445.0
1140	8331.0
1141	8354.0
1142	8333.0
1143	8272.0
1144	8330.0
1145	8279.0
1146	8351.0
1147	8280.0
1148	8365.0
1149	8372.0
1150	8405.0
1151	8419.0
1152	8346.0
1153	8342.0
1154	8332.0
1155	8462.0
1156	8350.0
1157	8486.0
1158	8420.0
1159	8504.0
1160	8430.0
1161	8377.0
1162	8375.0
1163	8304.0
1164	8371.0
1165	8347.0
1166	8388.0
1167	8329.0
1168	8309.0
1169	8315.0
1170	8275.0
1171	8335.0
1172	8294.0
1173	8304.0
1174	8260.0
1175	8287.0
1176	8340.0
1177	8379.0
1178	8364.0
1179	8321.0
1180	8382.0
1181	8375.0
1182	8419.0
1183	8500.0
1184	8442.0
1185	8424.0
1186	8367.0
1187	8372.0
1188	8393.0
1189	8414.0
1190	8301.0
1191	8329.0
1192	8355.0
1193	8382.0
1194	8335.0
1195	8270.0
1196	8215.0
1197	8237.0
1198	8221.0
1199	8246.0
1200	8262.0
1201	8270.0
1202	8214.0
1203	8329.0
1204	8257.0
1205	8362.0
1206	8419.0
1207	8397.0
1208	8402.0
1209	8391.0
1210	8312.0
1211	8304.0
1212	8409.0
1213	8352.0
1214	8353.0
1215	8338.0
1216	8355.0
1217	8364.0
1218	8284.0
1219	8336.0
1220	8409.0
1221	8259.0
1222	8283.0
1223	8365.0
1224	8334.0
1225	8319.0
1226	8260.0
1227	8296.0
1228	8375.0
1229	8431.0
1230	8467.0
1231	8383.0
1232	8416.0
1233	8401.0
1234	8421.0
1235	8341.0
1236	8284.0
1237	8299.0
1238	8305.0
1239	8368.0
1240	8318.0
1241	8370.0
1242	8346.0
1243	8306.0
1244	8208.0
1245	8270.0
1246	8299.0
1247	8305.0
1248	8253.0
1249	8287.0
1250	8345.0
1251	8333.0
1252	8228.0
1253	8203.0
1254	8238.0
1255	8235.0
1256	8312.0
1257	8302.0
1258	8300.0
1259	8326.0
1260	8282.0
1261	8344.0
1262	8292.0
1263	8317.0
1264	8340.0
1265	8297.0
1266	8318.0
1267	8338.0
1268	8272.0
1269	8229.0
1270	8377.0
1271	8428.0
1272	8320.0
1273	8294.0
1274	8330.0
1275	8223.0
1276	8249.0
1277	8311.0
1278	8310.0
1279	8337.0
1280	8412.0
1281	8471.0
1282	8338.0
1283	8371.0
1284	8370.0
1285	8362.0
1286	8404.0
1287	8448.0
1288	8443.0
1289	8437.0
1290	8443.0
1291	8384.0
1292	8319.0
1293	8360.0
1294	8389.0
1295	8379.0
1296	8337.0
1297	8350.0
1298	8396.0
1299	8400.0
1300	8356.0
1301	8456.0
1302	8420.0
1303	8358.0
1304	8387.0
1305	8434.0
1306	8438.0
1307	8504.0
1308	8447.0
1309	8416.0
1310	8416.0
1311	8431.0
1312	8432.0
1313	8435.0
1314	8433.0
1315	8454.0
1316	8383.0
1317	8387.0
1318	8493.0
1319	8455.0
1320	8451.0
1321	8389.0
1322	8389.0
1323	8389.0
1324	8349.0
1325	8322.0
1326	8308.0
1327	8332.0
1328	8373.0
1329	8433.0
1330	8290.0
1331	8368.0
1332	8423.0
1333	8330.0
1334	8277.0
1335	8319.0
1336	8422.0
1337	8453.0
1338	8470.0
1339	8399.0
1340	8354.0
1341	8305.0
1342	8426.0
1343	8479.0
1344	8434.0
1345	8512.0
1346	8427.0
1347	8440.0
1348	8359.0
1349	8368.0
1350	8405.0
1351	8428.0
1352	8403.0
1353	8373.0
1354	8370.0
1355	8351.0
1356	8392.0
1357	8308.0
1358	8351.0
1359	8325.0
1360	8371.0
1361	8291.0
1362	8330.0
1363	8344.0
1364	8386.0
1365	8446.0
1366	8400.0
1367	8407.0
1368	8433.0
1369	8441.0
1370	8453.0
1371	8406.0
1372	8428.0
1373	8328.0
1374	8429.0
1375	8354.0
1376	8437.0
1377	8501.0
1378	8536.0
1379	8400.0
1380	8447.0
1381	8446.0
1382	8469.0
1383	8377.0
1384	8479.0
1385	8391.0
1386	8358.0
1387	8370.0
1388	8339.0
1389	8331.0
1390	8351.0
1391	8320.0
1392	8331.0
1393	8356.0
1394	8427.0
1395	8420.0
1396	8520.0
1397	8440.0
1398	8418.0
1399	8470.0
1400	8377.0
1401	8407.0
1402	8387.0
1403	8349.0
1404	8322.0
1405	8321.0
1406	8414.0
1407	8444.0
1408	8412.0
1409	8404.0
1410	8387.0
1411	8391.0
1412	8362.0
1413	8350.0
1414	8320.0
1415	8359.0
1416	8449.0
1417	8322.0
1418	8335.0
1419	8385.0
1420	8328.0
1421	8409.0
1422	8383.0
1423	8319.0
1424	8391.0
1425	8323.0
1426	8402.0
1427	8384.0
1428	8328.0
1429	8385.0
1430	8335.0
1431	8209.0
1432	8180.0
1433	8228.0
1434	8296.0
1435	8348.0
1436	8322.0
1437	8319.0
1438	8261.0
1439	8233.0
1440	8227.0
1441	8145.0
1442	8187.0
1443	8258.0
1444	8322.0
1445	8402.0
1446	8436.0
1447	8466.0
1448	8435.0
1449	8323.0
1450	8385.0
1451	8409.0
1452	8466.0
1453	8417.0
1454	8394.0
1455	8412.0
1456	8449.0
1457	8454.0
1458	8485.0
1459	8457.0
1460	8346.0
1461	8334.0
1462	8318.0
1463	8283.0
1464	8307.0
1465	8276.0
1466	8324.0
1467	8355.0
1468	8399.0
1469	8368.0
1470	8427.0
1471	8396.0
1472	8428.0
1473	8444.0
1474	8443.0
1475	8388.0
1476	8440.0
1477	8454.0
1478	8519.0
1479	8454.0
1480	8503.0
1481	8428.0
1482	8400.0
1483	8355.0
1484	8268.0
1485	8287.0
1486	8350.0
1487	8283.0
1488	8292.0
1489	8358.0
1490	8370.0
1491	8291.0
1492	8301.0
1493	8318.0
1494	8361.0
1495	8316.0
1496	8318.0
1497	8366.0
1498	8407.0
1499	8432.0
1500	8391.0
1501	8369.0
1502	8255.0
1503	8299.0
1504	8315.0
1505	8280.0
1506	8328.0
1507	8335.0
1508	8291.0
1509	8212.0
1510	8252.0
1511	8200.0
1512	8282.0
1513	8333.0
1514	8288.0
1515	8320.0
1516	8429.0
1517	8438.0
1518	8413.0
1519	8342.0
1520	8298.0
1521	8341.0
1522	8376.0
1523	8302.0
1524	8344.0
1525	8267.0
1526	8257.0
1527	8216.0
1528	8384.0
1529	8262.0
1530	8296.0
1531	8405.0
1532	8387.0
1533	8347.0
1534	8333.0
1535	8442.0
1536	8389.0
1537	8427.0
1538	8391.0
1539	8420.0
1540	8361.0
1541	8362.0
1542	8366.0
1543	8284.0
1544	8315.0
1545	8338.0
1546	8368.0
1547	8371.0
1548	8440.0
1549	8383.0
1550	8396.0
1551	8409.0
1552	8412.0
1553	8324.0
1554	8252.0
1555	8244.0
1556	8253.0
1557	8315.0
1558	8262.0
1559	8313.0
1560	8310.0
1561	8359.0
1562	8340.0
1563	8326.0
1564	8270.0
1565	8336.0
1566	8350.0
1567	8227.0
1568	8236.0
1569	8210.0
1570	8216.0
1571	8243.0
1572	8286.0
1573	8249.0
1574	8220.0
1575	8322.0
1576	8314.0
1577	8298.0
1578	8217.0
1579	8253.0
1580	8239.0
1581	8253.0
1582	8278.0
1583	8330.0
1584	8300.0
1585	8395.0
1586	8343.0
1587	8273.0
1588	8383.0
1589	8308.0
1590	8306.0
1591	8335.0
1592	8336.0
1593	8364.0
1594	8402.0
1595	8397.0
1596	8489.0
1597	8355.0
1598	8483.0
1599	8480.0
1600	8411.0
1601	8332.0
1602	8290.0
1603	8273.0
1604	8354.0
1605	8305.0
1606	8216.0
1607	8252.0
1608	8338.0
1609	8311.0
1610	8351.0
1611	8317.0
1612	8301.0
1613	8283.0
1614	8254.0
1615	8347.0
1616	8433.0
1617	8397.0
1618	8296.0
1619	8321.0
1620	8330.0
1621	8407.0
1622	8392.0
1623	8431.0
1624	8468.0
1625	8391.0
1626	8328.0
1627	8311.0
1628	8376.0
1629	8389.0
1630	8402.0
1631	8374.0
1632	8303.0
1633	8277.0
1634	8304.0
1635	8318.0
1636	8446.0
1637	8435.0
1638	8475.0
1639	8490.0
1640	8411.0
1641	8425.0
1642	8341.0
1643	8402.0
1644	8380.0
1645	8361.0
1646	8368.0
1647	8344.0
1648	8283.0
1649	8272.0
1650	8298.0
1651	8291.0
1652	8326.0
1653	8313.0
1654	8374.0
1655	8315.0
1656	8304.0
1657	8301.0
1658	8320.0
1659	8269.0
1660	8248.0
1661	8338.0
1662	8368.0
1663	8344.0
1664	8385.0
1665	8348.0
1666	8304.0
1667	8383.0
1668	8445.0
1669	8425.0
1670	8352.0
1671	8311.0
1672	8264.0
1673	8285.0
1674	8240.0
1675	8337.0
1676	8325.0
1677	8338.0
1678	8354.0
1679	8327.0
1680	8345.0
1681	8255.0
1682	8312.0
1683	8320.0
1684	8299.0
1685	8156.0
1686	8255.0
1687	8217.0
1688	8293.0
1689	8294.0
1690	8317.0
1691	8337.0
1692	8346.0
1693	8381.0
1694	8350.0
1695	8278.0
1696	8328.0
1697	8370.0
1698	8399.0
1699	8386.0
1700	8398.0
1701	8336.0
1702	8339.0
1703	8278.0
1704	8295.0
1705	8288.0
1706	8318.0
1707	8323.0
1708	8322.0
1709	8260.0
1710	8304.0
1711	8334.0
1712	8305.0
1713	8289.0
1714	8333.0
1715	8375.0
1716	8330.0
1717	8294.0
1718	8296.0
1719	8300.0
1720	8293.0
1721	8495.0
1722	8451.0
1723	8388.0
1724	8292.0
1725	8360.0
1726	8345.0
1727	8361.0
1728	8366.0
1729	8365.0
1730	8434.0
1731	8371.0
1732	8378.0
1733	8469.0
1734	8334.0
1735	8414.0
1736	8461.0
1737	8526.0
1738	8408.0
1739	8385.0
1740	8457.0
1741	8438.0
1742	8351.0
1743	8397.0
1744	8348.0
1745	8348.0
1746	8320.0
1747	8341.0
1748	8357.0
1749	8316.0
1750	8366.0
1751	8359.0
1752	8341.0
1753	8340.0
1754	8331.0
1755	8315.0
1756	8208.0
1757	8210.0
1758	8271.0
1759	8268.0
1760	8316.0
1761	8374.0
1762	8394.0
1763	8323.0
1764	8297.0
1765	8294.0
1766	8343.0
1767	8394.0
1768	8408.0
1769	8387.0
1770	8392.0
1771	8414.0
1772	8407.0
1773	8404.0
1774	8383.0
1775	8350.0
1776	8421.0
1777	8380.0
1778	8386.0
1779	8393.0
1780	8411.0
1781	8371.0
1782	8378.0
1783	8433.0
1784	8444.0
1785	8437.0
1786	8395.0
1787	8367.0
1788	8291.0
1789	8302.0
1790	8213.0
1791	8304.0
1792	8328.0
1793	8346.0
1794	8344.0
1795	8222.0
1796	8158.0
1797	8171.0
1798	8221.0
1799	8249.0
1800	8371.0
1801	8314.0
1802	8256.0
1803	8271.0
1804	8250.0
1805	8239.0
1806	8270.0
1807	8312.0
1808	8314.0
1809	8365.0
1810	8399.0
1811	8354.0
1812	8358.0
1813	8304.0
1814	8252.0
1815	8207.0
1816	8253.0
1817	8279.0
1818	8203.0
1819	8232.0
1820	8231.0
1821	8180.0
1822	8269.0
1823	8272.0
1824	8242.0
1825	8210.0
1826	8287.0
1827	8314.0
1828	8341.0
1829	8388.0
1830	8358.0
1831	8430.0
1832	8384.0
1833	8367.0
1834	8304.0
1835	8327.0
1836	8332.0
1837	8348.0
1838	8315.0
1839	8300.0
1840	8391.0
1841	8319.0
1842	8231.0
1843	8280.0
1844	8390.0
1845	8454.0
1846	8426.0
1847	8346.0
1848	8354.0
1849	8313.0
1850	8239.0
1851	8134.0
1852	8296.0
1853	8203.0
1854	8328.0
1855	8376.0
1856	8311.0
1857	8353.0
1858	8194.0
1859	8232.0
1860	8292.0
1861	8318.0
1862	8350.0
1863	8389.0
1864	8418.0
1865	8373.0
1866	8360.0
1867	8389.0
1868	8424.0
1869	8423.0
1870	8392.0
1871	8385.0
1872	8281.0
1873	8229.0
1874	8254.0
1875	8207.0
1876	8280.0
1877	8259.0
1878	8380.0
1879	8427.0
1880	8349.0
1881	8361.0
1882	8425.0
1883	8432.0
1884	8486.0
1885	8419.0
1886	8408.0
1887	8378.0
1888	8343.0
1889	8395.0
1890	8353.0
1891	8420.0
1892	8371.0
1893	8290.0
1894	8415.0
1895	8485.0
1896	8443.0
1897	8353.0
1898	8299.0
1899	8339.0
1900	8318.0
1901	8268.0
1902	8331.0
1903	8370.0
1904	8348.0
1905	8372.0
1906	8373.0
1907	8462.0
1908	8425.0
1909	8428.0
1910	8373.0
1911	8380.0
1912	8327.0
1913	8383.0
1914	8362.0
1915	8361.0
1916	8362.0
1917	8389.0
1918	8327.0
1919	8293.0
1920	8308.0
1921	8343.0
1922	8361.0
1923	8339.0
1924	8365.0
1925	8461.0
1926	8499.0
1927	8461.0
1928	8461.0
1929	8359.0
1930	8400.0
1931	8359.0
1932	8390.0
1933	8322.0
1934	8372.0
1935	8344.0
1936	8411.0
1937	8315.0
1938	8301.0
1939	8294.0
1940	8294.0
1941	8303.0
1942	8276.0
1943	8356.0
1944	8433.0
1945	8426.0
1946	8410.0
1947	8352.0
1948	8399.0
1949	8403.0
1950	8304.0
1951	8295.0
1952	8378.0
1953	8321.0
1954	8339.0
1955	8325.0
1956	8320.0
1957	8309.0
1958	8385.0
1959	8383.0
1960	8474.0
1961	8377.0
1962	8362.0
1963	8334.0
1964	8363.0
1965	8345.0
1966	8291.0
1967	8286.0
1968	8342.0
1969	8294.0
1970	8257.0
1971	8279.0
1972	8266.0
1973	8292.0
1974	8256.0
1975	8275.0
1976	8209.0
1977	8318.0
1978	8330.0
1979	8313.0
1980	8255.0
1981	8240.0
1982	8282.0
1983	8260.0
1984	8188.0
1985	8219.0
1986	8328.0
1987	8261.0
1988	8345.0
1989	8309.0
1990	8303.0
1991	8396.0
1992	8384.0
1993	8332.0
1994	8349.0
1995	8278.0
1996	8361.0
1997	8391.0
1998	8321.0
1999	8453.0
2000	8408.0
2001	8354.0
2002	8363.0
2003	8383.0
2004	8390.0
2005	8341.0
2006	8312.0
2007	8409.0
2008	8428.0
2009	8440.0
2010	8455.0
2011	8317.0
2012	8295.0
2013	8269.0
2014	8286.0
2015	8294.0
2016	8341.0
2017	8399.0
2018	8338.0
2019	8351.0
2020	8345.0
2021	8301.0
2022	8290.0
2023	8332.0
2024	8342.0
2025	8342.0
2026	8377.0
2027	8266.0
2028	8272.0
2029	8329.0
2030	8266.0
2031	8274.0
2032	8263.0
2033	8278.0
2034	8417.0
2035	8299.0
2036	8292.0
2037	8319.0
2038	8244.0
2039	8236.0
2040	8303.0
2041	8303.0
2042	8341.0
2043	8392.0
2044	8387.0
2045	8276.0
2046	8323.0
2047	8390.0
2048	8364.0
2049	8469.0
2050	8469.0
2051	8447.0
2052	8413.0
2053	8324.0
2054	8330.0
2055	8199.0
2056	8255.0
2057	8269.0
2058	8341.0
2059	8361.0
2060	8353.0
2061	8319.0
2062	8247.0
2063	8232.0
2064	8314.0
2065	8328.0
2066	8340.0
2067	8360.0
2068	8317.0
2069	8424.0
2070	8449.0
2071	8395.0
2072	8310.0
2073	8277.0
2074	8402.0
2075	8314.0
2076	8263.0
2077	8380.0
2078	8512.0
2079	8494.0
2080	8414.0
2081	8368.0
2082	8348.0
2083	8332.0
2084	8264.0
2085	8358.0
2086	8317.0
2087	8297.0
2088	8252.0
2089	8324.0
2090	8362.0
2091	8306.0
2092	8251.0
2093	8305.0
2094	8326.0
2095	8320.0
2096	8334.0
2097	8353.0
2098	8376.0
2099	8382.0
2100	8336.0
2101	8245.0
2102	8271.0
2103	8369.0
2104	8419.0
2105	8376.0
2106	8441.0
2107	8442.0
2108	8407.0
2109	8334.0
2110	8268.0
2111	8368.0
2112	8467.0
2113	8377.0
2114	8378.0
2115	8466.0
2116	8424.0
2117	8439.0
2118	8464.0
2119	8463.0
2120	8363.0
2121	8318.0
2122	8348.0
2123	8344.0
2124	8345.0
2125	8242.0
2126	8303.0
2127	8263.0
2128	8304.0
2129	8431.0
2130	8476.0
2131	8442.0
2132	8560.0
2133	8548.0
2134	8492.0
2135	8483.0
2136	8521.0
2137	8456.0
2138	8310.0
2139	8300.0
2140	8339.0
2141	8357.0
2142	8351.0
2143	8322.0
2144	8286.0
2145	8343.0
2146	8327.0
2147	8355.0
2148	8395.0
2149	8392.0
2150	8276.0
2151	8166.0
2152	8200.0
2153	8245.0
2154	8229.0
2155	8229.0
2156	8140.0
2157	8224.0
2158	8201.0
2159	8263.0
2160	8262.0
2161	8330.0
2162	8360.0
2163	8367.0
2164	8325.0
2165	8333.0
2166	8320.0
2167	8294.0
2168	8259.0
2169	8375.0
2170	8286.0
2171	8282.0
2172	8207.0
2173	8191.0
2174	8261.0
2175	8236.0
2176	8265.0
2177	8236.0
2178	8368.0
2179	8361.0
2180	8365.0
2181	8418.0
2182	8486.0
2183	8355.0
2184	8363.0
2185	8339.0
2186	8372.0
2187	8349.0
2188	8336.0
2189	8380.0
2190	8348.0
2191	8340.0
2192	8287.0
2193	8271.0
2194	8312.0
2195	8318.0
2196	8378.0
2197	8465.0
2198	8468.0
2199	8426.0
2200	8316.0
2201	8446.0
2202	8382.0
2203	8309.0
2204	8292.0
2205	8412.0
2206	8360.0
2207	8367.0
2208	8347.0
2209	8380.0
2210	8312.0
2211	8337.0
2212	8383.0
2213	8354.0
2214	8334.0
2215	8356.0
2216	8302.0
2217	8194.0
2218	8234.0
2219	8298.0
2220	8305.0
2221	8222.0
2222	8301.0
2223	8357.0
2224	8332.0
2225	8364.0
2226	8490.0
2227	8471.0
2228	8487.0
2229	8447.0
2230	8523.0
2231	8489.0
2232	8418.0
2233	8393.0
2234	8368.0
2235	8414.0
2236	8416.0
2237	8498.0
2238	8410.0
2239	8478.0
2240	8380.0
2241	8348.0
2242	8329.0
2243	8337.0
2244	8397.0
2245	8311.0
2246	8366.0
2247	8395.0
2248	8474.0
2249	8451.0
2250	8448.0
2251	8482.0
2252	8438.0
2253	8443.0
2254	8407.0
2255	8330.0
2256	8327.0
2257	8352.0
2258	8345.0
2259	8326.0
2260	8313.0
2261	8244.0
2262	8269.0
2263	8228.0
2264	8267.0
2265	8355.0
2266	8377.0
2267	8416.0
2268	8372.0
2269	8278.0
2270	8246.0
2271	8222.0
2272	8329.0
2273	8332.0
2274	8359.0
2275	8429.0
2276	8465.0
2277	8490.0
2278	8385.0
2279	8324.0
2280	8312.0
2281	8395.0
2282	8434.0
2283	8356.0
2284	8319.0
2285	8365.0
2286	8346.0
2287	8283.0
2288	8289.0
2289	8153.0
2290	8222.0
2291	8282.0
2292	8353.0
2293	8439.0
2294	8522.0
2295	8441.0
2296	8377.0
2297	8403.0
2298	8405.0
2299	8434.0
2300	8397.0
2301	8530.0
2302	8433.0
2303	8369.0
2304	8285.0
2305	8327.0
2306	8279.0
2307	8298.0
2308	8273.0
2309	8262.0
2310	8289.0
2311	8224.0
2312	8262.0
2313	8277.0
2314	8280.0
2315	8362.0
2316	8428.0
2317	8345.0
2318	8393.0
2319	8436.0
2320	8386.0
2321	8329.0
2322	8340.0
2323	8403.0
2324	8307.0
2325	8307.0
2326	8310.0
2327	8190.0
2328	8257.0
2329	8224.0
2330	8278.0
2331	8270.0
2332	8344.0
2333	8291.0
2334	8250.0
2335	8210.0
2336	8249.0
2337	8303.0
2338	8316.0
2339	8339.0
2340	8362.0
2341	8295.0
2342	8309.0
2343	8294.0
2344	8319.0
2345	8353.0
2346	8316.0
2347	8270.0
2348	8298.0
2349	8250.0
2350	8232.0
2351	8217.0
2352	8190.0
2353	8163.0
2354	8215.0
2355	8205.0
2356	8256.0
2357	8260.0
2358	8291.0
2359	8235.0
2360	8281.0
2361	8417.0
2362	8469.0
2363	8395.0
2364	8402.0
2365	8372.0
2366	8361.0
2367	8344.0
2368	8333.0
2369	8293.0
2370	8239.0
2371	8295.0
2372	8261.0
2373	8327.0
2374	8319.0
2375	8329.0
2376	8350.0
2377	8341.0
2378	8327.0
2379	8320.0
2380	8281.0
2381	8295.0
2382	8371.0
2383	8371.0
2384	8315.0
2385	8269.0
2386	8306.0
2387	8300.0
2388	8428.0
2389	8355.0
2390	8226.0
2391	8208.0
2392	8280.0
2393	8299.0
2394	8373.0
2395	8323.0
2396	8287.0
2397	8325.0
2398	8380.0
2399	8309.0
2400	8329.0
2401	8325.0
2402	8299.0
2403	8308.0
2404	8285.0
2405	8243.0
2406	8227.0
2407	8340.0
2408	8325.0
2409	8368.0
2410	8400.0
2411	8358.0
2412	8284.0
2413	8360.0
2414	8367.0
2415	8385.0
2416	8313.0
2417	8366.0
2418	8302.0
2419	8268.0
2420	8361.0
2421	8339.0
2422	8316.0
2423	8301.0
2424	8366.0
2425	8268.0
2426	8323.0
2427	8378.0
2428	8415.0
2429	8356.0
2430	8394.0
2431	8319.0
2432	8342.0
2433	8355.0
2434	8322.0
2435	8387.0
2436	8385.0
2437	8446.0
2438	8447.0
2439	8377.0
2440	8396.0
2441	8420.0
2442	8418.0
2443	8345.0
2444	8416.0
2445	8482.0
2446	8383.0
2447	8389.0
2448	8448.0
2449	8439.0
2450	8461.0
2451	8437.0
2452	8395.0
2453	8374.0
2454	8449.0
2455	8343.0
2456	8339.0
2457	8291.0
2458	8307.0
2459	8298.0
2460	8393.0
2461	8394.0
2462	8330.0
2463	8331.0
2464	8370.0
2465	8354.0
2466	8243.0
2467	8307.0
2468	8334.0
2469	8296.0
2470	8332.0
2471	8173.0
2472	8312.0
2473	8238.0
2474	8360.0
2475	8427.0
2476	8428.0
2477	8369.0
2478	8323.0
2479	8362.0
2480	8405.0
2481	8332.0
2482	8295.0
2483	8331.0
2484	8157.0
2485	8219.0
2486	8265.0
2487	8270.0
2488	8237.0
2489	8207.0
2490	8342.0
2491	8355.0
2492	8335.0
2493	8365.0
2494	8345.0
2495	8343.0
2496	8292.0
2497	8367.0
2498	8268.0
2499	8348.0
2500	8421.0
2501	8306.0
2502	8314.0
2503	8233.0
2504	8301.0
2505	8356.0
2506	8305.0
2507	8317.0
2508	8315.0
2509	8335.0
2510	8310.0
2511	8317.0
2512	8314.0
2513	8312.0
2514	8290.0
2515	8268.0
2516	8263.0
2517	8234.0
2518	8270.0
2519	8252.0
2520	8288.0
2521	8240.0
2522	8213.0
2523	8251.0
2524	8301.0
2525	8335.0
2526	8379.0
2527	8431.0
2528	8490.0
2529	8489.0
2530	8398.0
2531	8355.0
2532	8383.0
2533	8321.0
2534	8291.0
2535	8240.0
2536	8278.0
2537	8227.0
2538	8219.0
2539	8203.0
2540	8306.0
2541	8349.0
2542	8321.0
2543	8287.0
2544	8225.0
2545	8184.0
2546	8249.0
2547	8396.0
2548	8334.0
2549	8371.0
2550	8351.0
2551	8325.0
2552	8400.0
2553	8409.0
2554	8378.0
2555	8407.0
2556	8333.0
2557	8365.0
2558	8402.0
2559	8408.0
2560	8442.0
2561	8394.0
2562	8385.0
2563	8381.0
2564	8306.0
2565	8292.0
2566	8280.0
2567	8336.0
2568	8303.0
2569	8271.0
2570	8267.0
2571	8344.0
2572	8302.0
2573	8271.0
2574	8271.0
2575	8227.0
2576	8219.0
2577	8312.0
2578	8277.0
2579	8295.0
2580	8367.0
2581	8346.0
2582	8333.0
2583	8363.0
2584	8329.0
2585	8366.0
2586	8348.0
2587	8225.0
2588	8271.0
2589	8275.0
2590	8386.0
2591	8293.0
2592	8291.0
2593	8290.0
2594	8269.0
2595	8276.0
2596	8267.0
2597	8294.0
2598	8344.0
2599	8258.0
2600	8413.0
2601	8369.0
2602	8315.0
2603	8340.0
2604	8258.0
2605	8241.0
2606	8239.0
2607	8201.0
2608	8209.0
2609	8259.0
2610	8279.0
2611	8283.0
2612	8322.0
2613	8212.0
2614	8187.0
2615	8291.0
2616	8302.0
2617	8219.0
2618	8225.0
2619	8308.0
2620	8289.0
2621	8393.0
2622	8453.0
2623	8448.0
2624	8362.0
2625	8375.0
2626	8435.0
2627	8327.0
2628	8338.0
2629	8342.0
2630	8411.0
2631	8408.0
2632	8377.0
2633	8311.0
2634	8231.0
2635	8304.0
2636	8231.0
2637	8283.0
2638	8339.0
2639	8384.0
2640	8360.0
2641	8287.0
2642	8229.0
2643	8234.0
2644	8302.0
2645	8225.0
2646	8179.0
2647	8229.0
2648	8215.0
2649	8132.0
2650	8176.0
2651	8327.0
2652	8342.0
2653	8320.0
2654	8290.0
2655	8242.0
2656	8284.0
2657	8258.0
2658	8289.0
2659	8201.0
2660	8191.0
2661	8208.0
2662	8226.0
2663	8197.0
2664	8130.0
2665	8188.0
2666	8285.0
2667	8244.0
2668	8262.0
2669	8233.0
2670	8375.0
2671	8423.0
2672	8324.0
2673	8334.0
2674	8487.0
2675	8442.0
2676	8421.0
2677	8380.0
2678	8401.0
2679	8295.0
2680	8359.0
2681	8395.0
2682	8312.0
2683	8452.0
2684	8325.0
2685	8417.0
2686	8444.0
2687	8422.0
2688	8401.0
2689	8342.0
2690	8492.0
2691	8398.0
2692	8317.0
2693	8267.0
2694	8234.0
2695	8240.0
2696	8208.0
2697	8181.0
2698	8236.0
2699	8233.0
2700	8247.0
2701	8313.0
2702	8283.0
2703	8335.0
2704	8295.0
2705	8236.0
2706	8232.0
2707	8238.0
2708	8190.0
2709	8217.0
2710	8226.0
2711	8247.0
2712	8337.0
2713	8274.0
2714	8317.0
2715	8308.0
2716	8292.0
2717	8295.0
2718	8396.0
2719	8355.0
2720	8226.0
2721	8248.0
2722	8182.0
2723	8223.0
2724	8282.0
2725	8331.0
2726	8233.0
2727	8278.0
2728	8261.0
2729	8222.0
2730	8230.0
2731	8289.0
2732	8315.0
2733	8369.0
2734	8331.0
2735	8360.0
2736	8303.0
2737	8244.0
2738	8294.0
2739	8358.0
2740	8358.0
2741	8321.0
2742	8387.0
2743	8361.0
2744	8361.0
2745	8316.0
2746	8294.0
2747	8384.0
2748	8262.0
2749	8239.0
2750	8277.0
2751	8278.0
2752	8260.0
2753	8284.0
2754	8289.0
2755	8382.0
2756	8433.0
2757	8382.0
2758	8402.0
2759	8409.0
2760	8344.0
2761	8272.0
2762	8303.0
2763	8288.0
2764	8302.0
2765	8252.0
2766	8400.0
2767	8352.0
2768	8293.0
2769	8307.0
2770	8288.0
2771	8309.0
2772	8295.0
2773	8324.0
2774	8297.0
2775	8297.0
2776	8296.0
2777	8271.0
2778	8278.0
2779	8292.0
2780	8319.0
2781	8277.0
2782	8460.0
2783	8535.0
2784	8426.0
2785	8287.0
2786	8287.0
2787	8418.0
2788	8362.0
2789	8347.0
2790	8350.0
2791	8365.0
2792	8336.0
2793	8377.0
2794	8323.0
2795	8287.0
2796	8326.0
2797	8326.0
2798	8316.0
2799	8365.0
2800	8373.0
2801	8415.0
2802	8458.0
2803	8419.0
2804	8453.0
2805	8459.0
2806	8542.0
2807	8491.0
2808	8493.0
2809	8443.0
2810	8478.0
2811	8507.0
2812	8483.0
2813	8415.0
2814	8394.0
2815	8295.0
2816	8261.0
2817	8333.0
2818	8314.0
2819	8304.0
2820	8274.0
2821	8290.0
2822	8322.0
2823	8422.0
2824	8336.0
2825	8301.0
2826	8305.0
2827	8431.0
2828	8377.0
2829	8371.0
2830	8376.0
2831	8310.0
2832	8259.0
2833	8274.0
2834	8320.0
2835	8307.0
2836	8268.0
2837	8256.0
2838	8252.0
2839	8213.0
2840	8287.0
2841	8350.0
2842	8321.0
2843	8287.0
2844	8286.0
2845	8287.0
2846	8281.0
2847	8252.0
2848	8290.0
2849	8337.0
2850	8296.0
2851	8365.0
2852	8361.0
2853	8349.0
2854	8376.0
2855	8395.0
2856	8411.0
2857	8338.0
2858	8366.0
2859	8355.0
2860	8357.0
2861	8410.0
2862	8411.0
2863	8378.0
2864	8352.0
2865	8270.0
2866	8269.0
2867	8261.0
2868	8303.0
2869	8321.0
2870	8237.0
2871	8254.0
2872	8309.0
2873	8325.0
2874	8312.0
2875	8338.0
2876	8331.0
2877	8311.0
2878	8284.0
2879	8313.0
2880	8266.0
2881	8316.0
2882	8271.0
2883	8379.0
2884	8305.0
2885	8341.0
2886	8331.0
2887	8461.0
2888	8465.0
2889	8385.0
2890	8416.0
2891	8436.0
2892	8397.0
2893	8318.0
2894	8238.0
2895	8263.0
2896	8299.0
2897	8299.0
2898	8233.0
2899	8337.0
2900	8380.0
2901	8307.0
2902	8361.0
2903	8433.0
2904	8424.0
2905	8544.0
2906	8566.0
2907	8579.0
2908	8474.0
2909	8454.0
2910	8378.0
2911	8415.0
2912	8491.0
2913	8376.0
2914	8341.0
2915	8372.0
2916	8336.0
2917	8263.0
2918	8261.0
2919	8248.0
2920	8304.0
2921	8319.0
2922	8322.0
2923	8326.0
2924	8272.0
2925	8259.0
2926	8156.0
2927	8120.0
2928	8173.0
2929	8189.0
2930	8170.0
2931	8244.0
2932	8259.0
2933	8381.0
2934	8431.0
2935	8309.0
2936	8348.0
2937	8333.0
2938	8338.0
2939	8309.0
2940	8408.0
2941	8394.0
2942	8456.0
2943	8383.0
2944	8364.0
2945	8349.0
2946	8324.0
2947	8395.0
2948	8390.0
2949	8363.0
2950	8446.0
2951	8490.0
2952	8444.0
2953	8442.0
2954	8380.0
2955	8310.0
2956	8338.0
2957	8372.0
2958	8294.0
2959	8327.0
2960	8378.0
2961	8321.0
2962	8399.0
2963	8390.0
2964	8295.0
2965	8303.0
2966	8278.0
2967	8340.0
2968	8213.0
2969	8208.0
2970	8115.0
2971	8227.0
2972	8327.0
2973	8194.0
2974	8132.0
2975	8159.0
2976	8250.0
2977	8305.0
2978	8277.0
2979	8349.0
2980	8417.0
2981	8392.0
2982	8346.0
2983	8367.0
2984	8305.0
2985	8441.0
2986	8380.0
2987	8387.0
2988	8379.0
2989	8335.0
2990	8407.0
2991	8382.0
2992	8420.0
2993	8406.0
2994	8403.0
2995	8366.0
2996	8375.0
2997	8262.0
2998	8283.0
2999	8355.0
3000	8345.0
1001	5.261
1002	-10.19
1003	-1.447
1004	2.091
1005	-1.247
1006	-0.06193
1007	-1.199
1008	-0.7311
1009	1.908
1010	0.106
1011	3.373
1012	0.2371
1013	-10.82
1014	0.3654
1015	0.5567
1016	-3.16
1017	0.2887
1018	-1.486
1019	0.2409
1020	-6.71
1021	-2.571
1022	-3.044
1023	0.2267
1024	0.2962
1025	-1.213
1026	0.7575
1027	-3.376
1028	-4.868
1029	-12.78
1030	-4.051
1031	-3.419
1032	2.704
1033	0.2971
1034	-2.805
1035	-5.916
1036	0.008447
1037	-3.168
1038	-0.4202
1039	-1.316
1040	0.07795
1041	-0.7578
1042	0.00124
1043	-0.3769
1044	-1.714
1045	0.004361
1046	-1.702
1047	-1.58
1048	-2.279
1049	1.28
1050	-1.149
1051	-1.148
1052	-0.1468
1053	0.3135
1054	0.08016
1055	-2.589
1056	-2.467
1057	-3.987
1058	-1.4
1059	-3.649
1060	0.3937
1061	-0.9672
1062	-9.046
1063	-4.082
1064	-1.187
1065	-0.09841
1066	-0.03638
1067	-1.315
1068	-0.7943
1069	0.02806
1070	-1.574
1071	-0.4021
1072	-1.291
1073	-1.209
1074	0.4988
1075	-0.2257
1076	0.217
1077	-0.4436
1078	-2.262
1079	-0.04657
1080	-0.1817
1081	0.002537
1082	0.07616
1083	-3.205
1084	0.5767
1085	0.5212
1086	0.7474
1087	-0.09035
1088	0.06233
1089	0.3348
1090	0.3245
1091	-1.1
1092	-2.899
1093	-0.4665
1094	-10.41
1095	-1.477
1096	0.4605
1097	0.2386
1098	-3.038
1099	1.476
1100	0.1184
1101	0.2546
1102	-3.794
1103	-0.6761
1104	-0.1858
1105	-0.04515
1106	-0.008679
1107	-7.34
1108	-2.295
1109	1.042
1110	-3.702
1111	-2.705
1112	2.303
1113	1.006
1114	-3.116
1115	3.848
1116	-3.486
1117	1.671
1118	-2.612
1119	0.1001
1120	-1.796
1121	0.06493
1122	-1.773
1123	0.328
1124	-0.2135
1125	-0.6536
1126	2.927
1127	-1.817
1128	-0.1773
1129	-0.7381
1130	-1.562
1131	-0.03438
1132	-2.136
1133	-6.314
1134	-1.024
1135	0.7199
1136	-0.1828
1137	-0.3032
1138	0.05114
1139	-1.154
1140	-3.406
1141	-4.094
1142	0.1185
1143	-0.466
1144	-1.224
1145	0.01141
1146	-2.669
1147	-0.8227
1148	-4.959
1149	0.6239
1150	0.1389
1151	0.03887
1152	-0.03689
1153	0.6501
1154	-0.1462
1155	-0.2818
1156	-0.9208
1157	-0.775
1158	-1.156
1159	-1.817
1160	-0.3338
1161	0.1941
1162	-0.5193
1163	-3.285
1164	0.2011
1165	-2.112
1166	-3.117
1167	-0.9338
1168	-2.27
1169	-5.354
1170	0.007586
1171	-4.179
1172	0.5286
1173	0.06416
1174	-0.941
1175	-0.3552
1176	-0.727
1177	-5.82
1178	-1.719
1179	0.9878
1180	-0.1691
1181	0.3466
1182	-2.965
1183	0.2198
1184	0.3473
1185	-1.62
1186	-0.001155
1187	-0.03274
1188	-2.653
1189	0.3051
1190	-1.328
1191	0.1586
1192	-3.12
1193	-1.201
1194	1.369
1195	-8.864
1196	-2.36
1197	-0.1168
1198	0.2607
1199	0.05082
1200	-0.3095
1201	-0.09425
1202	-0.4388
1203	-2.813
1204	-0.4789
1205	-0.305
1206	-0.1662
1207	-0.2074
1208	-0.3384
1209	-0.5275
1210	-1.131
1211	0.05404
1212	-0.5875
1213	-0.007946
1214	-2.052
1215	0.1426
1216	0.2451
1217	-2.527
1218	-0.302
1219	0.3218
1220	-0.9898
1221	-0.2115
1222	-0.2101
1223	-1.203
1224	0.1748
1225	0.005656
1226	-2.553
1227	-0.7103
1228	-0.06919
1229	-3.199
1230	0.9187
1231	-0.1206
1232	-4.499
1233	-3.645
1234	2.303
1235	-0.7239
1236	1.382
1237	-4.991
1238	1.335
1239	-1.149
1240	-0.12
1241	-2.459
1242	0.09676
1243	-0.7663
1244	-3.986
1245	-0.7112
1246	2.865
1247	1.006
1248	0.1463
1249	-3.363
1250	-0.3254
1251	0.134
1252	-1.075
1253	-0.06501
1254	0.05443
1255	-3.206
1256	1.288
1257	0.9087
1258	-0.6615
1259	-0.7335
1260	0.8761
1261	-9.726
1262	-0.6704
1263	2.025
1264	-3.177
1265	-5.042
1266	-0.7038
1267	2.503
1268	1.739
1269	-12.83
1270	0.2896
1271	1.959
1272	-10.65
1273	-14.2
1274	-0.1666
1275	0.5566
1276	-3.039
1277	-4.258
1278	-3.269
1279	-2.776
1280	-2.369
1281	-0.9444
1282	1.225
1283	-6.029
1284	-3.432
1285	-2.576
1286	-2.542
1287	5.323
1288	5.067
1289	-8.963
1290	5.252
1291	4.468
1292	-3.596
1293	0.9625
1294	0.6482
1295	-0.1659
1296	-0.1658
1297	-1.467
1298	-0.02178
1299	-1.575
1300	-0.05263
1301	-1.229
1302	-0.002344
1303	0.1184
1304	-5.116
1305	-0.7992
1306	0.2342
1307	-1.264
1308	0.05928
1309	-0.3182
1310	-0.02552
1311	-0.2429
1312	-1.046
1313	0.08976
1314	-3.986
1315	0.1591
1316	-1.236
1317	-2.551
1318	-0.6008
1319	0.3247
1320	-2.617
1321	-0.8369
1322	1.37
1323	-5.067
1324	-1.54
1325	-0.307
1326	0.01187
1327	0.7081
1328	0.4772
1329	-10.53
1330	0.4537
1331	-0.8319
1332	-0.394
1333	0.3369
1334	-2.817
1335	0.07343
1336	0.1816
1337	-0.05329
1338	0.5211
1339	-4.376
1340	-3.785
1341	0.3596
1342	-0.07835
1343	0.5386
1344	0.6171
1345	-2.281
1346	-0.8773
1347	-5.249
1348	-1.565
1349	-1.306
1350	1.579
1351	-3.996
1352	0.7607
1353	-8.453
1354	1.624
1355	1.194
1356	-7.42
1357	0.1852
1358	0.8501
1359	-0.3542
1360	0.9578
1361	-1.413
1362	-1.496
1363	-0.306
1364	-1.354
1365	0.01122
1366	0.2461
1367	0.06932
1368	-0.1896
1369	-0.1321
1370	-4.24
1371	-0.1013
1372	-2.959
1373	-0.09209
1374	-0.08823
1375	0.06808
1376	0.1124
1377	-0.5236
1378	0.5362
1379	0.4172
1380	-0.2063
1381	-0.353
1382	0.2407
1383	-3.697
1384	-2.286
1385	-2.55
1386	-0.141
1387	-1.182
1388	-1.068
1389	-1.127
1390	0.8597
1391	0.4794
1392	0.06509
1393	-2.947
1394	0.2868
1395	-7.427
1396	0.5894
1397	-0.3967
1398	0.5073
1399	0.2699
1400	1.042
1401	-2.848
1402	0.3681
1403	0.08967
1404	1.566
1405	-3.486
1406	-0.1947
1407	-8.385
1408	-6.768
1409	-0.6314
1410	2.146
1411	1.906
1412	-3.019
1413	-7.828
1414	2.913
1415	-0.7962
1416	5.009
1417	3.382
1418	0.2664
1419	-4.862
1420	-4.274
1421	-0.7324
1422	0.2155
1423	-0.9313
1424	0.1516
1425	-1.202
1426	0.7999
1427	-0.8483
1428	-19.99
1429	4.638
1430	-1.303
1431	1.458
1432	0.6774
1433	-0.8042
1434	-0.1216
1435	-0.7911
1436	-5.402
1437	-0.5492
1438	0.104
1439	-1.739
1440	-0.3
1441	-1.443
1442	0.9863
1443	-5.847
1444	-0.2399
1445	-0.1941
1446	0.2985
1447	0.823
1448	-10.68
1449	-4.201
1450	-1.691
1451	0.05476
1452	-0.752
1453	-2.255
1454	2.562
1455	-4.154
1456	-8.118
1457	-6.691
1458	2.662
1459	3.794
1460	-14.36
1461	-9.455
1462	1.748
1463	3.933
1464	-0.1797
1465	0.2218
1466	-0.05211
1467	-3.215
1468	-0.9519
1469	-3.96
1470	2.289
1471	-0.4173
1472	1.058
1473	2.876
1474	0.5514
1475	-1.486
1476	-2.187
1477	-6.229
1478	-0.5579
1479	-0.6741
1480	-1.372
1481	-0.3144
1482	-0.1272
1483	-0.03212
1484	-0.5714
1485	-1.423
1486	-0.8562
1487	-1.469
1488	-0.5631
1489	-0.08151
1490	0.5097
1491	-0.2364
1492	1.461
1493	-5.836
1494	0.4799
1495	-0.02695
1496	-1.94
1497	-7.413
1498	-2.008
1499	-4.509
1500	2.078
1501	0.3794
1502	0.3494
1503	-1.556
1504	4.716
1505	-1.52
1506	-0.4438
1507	-5.643
1508	0.1858
1509	0.3728
1510	-0.001882
1511	-0.153
1512	-0.3668
1513	-0.02032
1514	0.002035
1515	-0.03946
1516	0.303
1517	-0.4148
1518	-0.04934
1519	-1.298
1520	0.7522
1521	-0.3789
1522	0.211
1523	-0.2422
1524	-0.3263
1525	-1.997
1526	0.2662
1527	-0.03398
1528	-0.7475
1529	0.5849
1530	-1.626
1531	-0.1784
1532	-0.2185
1533	-0.6235
1534	-0.008228
1535	0.5584
1536	0.03585
1537	1.375
1538	-3.071
1539	-7.467
1540	-3.696
1541	1.376
1542	-1.775
1543	-4.147
1544	0.6937
1545	-3.447
1546	5.221
1547	-2.193
1548	0.8424
1549	-1.405
1550	-3.48
1551	1.679
1552	0.4948
1553	0.8935
1554	-1.076
1555	0.2421
1556	-2.414
1557	-0.3968
1558	0.02333
1559	0.4512
1560	-5.564
1561	-0.389
1562	-1.827
1563	-0.7822
1564	-0.6654
1565	-3.156
1566	-1.18
1567	-0.7749
1568	-0.393
1569	-2.11
1570	-1.698
1571	-1.792
1572	0.2553
1573	0.1008
1574	-4.249
1575	0.7688
1576	-8.073
1577	-0.03062
1578	-1.106
1579	-0.7974
1580	0.6602
1581	0.09088
1582	-1.107
1583	1.054
1584	-6.844E-4
1585	-0.6023
1586	-0.2017
1587	0.8972
1588	0.7024
1589	-0.6489
1590	0.06331
1591	0.2998
1592	-0.7758
1593	0.3977
1594	-1.876
1595	-0.002857
1596	0.319
1597	-0.4329
1598	-0.4096
1599	1.38
1600	-12.42
1601	-1.472
1602	2.346
1603	-0.2517
1604	-2.163
1605	-0.04264
1606	0.7977
1607	-0.01979
1608	0.00111
1609	-0.07079
1610	0.3581
1611	-0.4068
1612	-2.449
1613	-3.617
1614	0.1626
1615	-1.85
1616	-0.31
1617	0.06966
1618	-0.223
1619	-0.268
1620	-1.607
1621	-0.006828
1622	-0.09338
1623	-5.312
1624	0.8367
1625	-2.934
1626	-3.617
1627	-1.099
1628	-1.406
1629	0.8316
1630	-3.93
1631	1.844
1632	-3.726
1633	0.2303
1634	-1.604
1635	-3.864
1636	1.927
1637	-1.62
1638	1.531
1639	-4.921
1640	-3.712
1641	2.341
1642	-0.0111
1643	-0.2091
1644	-1.044
1645	1.023
1646	-3.281
1647	1.035
1648	-0.08094
1649	0.3449
1650	-3.892
1651	0.08086
1652	0.0566
1653	0.06728
1654	0.179
1655	0.3512
1656	-0.4048
1657	0.4495
1658	0.04486
1659	-0.06512
1660	0.1608
1661	-0.1264
1662	0.28
1663	0.08366
1664	-3.406
1665	0.7912
1666	-0.139
1667	0.5613
1668	-0.1606
1669	-0.01994
1670	-1.096
1671	-0.1828
1672	-1.779
1673	0.2404
1674	-5.184
1675	-2.039
1676	-2.797
1677	-1.142
1678	-0.5368
1679	-0.4068
1680	-0.2507
1681	0.6124
1682	-0.02383
1683	0.6439
1684	-0.9647
1685	-1.222
1686	0.06241
1687	0.03182
1688	0.7359
1689	1.054
1690	-0.2429
1691	0.1279
1692	0.06713
1693	1.175
1694	-0.2964
1695	-0.6527
1696	-1.384
1697	-0.5703
1698	0.4844
1699	1.065
1700	-0.5914
1701	-0.9689
1702	0.9442
1703	0.3268
1704	1.151
1705	-0.567
1706	-0.1251
1707	1.926
1708	-2.427
1709	2.674
1710	-5.497
1711	-2.626
1712	-12.01
1713	-1.14
1714	-0.2694
1715	-4.409
1716	0.7212
1717	1.104
1718	-0.4233
1719	-2.049
1720	-4.427
1721	-0.05954
1722	-4.262
1723	-0.0693
1724	-0.4647
1725	-2.917
1726	-5.713
1727	-0.454
1728	2.015
1729	-0.3257
1730	-6.052
1731	-6.356
1732	-3.743
1733	-6.662
1734	-2.6
1735	1.057
1736	2.284
1737	-5.201
1738	0.4803
1739	0.362
1740	1.61
1741	-0.7897
1742	0.03733
1743	-1.018
1744	0.2549
1745	-5.589
1746	-1.555
1747	-0.5069
1748	-1.384
1749	-0.1115
1750	0.3074
1751	-0.6687
1752	-1.947
1753	-2.747
1754	-0.03514
1755	0.005802
1756	1.994
1757	-0.07233
1758	-0.2879
1759	0.2379
1760	-0.4239
1761	-0.03406
1762	0.9053
1763	-1.725
1764	-0.4496
1765	1.235
1766	-0.8746
1767	-0.2993
1768	-2.947
1769	-7.312
1770	0.9138
1771	-0.9355
1772	-0.2735
1773	-0.8306
1774	-4.255
1775	-0.06597
1776	-2.164
1777	-0.4626
1778	-3.603
1779	0.1874
1780	-0.616
1781	0.1731
1782	0.03655
1783	-0.685
1784	-1.101
1785	-0.05856
1786	-0.5633
1787	-1.965
1788	-2.289
1789	-0.6332
1790	0.1665
1791	1.236
1792	-1.656
1793	3.591
1794	-9.422
1795	-2.58
1796	-0.3364
1797	-5.535
1798	4.208
1799	0.1913
1800	-0.1838
1801	-0.7257
1802	-0.2169
1803	-1.085
1804	0.2527
1805	-0.514
1806	-0.6151
1807	-0.6814
1808	-0.4051
1809	0.444
1810	-0.6588
1811	-0.4883
1812	0.02938
1813	-5.834
1814	-3.564
1815	-3.113
1816	0.3767
1817	0.4262
1818	1.123
1819	0.8874
1820	-1.461
1821	-1.649
1822	0.3293
1823	-1.039
1824	-1.001
1825	-0.1099
1826	-0.3019
1827	-1.357
1828	0.2515
1829	0.1504
1830	-1.272
1831	-0.3571
1832	-0.1008
1833	-0.3356
1834	-3.073
1835	-3.454
1836	0.7124
1837	0.3019
1838	0.8508
1839	-2.064
1840	-4.359
1841	-0.7785
1842	-6.962
1843	-0.6877
1844	-0.03741
1845	1.766
1846	0.4586
1847	0.7212
1848	0.2856
1849	-0.4891
1850	-0.4045
1851	-0.3896
1852	0.1058
1853	-3.723
1854	0.4169
1855	1.59
1856	0.4148
1857	-0.7294
1858	-8.763
1859	-1.378
1860	-4.664
1861	-3.151
1862	-0.1927
1863	-1.259
1864	0.2533
1865	-2.321
1866	0.715
1867	-0.1501
1868	-1.005
1869	-0.3599
1870	1.267
1871	-4.324
1872	-0.3132
1873	-7.043
1874	0.0692
1875	2.973
1876	2.394
1877	-5.085
1878	-7.446
1879	0.5164
1880	-0.8916
1881	-4.801
1882	-5.726
1883	-4.192
1884	-0.3306
1885	1.167
1886	1.134
1887	-9.309
1888	0.9978
1889	-2.188
1890	-3.387
1891	0.06267
1892	-0.1394
1893	0.3302
1894	0.1813
1895	-0.2017
1896	0.268
1897	-2.034
1898	-5.605
1899	3.499
1900	1.483
1901	-0.9923
1902	-1.308
1903	0.1291
1904	-1.543
1905	0.4156
1906	-0.7324
1907	-0.2347
1908	0.06629
1909	-0.4168
1910	0.3529
1911	-0.01828
1912	-2.969
1913	-1.869
1914	-0.133
1915	-2.689
1916	-3.604
1917	0.04771
1918	-0.2643
1919	0.2443
1920	-0.1723
1921	0.02634
1922	-0.03199
1923	-0.6244
1924	0.5393
1925	0.7646
1926	-5.47
1927	0.916
1928	-4.236
1929	1.939
1930	-1.485
1931	-4.816
1932	-6.19
1933	-3.046
1934	-7.458
1935	-9.039
1936	0.8439
1937	0.1473
1938	-2.057
1939	-2.721
1940	-9.249
1941	-1.144
1942	-0.09755
1943	0.02809
1944	0.1394
1945	-1.037
1946	-0.1386
1947	0.6048
1948	0.6539
1949	-0.2749
1950	-0.6619
1951	-3.307
1952	-0.5009
1953	-0.4088
1954	0.04736
1955	-0.4023
1956	-1.641
1957	-0.0116
1958	-1.776
1959	-2.546
1960	-3.516
1961	0.05268
1962	-0.7343
1963	-4.404
1964	-0.711
1965	-0.2611
1966	-0.07456
1967	0.9855
1968	0.001566
1969	0.01883
1970	0.1917
1971	-0.03593
1972	-0.9435
1973	0.3127
1974	-0.577
1975	0.03948
1976	-0.2332
1977	0.7989
1978	0.1019
1979	-0.9445
1980	-1.597
1981	-0.123
1982	0.259
1983	-2.054
1984	-3.645
1985	0.1147
1986	1.774
1987	-3.125
1988	-0.9394
1989	-0.1831
1990	-2.07
1991	-3.716
1992	0.1929
1993	-1.062
1994	0.6402
1995	1.013
1996	0.2692
1997	-3.59
1998	0.09836
1999	-0.01406
2000	0.007894
2001	-0.6297
2002	0.6057
2003	-8.098
2004	-0.5032
2005	-0.3193
2006	-0.8642
2007	-7.62
2008	-2.358
2009	0.7843
2010	-0.01687
2011	-0.1873
2012	-1.429
2013	-2.904
2014	-1.927
2015	-0.00698
2016	-1.138
2017	-0.06347
2018	-0.05255
2019	0.09079
2020	0.291
2021	-0.2988
2022	-3.495
2023	-1.429
2024	0.09071
2025	-11.49
2026	-0.4063
2027	-1.189
2028	-0.393
2029	0.4193
2030	8.234E-4
2031	-0.4984
2032	-0.8784
2033	0.6205
2034	-0.8876
2035	-1.447
2036	0.4025
2037	1.554
2038	-1.062
2039	-2.442
2040	-0.9652
2041	0.1178
2042	-0.9928
2043	0.2603
2044	-0.5169
2045	-0.2405
2046	0.04624
2047	-0.3834
2048	0.06174
2049	-0.8499
2050	-0.689
2051	0.4704
2052	-1.202
2053	2.201
2054	0.05005
2055	-0.4395
2056	0.05912
2057	-0.5468
2058	-3.697
2059	-0.02644
2060	-3.656
2061	-0.3892
2062	-1.877
2063	-0.01961
2064	-0.6289
2065	0.01686
2066	0.1678
2067	-6.462
2068	1.989
2069	-12.48
2070	-2.142
2071	-3.272
2072	-3.638
2073	-1.207
2074	-5.45
2075	-3.017
2076	3.575
2077	2.534
2078	-4.138
2079	-3.714
2080	6.004
2081	5.604
2082	1.738
2083	-21.17
2084	0.4841
2085	-2.064
2086	1.119
2087	-5.696
2088	4.815
2089	2.069
2090	-0.9658
2091	-0.3884
2092	-0.3646
2093	-3.699
2094	-0.1828
2095	-0.001225
2096	-1.915
2097	0.3466
2098	0.08136
2099	-5.763
2100	0.05109
2101	0.1665
2102	-0.6528
2103	0.2588
2104	-5.412
2105	-0.401
2106	-1.279
2107	-0.168
2108	1.936
2109	-6.183
2110	0.2653
2111	-1.668
2112	0.5852
2113	-0.7321
2114	-0.3592
2115	-0.04711
2116	0.04301
2117	-1.33
2118	0.9754
2119	1.364
2120	-0.09613
2121	-0.2746
2122	-2.033
2123	-0.09859
2124	0.5181
2125	2.576
2126	0.4666
2127	0.7305
2128	-6.726
2129	-2.216
2130	-1.83
2131	0.204
2132	-4.201
2133	0.1144
2134	-0.892
2135	-1.082
2136	-0.153
2137	0.1432
2138	-0.858
2139	-0.6061
2140	-1.539
2141	-0.5948
2142	0.4641
2143	0.3646
2144	1.165
2145	-0.4873
2146	1.589
2147	0.6161
2148	-2.449
2149	0.8797
2150	-3.456
2151	0.5845
2152	-1.824
2153	-1.02
2154	0.01044
2155	-0.5627
2156	-0.09764
2157	-2.523
2158	-1.091
2159	0.05184
2160	-4.372
2161	-0.5022
2162	1.037
2163	-3.117
2164	1.995
2165	-3.77
2166	-5.084
2167	-0.7257
2168	-0.4051
2169	-3.518
2170	-2.164
2171	-4.696
2172	0.1615
2173	-3.217
2174	1.488
2175	-2.278
2176	0.02172
2177	0.00547
2178	0.3164
2179	-0.5194
2180	-0.08065
2181	-0.6484
2182	-0.4168
2183	-1.299
2184	-0.1197
2185	-0.5545
2186	-1.968
2187	-2.627
2188	2.402
2189	-6.419
2190	-0.1839
2191	1.512
2192	-1.81
2193	-1.102
2194	0.7408
2195	-0.2674
2196	-0.7204
2197	-0.5238
2198	-1.344
2199	0.5335
2200	-4.826
2201	-0.7591
2202	-4.264
2203	-3.056
2204	-8.392
2205	-3.948
2206	-4.849
2207	1.346
2208	-2.256
2209	-1.666
2210	-0.005959
2211	0.3242
2212	-4.05
2213	0.2217
2214	-0.6847
2215	-2.832
2216	0.4766
2217	-1.683
2218	-0.1445
2219	-2.473
2220	0.3119
2221	-0.8579
2222	-1.948
2223	-0.0977
2224	0.09497
2225	-0.08118
2226	-1.35
2227	-0.1282
2228	5.312
2229	0.01657
2230	0.4177
2231	0.1671
2232	-0.2754
2233	-0.4488
2234	-1.664
2235	-3.597
2236	-2.159
2237	0.1823
2238	-1.35
2239	-8.543
2240	-2.473
2241	-4.558
2242	0.3108
2243	0.139
2244	-0.665
2245	0.3063
2246	0.4606
2247	-0.3487
2248	-0.2999
2249	0.02424
2250	-0.2892
2251	-1.175
2252	0.9184
2253	-6.314
2254	0.7195
2255	-0.6919
2256	-3.806
2257	-7.379
2258	0.01104
2259	-0.1232
2260	0.03762
2261	-0.648
2262	-0.2774
2263	-0.878
2264	-0.3271
2265	0.3814
2266	-0.546
2267	-2.467
2268	-4.861
2269	1.57
2270	-4.328
2271	-3.53
2272	-3.637
2273	-0.2238
2274	-0.004359
2275	-0.2159
2276	-0.1275
2277	-1.398
2278	-0.1727
2279	-0.5082
2280	0.5806
2281	1.468
2282	-0.1957
2283	-2.978
2284	-0.2596
2285	0.2031
2286	0.07091
2287	0.03562
2288	-0.3611
2289	-1.493
2290	0.6346
2291	-1.218
2292	-1.974
2293	-5.219
2294	-4.974
2295	-0.3104
2296	0.2103
2297	-1.09
2298	1.84
2299	1.364
2300	-0.4205
2301	0.6404
2302	-0.4
2303	0.1068
2304	0.06462
2305	-1.202
2306	0.1094
2307	-0.05841
2308	-0.6973
2309	0.5598
2310	-1.8
2311	-0.9182
2312	-3.458
2313	1.181
2314	-2.112
2315	-6.413
2316	-4.57
2317	-0.3963
2318	-0.6877
2319	0.2113
2320	1.631
2321	0.1999
2322	-1.443
2323	-0.5958
2324	-1.835
2325	-0.07444
2326	-0.5552
2327	-4.54
2328	-0.04205
2329	-1.244
2330	0.03381
2331	-2.18
2332	-0.4709
2333	0.1389
2334	-0.1643
2335	0.09378
2336	0.1309
2337	0.05386
2338	-0.7332
2339	0.3298
2340	0.6639
2341	-2.721
2342	-0.08172
2343	-0.5309
2344	-0.697
2345	-2.444
2346	-1.968
2347	-2.775
2348	0.02993
2349	-0.5023
2350	0.2745
2351	-0.1553
2352	-1.44
2353	-2.224
2354	0.1012
2355	-1.058
2356	-3.437E-4
2357	0.1982
2358	2.07
2359	-0.3239
2360	-1.203
2361	0.5125
2362	0.2292
2363	-6.292
2364	-8.256
2365	-0.6801
2366	-6.487
2367	-1.736
2368	-0.07499
2369	-0.01754
2370	-0.8067
2371	-1.348
2372	-2.264
2373	-3.473
2374	-1.099
2375	-7.191
2376	0.1749
2377	-0.1818
2378	-0.679
2379	0.8087
2380	-8.262
2381	-0.1598
2382	-1.623
2383	2.095
2384	-0.3741
2385	-3.011
2386	-2.269
2387	-5.779
2388	0.6618
2389	-1.846
2390	-0.2604
2391	-0.4153
2392	0.01305
2393	-0.5976
2394	-0.4543
2395	-0.1976
2396	-1.876
2397	-6.108
2398	-0.2943
2399	0.1281
2400	0.2084
2401	-0.2758
2402	0.1109
2403	-4.779
2404	-0.5799
2405	0.3614
2406	-0.2085
2407	-0.2211
2408	-0.75
2409	-0.3764
2410	0.4021
2411	-1.38
2412	-0.3621
2413	-0.1793
2414	-1.668
2415	2.154
2416	-11.6
2417	-13.95
2418	0.7751
2419	0.5113
2420	0.03002
2421	-0.1932
2422	-1.273
2423	-1.546
2424	-1.417
2425	-4.909
2426	-0.2776
2427	-3.158
2428	-0.6611
2429	-0.1092
2430	-2.651
2431	-1.245
2432	0.9925
2433	0.9847
2434	-0.5561
2435	0.8239
2436	0.04473
2437	-1.697
2438	-0.532
2439	-0.2547
2440	0.5201
2441	-3.717
2442	-1.664
2443	-0.2116
2444	0.07021
2445	0.1399
2446	0.4913
2447	0.1278
2448	0.6304
2449	-0.988
2450	-15.25
2451	-5.354
2452	-3.415
2453	-0.1925
2454	-0.3871
2455	-1.006
2456	0.3136
2457	-0.6831
2458	-1.338
2459	-0.4139
2460	-2.271
2461	-0.2941
2462	-0.2213
2463	-0.4395
2464	-1.092
2465	0.6692
2466	-3.957
2467	0.07708
2468	0.3052
2469	-0.02844
2470	-0.6286
2471	-0.9619
2472	1.23
2473	-1.767
2474	-0.1609
2475	-0.7273
2476	0.05193
2477	0.05704
2478	0.1423
2479	-1.622
2480	-2.295
2481	1.049
2482	0.6578
2483	-11.71
2484	-6.223
2485	-0.6196
2486	-5.447
2487	-1.768
2488	-0.1063
2489	0.4127
2490	-0.6809
2491	-0.5181
2492	-0.3798
2493	-0.868
2494	-0.5776
2495	1.55
2496	-0.5315
2497	-0.1603
2498	-1.329
2499	-0.9532
2500	0.2154
2501	0.5093
2502	1.176
2503	0.4264
2504	-2.574
2505	-0.529
2506	0.4557
2507	0.6663
2508	0.08195
2509	-0.283
2510	-0.3808
2511	0.4168
2512	-0.04647
2513	0.1609
2514	-1.393
2515	-0.0192
2516	-0.4223
2517	-0.2261
2518	-3.423
2519	-0.5958
2520	-0.02253
2521	-5.226
2522	-0.4575
2523	1.764
2524	0.7641
2525	0.6646
2526	0.6728
2527	0.1721
2528	0.8278
2529	0.05852
2530	0.002575
2531	-1.169
2532	0.1429
2533	-3.081
2534	-3.832
2535	-0.2214
2536	0.4267
2537	-0.1224
2538	-0.1108
2539	-0.8463
2540	1.074
2541	-0.3303
2542	-0.2916
2543	-4.225
2544	0.6163
2545	0.1633
2546	-1.578
2547	0.2614
2548	-0.007098
2549	0.01738
2550	-1.33
2551	0.0517
2552	0.01046
2553	-0.5279
2554	0.2572
2555	0.8748
2556	-7.754
2557	-6.392
2558	-4.074
2559	0.9352
2560	-3.499
2561	-0.1794
2562	-13.28
2563	2.77
2564	-0.6013
2565	-3.172
2566	1.895
2567	0.9393
2568	-0.02753
2569	-5.254
2570	0.07931
2571	0.08674
2572	-0.02121
2573	-0.3515
2574	-0.585
2575	-0.5771
2576	-0.5462
2577	0.3485
2578	-0.9568
2579	1.053
2580	-9.041
2581	5.304
2582	-2.65
2583	0.4124
2584	1.896
2585	-1.546
2586	1.392
2587	-0.3537
2588	0.8797
2589	-0.519
2590	-2.943
2591	-2.148
2592	-2.557
2593	-1.03
2594	-0.04562
2595	-0.9559
2596	-1.91
2597	-2.925
2598	0.2143
2599	0.3032
2600	-3.563
2601	0.6182
2602	-0.6773
2603	0.06142
2604	-3.356
2605	-0.9373
2606	0.1307
2607	0.1243
2608	0.09169
2609	-1.017
2610	-1.687
2611	-0.7021
2612	-0.2007
2613	-0.3533
2614	0.02951
2615	-0.4966
2616	4.542E-4
2617	-1.613
2618	-1.1
2619	0.4184
2620	-3.08
2621	-0.3819
2622	0.09573
2623	-3.988
2624	0.4766
2625	-0.5272
2626	-0.1789
2627	0.04777
2628	-0.6319
2629	-4.342
2630	-0.2826
2631	0.4526
2632	-1.325
2633	-1.95
2634	-1.038
2635	-0.04394
2636	-0.00723
2637	0.1427
2638	-2.764
2639	0.5874
2640	0.001225
2641	-0.1043
2642	0.1393
2643	0.2189
2644	-2.235
2645	-6.902
2646	-0.02747
2647	-4.562
2648	0.2072
2649	0.6335
2650	-2.964
2651	0.1781
2652	0.5473
2653	-0.5267
2654	-6.295
2655	1.716
2656	-4.818
2657	-5.946
2658	-0.4588
2659	0.3814
2660	0.5225
2661	-1.033
2662	-0.08937
2663	-1.04
2664	-0.09338
2665	-1.394
2666	-0.5347
2667	0.04056
2668	-0.1332
2669	0.01489
2670	0.1545
2671	-2.126
2672	-1.53
2673	0.008725
2674	-0.05353
2675	0.9912
2676	-0.7057
2677	-0.76
2678	-0.3454
2679	0.2225
2680	1.386
2681	0.08455
2682	-2.229
2683	0.07429
2684	1.051
2685	-0.03723
2686	0.01997
2687	-0.2451
2688	-0.06916
2689	-0.203
2690	-1.162
2691	-5.794
2692	0.02937
2693	-1.05
2694	-0.07258
2695	-1.795
2696	-1.272
2697	-0.4179
2698	-0.001858
2699	0.02033
2700	-3.616
2701	0.04008
2702	-0.07391
2703	1.516E-4
2704	-0.01335
2705	1.003
2706	-0.9709
2707	0.27
2708	0.005564
2709	-2.538
2710	-1.162
2711	-3.186
2712	-0.4783
2713	-0.4106
2714	-0.6014
2715	-0.09754
2716	-0.1577
2717	-0.213
2718	-2.747
2719	-1.546
2720	-1.993
2721	-2.924
2722	-1.564
2723	0.2761
2724	-3.645
2725	0.2537
2726	-1.945
2727	0.6578
2728	0.3964
2729	-1.822
2730	-0.6519
2731	-2.958
2732	-0.1001
2733	0.1889
2734	-0.336
2735	-0.4686
2736	0.03042
2737	-0.1801
2738	-0.3051
2739	-0.2819
2740	0.02576
2741	-0.05929
2742	-2.332
2743	0.1153
2744	-0.5005
2745	-1.328
2746	0.02932
2747	0.5373
2748	-0.4692
2749	-0.07309
2750	-3.687
2751	0.03817
2752	0.1304
2753	-6.115E-4
2754	-1.817
2755	-3.795
2756	-0.2898
2757	-15.31
2758	-1.748
2759	0.4268
2760	-4.228
2761	-1.727
2762	-0.5533
2763	0.07537
2764	-0.1055
2765	-1.909
2766	-3.419
2767	-7.76
2768	-2.75
2769	-0.3626
2770	4.509
2771	-2.653
2772	-2.242
2773	-1.401
2774	-3.123
2775	-3.056
2776	-0.8774
2777	3.525
2778	2.888
2779	-1.973
2780	-6.887
2781	-5.648
2782	-5.713
2783	3.213
2784	0.03739
2785	-2.29
2786	0.9315
2787	1.957
2788	2.47
2789	1.748
2790	-6.435
2791	-9.428
2792	2.181
2793	4.571
2794	-3.552
2795	-1.467
2796	4.361
2797	-1.939
2798	-1.813
2799	-3.173
2800	3.639
2801	1.207
2802	-5.439
2803	3.006E-7
2804	0.2654
2805	0.8166
2806	-0.01531
2807	-3.564
2808	0.6977
2809	-3.456
2810	-0.3305
2811	0.7525
2812	-3.653
2813	6.236
2814	3.211
2815	2.218
2816	2.376
2817	-3.871
2818	0.4771
2819	-9.748
2820	0.8528
2821	-2.946
2822	-0.7112
2823	-4.063
2824	-4.188
2825	-0.3248
2826	-3.18
2827	0.1043
2828	0.08008
2829	-2.674
2830	-2.242
2831	-1.944
2832	-2.824
2833	-2.378
2834	0.01729
2835	-0.6296
2836	-0.4162
2837	-0.7204
2838	-3.402
2839	-2.345
2840	-1.362
2841	0.01194
2842	1.274
2843	1.182
2844	-2.57
2845	-2.817
2846	-5.606
2847	0.01564
2848	1.204
2849	0.4908
2850	-7.106
2851	-0.01481
2852	-3.483
2853	-1.431
2854	0.7216
2855	-0.1012
2856	-0.5317
2857	-1.279
2858	0.7343
2859	-4.768
2860	-0.4808
2861	-0.2027
2862	1.367
2863	-8.524
2864	-2.807
2865	-1.604
2866	1.795
2867	-1.074
2868	-0.09017
2869	-0.9137
2870	-2.224
2871	-0.5097
2872	0.3279
2873	-2.179
2874	-0.4833
2875	-3.829
2876	-0.2128
2877	-0.07545
2878	-1.171
2879	-0.01325
2880	-0.3679
2881	1.684
2882	-1.577
2883	-0.7735
2884	-0.2611
2885	0.2813
2886	-0.09102
2887	-0.1226
2888	-1.125
2889	1.434
2890	-0.1329
2891	0.8237
2892	-2.311
2893	-4.599
2894	-0.3283
2895	0.001035
2896	0.05148
2897	1.708
2898	-0.1271
2899	-0.3141
2900	0.9019
2901	1.244
2902	-0.5753
2903	-0.1516
2904	-2.13
2905	-0.3388
2906	4.369
2907	-1.561
2908	-8.489
2909	-1.15
2910	-10.08
2911	3.481
2912	-0.03096
2913	-1.057
2914	-6.045
2915	-4.622
2916	1.262
2917	2.425
2918	-2.041
2919	-4.171
2920	-0.3283
2921	1.191
2922	-0.9609
2923	-2.965
2924	-7.369
2925	-0.9868
2926	-2.456
2927	-0.1102
2928	-0.07841
2929	-7.715
2930	0.7502
2931	-0.2777
2932	0.07215
2933	-4.583
2934	1.374
2935	-2.113
2936	-5.413
2937	1.039
2938	-0.5428
2939	-0.2344
2940	0.64
2941	0.3277
2942	-0.7542
2943	-3.042
2944	0.009576
2945	0.07147
2946	-0.07685
2947	-1.745
2948	-0.02625
2949	-3.253
2950	-0.6889
2951	-1.066
2952	-1.03
2953	0.1624
2954	-2.215
2955	-4.529
2956	0.3856
2957	-3.366
2958	-0.5738
2959	-1.703
2960	-0.3358
2961	0.004116
2962	0.2786
2963	-0.5331
2964	-0.1898
2965	-0.3103
2966	-0.6449
2967	-0.03239
2968	-1.465
2969	-4.96
2970	-1.205
2971	-2.695
2972	-0.1922
2973	0.3731
2974	-3.238
2975	-0.8497
2976	-0.7476
2977	0.1818
2978	-0.564
2979	-0.07625
2980	0.05232
2981	0.2314
2982	-0.09407
2983	-0.09042
2984	-1.06
2985	-0.2676
2986	-4.981
2987	0.8194
2988	-1.537
2989	-0.6065
2990	-0.8625
2991	-2.21
2992	-0.1884
2993	-0.3692
2994	-0.2567
2995	-0.8979
2996	-1.719
2997	0.7794
2998	-1.463
2999	-0.2614
3000	0.3694
