deviance	1	2500
gam1[1]	2501	5000
gam1[2]	5001	7500
gam1[3]	7501	10000
gam2[1]	10001	12500
gam2[2]	12501	15000
gam2[3]	15001	17500
lam1[1]	17501	20000
lam1[2]	20001	22500
lam1[3]	22501	25000
lam1[4]	25001	27500
lam1[5]	27501	30000
lam1[6]	30001	32500
lam1[7]	32501	35000
lam1[8]	35001	37500
lam1[9]	37501	40000
lam1[10]	40001	42500
lam1[11]	42501	45000
lam1[12]	45001	47500
lam1[13]	47501	50000
lam2[1]	50001	52500
lam2[2]	52501	55000
lam2[3]	55001	57500
lam2[4]	57501	60000
lam2[5]	60001	62500
lam2[6]	62501	65000
lam2[7]	65001	67500
lam2[8]	67501	70000
lam2[9]	70001	72500
lam2[10]	72501	75000
lam2[11]	75001	77500
lam2[12]	77501	80000
lam2[13]	80001	82500
mu.y1[1]	82501	85000
mu.y1[2]	85001	87500
mu.y1[3]	87501	90000
mu.y1[4]	90001	92500
mu.y1[5]	92501	95000
mu.y1[6]	95001	97500
mu.y1[7]	97501	100000
mu.y1[8]	100001	102500
mu.y1[9]	102501	105000
mu.y1[10]	105001	107500
mu.y1[11]	107501	110000
mu.y1[12]	110001	112500
mu.y1[13]	112501	115000
mu.y1[14]	115001	117500
mu.y1[15]	117501	120000
mu.y1[16]	120001	122500
mu.y1[17]	122501	125000
mu.y2[1]	125001	127500
mu.y2[2]	127501	130000
mu.y2[3]	130001	132500
mu.y2[4]	132501	135000
mu.y2[5]	135001	137500
mu.y2[6]	137501	140000
mu.y2[7]	140001	142500
mu.y2[8]	142501	145000
mu.y2[9]	145001	147500
mu.y2[10]	147501	150000
mu.y2[11]	150001	152500
mu.y2[12]	152501	155000
mu.y2[13]	155001	157500
mu.y2[14]	157501	160000
mu.y2[15]	160001	162500
mu.y2[16]	162501	165000
mu.y2[17]	165001	167500
phx1[1,1]	167501	170000
phx1[1,2]	170001	172500
phx1[1,3]	172501	175000
phx1[2,1]	175001	177500
phx1[2,2]	177501	180000
phx1[2,3]	180001	182500
phx1[3,1]	182501	185000
phx1[3,2]	185001	187500
phx1[3,3]	187501	190000
phx2[1,1]	190001	192500
phx2[1,2]	192501	195000
phx2[1,3]	195001	197500
phx2[2,1]	197501	200000
phx2[2,2]	200001	202500
phx2[2,3]	202501	205000
phx2[3,1]	205001	207500
phx2[3,2]	207501	210000
phx2[3,3]	210001	212500
sgd1	212501	215000
sgd2	215001	217500
sgm1[1]	217501	220000
sgm1[2]	220001	222500
sgm1[3]	222501	225000
sgm1[4]	225001	227500
sgm1[5]	227501	230000
sgm1[6]	230001	232500
sgm1[7]	232501	235000
sgm1[8]	235001	237500
sgm1[9]	237501	240000
sgm1[10]	240001	242500
sgm1[11]	242501	245000
sgm1[12]	245001	247500
sgm1[13]	247501	250000
sgm1[14]	250001	252500
sgm1[15]	252501	255000
sgm1[16]	255001	257500
sgm1[17]	257501	260000
sgm2[1]	260001	262500
sgm2[2]	262501	265000
sgm2[3]	265001	267500
sgm2[4]	267501	270000
sgm2[5]	270001	272500
sgm2[6]	272501	275000
sgm2[7]	275001	277500
sgm2[8]	277501	280000
sgm2[9]	280001	282500
sgm2[10]	282501	285000
sgm2[11]	285001	287500
sgm2[12]	287501	290000
sgm2[13]	290001	292500
sgm2[14]	292501	295000
sgm2[15]	295001	297500
sgm2[16]	297501	300000
sgm2[17]	300001	302500
