1001	8633.0
1002	8731.0
1003	8695.0
1004	8662.0
1005	8648.0
1006	8578.0
1007	8570.0
1008	8561.0
1009	8581.0
1010	8647.0
1011	8526.0
1012	8533.0
1013	8516.0
1014	8560.0
1015	8532.0
1016	8525.0
1017	8522.0
1018	8563.0
1019	8574.0
1020	8522.0
1021	8537.0
1022	8644.0
1023	8594.0
1024	8494.0
1025	8553.0
1026	8562.0
1027	8551.0
1028	8605.0
1029	8641.0
1030	8605.0
1031	8528.0
1032	8462.0
1033	8473.0
1034	8565.0
1035	8532.0
1036	8538.0
1037	8583.0
1038	8581.0
1039	8607.0
1040	8617.0
1041	8652.0
1042	8640.0
1043	8652.0
1044	8654.0
1045	8713.0
1046	8635.0
1047	8653.0
1048	8670.0
1049	8658.0
1050	8717.0
1051	8698.0
1052	8635.0
1053	8593.0
1054	8571.0
1055	8607.0
1056	8618.0
1057	8597.0
1058	8574.0
1059	8613.0
1060	8615.0
1061	8584.0
1062	8518.0
1063	8611.0
1064	8598.0
1065	8503.0
1066	8486.0
1067	8513.0
1068	8474.0
1069	8588.0
1070	8634.0
1071	8619.0
1072	8659.0
1073	8715.0
1074	8638.0
1075	8625.0
1076	8562.0
1077	8627.0
1078	8661.0
1079	8637.0
1080	8681.0
1081	8596.0
1082	8534.0
1083	8543.0
1084	8593.0
1085	8538.0
1086	8558.0
1087	8552.0
1088	8590.0
1089	8556.0
1090	8551.0
1091	8564.0
1092	8622.0
1093	8669.0
1094	8705.0
1095	8667.0
1096	8690.0
1097	8599.0
1098	8497.0
1099	8544.0
1100	8603.0
1101	8623.0
1102	8615.0
1103	8463.0
1104	8545.0
1105	8618.0
1106	8637.0
1107	8563.0
1108	8559.0
1109	8563.0
1110	8611.0
1111	8578.0
1112	8618.0
1113	8640.0
1114	8676.0
1115	8578.0
1116	8657.0
1117	8571.0
1118	8629.0
1119	8640.0
1120	8672.0
1121	8660.0
1122	8625.0
1123	8613.0
1124	8710.0
1125	8698.0
1126	8716.0
1127	8711.0
1128	8670.0
1129	8611.0
1130	8616.0
1131	8570.0
1132	8638.0
1133	8627.0
1134	8598.0
1135	8612.0
1136	8711.0
1137	8700.0
1138	8705.0
1139	8728.0
1140	8647.0
1141	8663.0
1142	8562.0
1143	8507.0
1144	8595.0
1145	8532.0
1146	8561.0
1147	8494.0
1148	8547.0
1149	8525.0
1150	8475.0
1151	8488.0
1152	8571.0
1153	8513.0
1154	8485.0
1155	8560.0
1156	8533.0
1157	8583.0
1158	8559.0
1159	8618.0
1160	8557.0
1161	8597.0
1162	8607.0
1163	8580.0
1164	8628.0
1165	8669.0
1166	8686.0
1167	8701.0
1168	8715.0
1169	8651.0
1170	8628.0
1171	8690.0
1172	8643.0
1173	8682.0
1174	8530.0
1175	8505.0
1176	8553.0
1177	8588.0
1178	8541.0
1179	8515.0
1180	8602.0
1181	8538.0
1182	8559.0
1183	8661.0
1184	8635.0
1185	8600.0
1186	8640.0
1187	8659.0
1188	8676.0
1189	8680.0
1190	8545.0
1191	8503.0
1192	8576.0
1193	8663.0
1194	8593.0
1195	8602.0
1196	8542.0
1197	8542.0
1198	8579.0
1199	8567.0
1200	8588.0
1201	8558.0
1202	8587.0
1203	8617.0
1204	8586.0
1205	8553.0
1206	8580.0
1207	8616.0
1208	8618.0
1209	8645.0
1210	8521.0
1211	8548.0
1212	8602.0
1213	8538.0
1214	8467.0
1215	8515.0
1216	8549.0
1217	8580.0
1218	8478.0
1219	8555.0
1220	8622.0
1221	8529.0
1222	8501.0
1223	8538.0
1224	8528.0
1225	8581.0
1226	8497.0
1227	8604.0
1228	8616.0
1229	8684.0
1230	8720.0
1231	8653.0
1232	8627.0
1233	8650.0
1234	8662.0
1235	8545.0
1236	8566.0
1237	8609.0
1238	8577.0
1239	8622.0
1240	8590.0
1241	8625.0
1242	8664.0
1243	8567.0
1244	8499.0
1245	8580.0
1246	8595.0
1247	8611.0
1248	8504.0
1249	8549.0
1250	8563.0
1251	8573.0
1252	8526.0
1253	8537.0
1254	8499.0
1255	8431.0
1256	8483.0
1257	8429.0
1258	8423.0
1259	8495.0
1260	8472.0
1261	8551.0
1262	8539.0
1263	8616.0
1264	8564.0
1265	8540.0
1266	8506.0
1267	8510.0
1268	8506.0
1269	8447.0
1270	8581.0
1271	8627.0
1272	8549.0
1273	8597.0
1274	8670.0
1275	8632.0
1276	8632.0
1277	8668.0
1278	8558.0
1279	8590.0
1280	8667.0
1281	8739.0
1282	8588.0
1283	8623.0
1284	8602.0
1285	8642.0
1286	8638.0
1287	8651.0
1288	8606.0
1289	8566.0
1290	8531.0
1291	8580.0
1292	8489.0
1293	8584.0
1294	8561.0
1295	8604.0
1296	8568.0
1297	8581.0
1298	8552.0
1299	8523.0
1300	8534.0
1301	8582.0
1302	8553.0
1303	8512.0
1304	8599.0
1305	8611.0
1306	8632.0
1307	8633.0
1308	8558.0
1309	8619.0
1310	8585.0
1311	8571.0
1312	8643.0
1313	8615.0
1314	8586.0
1315	8629.0
1316	8609.0
1317	8646.0
1318	8695.0
1319	8669.0
1320	8698.0
1321	8680.0
1322	8672.0
1323	8692.0
1324	8595.0
1325	8551.0
1326	8621.0
1327	8590.0
1328	8606.0
1329	8607.0
1330	8532.0
1331	8558.0
1332	8593.0
1333	8568.0
1334	8613.0
1335	8609.0
1336	8631.0
1337	8706.0
1338	8734.0
1339	8716.0
1340	8721.0
1341	8609.0
1342	8558.0
1343	8678.0
1344	8650.0
1345	8630.0
1346	8546.0
1347	8543.0
1348	8522.0
1349	8597.0
1350	8618.0
1351	8671.0
1352	8659.0
1353	8630.0
1354	8575.0
1355	8620.0
1356	8683.0
1357	8655.0
1358	8696.0
1359	8650.0
1360	8613.0
1361	8558.0
1362	8602.0
1363	8610.0
1364	8557.0
1365	8669.0
1366	8633.0
1367	8640.0
1368	8664.0
1369	8645.0
1370	8634.0
1371	8602.0
1372	8625.0
1373	8524.0
1374	8562.0
1375	8495.0
1376	8551.0
1377	8589.0
1378	8616.0
1379	8484.0
1380	8531.0
1381	8574.0
1382	8592.0
1383	8486.0
1384	8496.0
1385	8483.0
1386	8464.0
1387	8560.0
1388	8585.0
1389	8595.0
1390	8573.0
1391	8621.0
1392	8654.0
1393	8545.0
1394	8594.0
1395	8662.0
1396	8688.0
1397	8627.0
1398	8594.0
1399	8612.0
1400	8490.0
1401	8510.0
1402	8480.0
1403	8447.0
1404	8477.0
1405	8504.0
1406	8528.0
1407	8570.0
1408	8581.0
1409	8582.0
1410	8596.0
1411	8537.0
1412	8534.0
1413	8632.0
1414	8591.0
1415	8625.0
1416	8617.0
1417	8518.0
1418	8558.0
1419	8525.0
1420	8516.0
1421	8591.0
1422	8556.0
1423	8455.0
1424	8460.0
1425	8477.0
1426	8496.0
1427	8461.0
1428	8483.0
1429	8531.0
1430	8483.0
1431	8404.0
1432	8393.0
1433	8394.0
1434	8478.0
1435	8522.0
1436	8564.0
1437	8529.0
1438	8559.0
1439	8494.0
1440	8520.0
1441	8502.0
1442	8532.0
1443	8547.0
1444	8534.0
1445	8544.0
1446	8551.0
1447	8560.0
1448	8487.0
1449	8459.0
1450	8553.0
1451	8525.0
1452	8577.0
1453	8532.0
1454	8585.0
1455	8670.0
1456	8658.0
1457	8680.0
1458	8716.0
1459	8632.0
1460	8585.0
1461	8602.0
1462	8619.0
1463	8601.0
1464	8598.0
1465	8574.0
1466	8563.0
1467	8571.0
1468	8593.0
1469	8619.0
1470	8585.0
1471	8566.0
1472	8539.0
1473	8506.0
1474	8556.0
1475	8489.0
1476	8523.0
1477	8624.0
1478	8640.0
1479	8630.0
1480	8690.0
1481	8643.0
1482	8584.0
1483	8562.0
1484	8463.0
1485	8535.0
1486	8589.0
1487	8596.0
1488	8592.0
1489	8660.0
1490	8688.0
1491	8642.0
1492	8619.0
1493	8622.0
1494	8646.0
1495	8548.0
1496	8577.0
1497	8685.0
1498	8783.0
1499	8671.0
1500	8574.0
1501	8593.0
1502	8594.0
1503	8699.0
1504	8612.0
1505	8514.0
1506	8583.0
1507	8561.0
1508	8638.0
1509	8490.0
1510	8575.0
1511	8545.0
1512	8586.0
1513	8631.0
1514	8606.0
1515	8671.0
1516	8752.0
1517	8773.0
1518	8710.0
1519	8625.0
1520	8658.0
1521	8677.0
1522	8663.0
1523	8539.0
1524	8584.0
1525	8520.0
1526	8509.0
1527	8492.0
1528	8605.0
1529	8520.0
1530	8521.0
1531	8637.0
1532	8616.0
1533	8599.0
1534	8555.0
1535	8631.0
1536	8703.0
1537	8692.0
1538	8604.0
1539	8618.0
1540	8719.0
1541	8699.0
1542	8603.0
1543	8612.0
1544	8659.0
1545	8754.0
1546	8764.0
1547	8764.0
1548	8747.0
1549	8665.0
1550	8606.0
1551	8600.0
1552	8560.0
1553	8554.0
1554	8531.0
1555	8546.0
1556	8607.0
1557	8620.0
1558	8541.0
1559	8564.0
1560	8535.0
1561	8549.0
1562	8490.0
1563	8503.0
1564	8534.0
1565	8582.0
1566	8531.0
1567	8488.0
1568	8529.0
1569	8486.0
1570	8518.0
1571	8534.0
1572	8577.0
1573	8532.0
1574	8507.0
1575	8575.0
1576	8589.0
1577	8539.0
1578	8516.0
1579	8544.0
1580	8550.0
1581	8546.0
1582	8565.0
1583	8628.0
1584	8669.0
1585	8718.0
1586	8620.0
1587	8558.0
1588	8628.0
1589	8553.0
1590	8511.0
1591	8517.0
1592	8583.0
1593	8535.0
1594	8597.0
1595	8554.0
1596	8637.0
1597	8540.0
1598	8616.0
1599	8558.0
1600	8513.0
1601	8482.0
1602	8433.0
1603	8528.0
1604	8643.0
1605	8598.0
1606	8546.0
1607	8581.0
1608	8603.0
1609	8581.0
1610	8616.0
1611	8564.0
1612	8587.0
1613	8635.0
1614	8604.0
1615	8552.0
1616	8662.0
1617	8670.0
1618	8567.0
1619	8634.0
1620	8616.0
1621	8717.0
1622	8651.0
1623	8619.0
1624	8689.0
1625	8659.0
1626	8612.0
1627	8640.0
1628	8705.0
1629	8718.0
1630	8770.0
1631	8693.0
1632	8653.0
1633	8632.0
1634	8545.0
1635	8506.0
1636	8626.0
1637	8598.0
1638	8592.0
1639	8700.0
1640	8573.0
1641	8558.0
1642	8532.0
1643	8593.0
1644	8605.0
1645	8547.0
1646	8584.0
1647	8590.0
1648	8549.0
1649	8585.0
1650	8568.0
1651	8614.0
1652	8588.0
1653	8533.0
1654	8522.0
1655	8560.0
1656	8636.0
1657	8564.0
1658	8546.0
1659	8544.0
1660	8559.0
1661	8579.0
1662	8565.0
1663	8593.0
1664	8606.0
1665	8661.0
1666	8587.0
1667	8617.0
1668	8738.0
1669	8773.0
1670	8701.0
1671	8718.0
1672	8706.0
1673	8676.0
1674	8630.0
1675	8642.0
1676	8693.0
1677	8629.0
1678	8631.0
1679	8613.0
1680	8658.0
1681	8526.0
1682	8587.0
1683	8630.0
1684	8629.0
1685	8569.0
1686	8686.0
1687	8720.0
1688	8753.0
1689	8724.0
1690	8707.0
1691	8609.0
1692	8621.0
1693	8659.0
1694	8640.0
1695	8577.0
1696	8591.0
1697	8639.0
1698	8678.0
1699	8719.0
1700	8690.0
1701	8682.0
1702	8674.0
1703	8674.0
1704	8689.0
1705	8591.0
1706	8669.0
1707	8630.0
1708	8689.0
1709	8674.0
1710	8736.0
1711	8729.0
1712	8673.0
1713	8690.0
1714	8665.0
1715	8710.0
1716	8618.0
1717	8616.0
1718	8599.0
1719	8583.0
1720	8512.0
1721	8647.0
1722	8656.0
1723	8638.0
1724	8548.0
1725	8577.0
1726	8576.0
1727	8650.0
1728	8595.0
1729	8616.0
1730	8691.0
1731	8593.0
1732	8604.0
1733	8665.0
1734	8637.0
1735	8625.0
1736	8623.0
1737	8646.0
1738	8495.0
1739	8516.0
1740	8647.0
1741	8695.0
1742	8556.0
1743	8672.0
1744	8623.0
1745	8629.0
1746	8547.0
1747	8571.0
1748	8656.0
1749	8607.0
1750	8592.0
1751	8610.0
1752	8582.0
1753	8639.0
1754	8673.0
1755	8627.0
1756	8541.0
1757	8504.0
1758	8490.0
1759	8498.0
1760	8533.0
1761	8536.0
1762	8432.0
1763	8428.0
1764	8380.0
1765	8462.0
1766	8468.0
1767	8521.0
1768	8528.0
1769	8522.0
1770	8562.0
1771	8496.0
1772	8552.0
1773	8524.0
1774	8514.0
1775	8492.0
1776	8609.0
1777	8569.0
1778	8575.0
1779	8669.0
1780	8597.0
1781	8557.0
1782	8546.0
1783	8569.0
1784	8481.0
1785	8552.0
1786	8458.0
1787	8470.0
1788	8482.0
1789	8490.0
1790	8458.0
1791	8542.0
1792	8576.0
1793	8559.0
1794	8621.0
1795	8508.0
1796	8473.0
1797	8443.0
1798	8496.0
1799	8435.0
1800	8579.0
1801	8563.0
1802	8489.0
1803	8419.0
1804	8476.0
1805	8461.0
1806	8444.0
1807	8465.0
1808	8464.0
1809	8514.0
1810	8535.0
1811	8473.0
1812	8587.0
1813	8535.0
1814	8541.0
1815	8534.0
1816	8555.0
1817	8550.0
1818	8542.0
1819	8568.0
1820	8543.0
1821	8504.0
1822	8511.0
1823	8553.0
1824	8458.0
1825	8458.0
1826	8572.0
1827	8575.0
1828	8586.0
1829	8652.0
1830	8580.0
1831	8670.0
1832	8584.0
1833	8556.0
1834	8538.0
1835	8528.0
1836	8551.0
1837	8470.0
1838	8496.0
1839	8466.0
1840	8529.0
1841	8477.0
1842	8439.0
1843	8489.0
1844	8597.0
1845	8619.0
1846	8563.0
1847	8571.0
1848	8585.0
1849	8520.0
1850	8483.0
1851	8429.0
1852	8581.0
1853	8495.0
1854	8531.0
1855	8607.0
1856	8532.0
1857	8524.0
1858	8423.0
1859	8458.0
1860	8487.0
1861	8520.0
1862	8473.0
1863	8567.0
1864	8626.0
1865	8516.0
1866	8537.0
1867	8488.0
1868	8550.0
1869	8515.0
1870	8503.0
1871	8575.0
1872	8477.0
1873	8491.0
1874	8510.0
1875	8440.0
1876	8545.0
1877	8490.0
1878	8528.0
1879	8510.0
1880	8457.0
1881	8454.0
1882	8493.0
1883	8553.0
1884	8604.0
1885	8552.0
1886	8566.0
1887	8612.0
1888	8519.0
1889	8634.0
1890	8655.0
1891	8687.0
1892	8660.0
1893	8616.0
1894	8675.0
1895	8690.0
1896	8718.0
1897	8672.0
1898	8659.0
1899	8666.0
1900	8621.0
1901	8712.0
1902	8698.0
1903	8712.0
1904	8665.0
1905	8643.0
1906	8676.0
1907	8671.0
1908	8622.0
1909	8595.0
1910	8595.0
1911	8581.0
1912	8525.0
1913	8501.0
1914	8462.0
1915	8552.0
1916	8659.0
1917	8668.0
1918	8679.0
1919	8664.0
1920	8605.0
1921	8669.0
1922	8610.0
1923	8688.0
1924	8669.0
1925	8623.0
1926	8633.0
1927	8655.0
1928	8716.0
1929	8686.0
1930	8665.0
1931	8639.0
1932	8654.0
1933	8596.0
1934	8642.0
1935	8637.0
1936	8695.0
1937	8669.0
1938	8675.0
1939	8632.0
1940	8663.0
1941	8688.0
1942	8665.0
1943	8624.0
1944	8662.0
1945	8708.0
1946	8650.0
1947	8603.0
1948	8588.0
1949	8661.0
1950	8605.0
1951	8490.0
1952	8636.0
1953	8610.0
1954	8572.0
1955	8601.0
1956	8588.0
1957	8629.0
1958	8656.0
1959	8637.0
1960	8712.0
1961	8765.0
1962	8734.0
1963	8674.0
1964	8670.0
1965	8644.0
1966	8591.0
1967	8551.0
1968	8599.0
1969	8616.0
1970	8531.0
1971	8520.0
1972	8531.0
1973	8527.0
1974	8552.0
1975	8599.0
1976	8623.0
1977	8671.0
1978	8664.0
1979	8636.0
1980	8596.0
1981	8511.0
1982	8547.0
1983	8558.0
1984	8539.0
1985	8526.0
1986	8572.0
1987	8473.0
1988	8580.0
1989	8581.0
1990	8550.0
1991	8597.0
1992	8578.0
1993	8554.0
1994	8576.0
1995	8395.0
1996	8459.0
1997	8450.0
1998	8475.0
1999	8571.0
2000	8570.0
2001	8514.0
2002	8508.0
2003	8553.0
2004	8555.0
2005	8594.0
2006	8569.0
2007	8546.0
2008	8540.0
2009	8529.0
2010	8556.0
2011	8505.0
2012	8479.0
2013	8502.0
2014	8521.0
2015	8494.0
2016	8599.0
2017	8621.0
2018	8572.0
2019	8591.0
2020	8590.0
2021	8660.0
2022	8642.0
2023	8602.0
2024	8630.0
2025	8600.0
2026	8611.0
2027	8524.0
2028	8545.0
2029	8629.0
2030	8613.0
2031	8552.0
2032	8516.0
2033	8525.0
2034	8611.0
2035	8520.0
2036	8503.0
2037	8559.0
2038	8587.0
2039	8547.0
2040	8591.0
2041	8546.0
2042	8524.0
2043	8574.0
2044	8600.0
2045	8590.0
2046	8636.0
2047	8644.0
2048	8618.0
2049	8719.0
2050	8657.0
2051	8603.0
2052	8676.0
2053	8519.0
2054	8549.0
2055	8548.0
2056	8493.0
2057	8504.0
2058	8544.0
2059	8594.0
2060	8624.0
2061	8548.0
2062	8533.0
2063	8490.0
2064	8563.0
2065	8587.0
2066	8558.0
2067	8544.0
2068	8493.0
2069	8555.0
2070	8633.0
2071	8541.0
2072	8476.0
2073	8455.0
2074	8614.0
2075	8561.0
2076	8515.0
2077	8544.0
2078	8595.0
2079	8595.0
2080	8511.0
2081	8520.0
2082	8513.0
2083	8563.0
2084	8530.0
2085	8586.0
2086	8600.0
2087	8540.0
2088	8536.0
2089	8535.0
2090	8596.0
2091	8561.0
2092	8494.0
2093	8534.0
2094	8636.0
2095	8499.0
2096	8514.0
2097	8536.0
2098	8559.0
2099	8600.0
2100	8556.0
2101	8564.0
2102	8578.0
2103	8602.0
2104	8598.0
2105	8562.0
2106	8645.0
2107	8655.0
2108	8609.0
2109	8631.0
2110	8565.0
2111	8652.0
2112	8675.0
2113	8611.0
2114	8612.0
2115	8692.0
2116	8635.0
2117	8599.0
2118	8632.0
2119	8707.0
2120	8624.0
2121	8610.0
2122	8656.0
2123	8675.0
2124	8590.0
2125	8582.0
2126	8649.0
2127	8598.0
2128	8602.0
2129	8634.0
2130	8718.0
2131	8703.0
2132	8861.0
2133	8829.0
2134	8819.0
2135	8830.0
2136	8811.0
2137	8780.0
2138	8747.0
2139	8712.0
2140	8682.0
2141	8697.0
2142	8753.0
2143	8633.0
2144	8541.0
2145	8648.0
2146	8621.0
2147	8629.0
2148	8687.0
2149	8697.0
2150	8583.0
2151	8516.0
2152	8499.0
2153	8543.0
2154	8542.0
2155	8502.0
2156	8433.0
2157	8569.0
2158	8568.0
2159	8615.0
2160	8574.0
2161	8643.0
2162	8691.0
2163	8638.0
2164	8620.0
2165	8701.0
2166	8648.0
2167	8625.0
2168	8517.0
2169	8551.0
2170	8520.0
2171	8541.0
2172	8471.0
2173	8499.0
2174	8532.0
2175	8488.0
2176	8541.0
2177	8579.0
2178	8626.0
2179	8672.0
2180	8749.0
2181	8788.0
2182	8810.0
2183	8702.0
2184	8682.0
2185	8664.0
2186	8705.0
2187	8635.0
2188	8614.0
2189	8636.0
2190	8672.0
2191	8685.0
2192	8557.0
2193	8585.0
2194	8645.0
2195	8660.0
2196	8689.0
2197	8660.0
2198	8728.0
2199	8681.0
2200	8608.0
2201	8666.0
2202	8566.0
2203	8581.0
2204	8539.0
2205	8652.0
2206	8633.0
2207	8531.0
2208	8504.0
2209	8595.0
2210	8559.0
2211	8565.0
2212	8611.0
2213	8581.0
2214	8535.0
2215	8557.0
2216	8512.0
2217	8472.0
2218	8534.0
2219	8530.0
2220	8546.0
2221	8458.0
2222	8521.0
2223	8603.0
2224	8555.0
2225	8517.0
2226	8615.0
2227	8614.0
2228	8635.0
2229	8621.0
2230	8617.0
2231	8640.0
2232	8525.0
2233	8586.0
2234	8584.0
2235	8572.0
2236	8626.0
2237	8802.0
2238	8693.0
2239	8729.0
2240	8590.0
2241	8590.0
2242	8543.0
2243	8579.0
2244	8647.0
2245	8623.0
2246	8619.0
2247	8702.0
2248	8633.0
2249	8665.0
2250	8655.0
2251	8677.0
2252	8784.0
2253	8760.0
2254	8718.0
2255	8648.0
2256	8604.0
2257	8564.0
2258	8665.0
2259	8708.0
2260	8729.0
2261	8635.0
2262	8644.0
2263	8538.0
2264	8544.0
2265	8669.0
2266	8640.0
2267	8711.0
2268	8689.0
2269	8667.0
2270	8699.0
2271	8581.0
2272	8612.0
2273	8570.0
2274	8602.0
2275	8693.0
2276	8672.0
2277	8679.0
2278	8577.0
2279	8482.0
2280	8535.0
2281	8569.0
2282	8606.0
2283	8519.0
2284	8547.0
2285	8608.0
2286	8608.0
2287	8529.0
2288	8491.0
2289	8463.0
2290	8583.0
2291	8597.0
2292	8589.0
2293	8593.0
2294	8693.0
2295	8607.0
2296	8596.0
2297	8617.0
2298	8619.0
2299	8591.0
2300	8604.0
2301	8593.0
2302	8578.0
2303	8536.0
2304	8544.0
2305	8563.0
2306	8557.0
2307	8612.0
2308	8539.0
2309	8580.0
2310	8626.0
2311	8536.0
2312	8560.0
2313	8592.0
2314	8543.0
2315	8602.0
2316	8662.0
2317	8641.0
2318	8681.0
2319	8622.0
2320	8597.0
2321	8590.0
2322	8622.0
2323	8603.0
2324	8585.0
2325	8523.0
2326	8524.0
2327	8526.0
2328	8547.0
2329	8504.0
2330	8540.0
2331	8522.0
2332	8616.0
2333	8622.0
2334	8648.0
2335	8634.0
2336	8597.0
2337	8583.0
2338	8608.0
2339	8637.0
2340	8613.0
2341	8546.0
2342	8535.0
2343	8507.0
2344	8624.0
2345	8581.0
2346	8614.0
2347	8617.0
2348	8574.0
2349	8599.0
2350	8639.0
2351	8632.0
2352	8543.0
2353	8551.0
2354	8578.0
2355	8535.0
2356	8565.0
2357	8557.0
2358	8632.0
2359	8573.0
2360	8606.0
2361	8613.0
2362	8698.0
2363	8610.0
2364	8564.0
2365	8490.0
2366	8535.0
2367	8522.0
2368	8463.0
2369	8534.0
2370	8539.0
2371	8551.0
2372	8545.0
2373	8601.0
2374	8614.0
2375	8651.0
2376	8630.0
2377	8658.0
2378	8588.0
2379	8556.0
2380	8577.0
2381	8602.0
2382	8616.0
2383	8620.0
2384	8614.0
2385	8595.0
2386	8667.0
2387	8625.0
2388	8688.0
2389	8619.0
2390	8581.0
2391	8536.0
2392	8485.0
2393	8512.0
2394	8520.0
2395	8516.0
2396	8459.0
2397	8463.0
2398	8523.0
2399	8439.0
2400	8473.0
2401	8471.0
2402	8453.0
2403	8426.0
2404	8533.0
2405	8536.0
2406	8544.0
2407	8569.0
2408	8583.0
2409	8599.0
2410	8599.0
2411	8523.0
2412	8467.0
2413	8550.0
2414	8551.0
2415	8557.0
2416	8477.0
2417	8536.0
2418	8457.0
2419	8444.0
2420	8531.0
2421	8531.0
2422	8482.0
2423	8584.0
2424	8513.0
2425	8432.0
2426	8488.0
2427	8498.0
2428	8606.0
2429	8525.0
2430	8596.0
2431	8514.0
2432	8424.0
2433	8399.0
2434	8424.0
2435	8366.0
2436	8385.0
2437	8452.0
2438	8425.0
2439	8424.0
2440	8477.0
2441	8522.0
2442	8558.0
2443	8543.0
2444	8533.0
2445	8527.0
2446	8544.0
2447	8518.0
2448	8480.0
2449	8536.0
2450	8562.0
2451	8543.0
2452	8545.0
2453	8562.0
2454	8629.0
2455	8506.0
2456	8503.0
2457	8520.0
2458	8509.0
2459	8479.0
2460	8523.0
2461	8516.0
2462	8454.0
2463	8442.0
2464	8474.0
2465	8467.0
2466	8397.0
2467	8500.0
2468	8515.0
2469	8512.0
2470	8560.0
2471	8442.0
2472	8580.0
2473	8507.0
2474	8507.0
2475	8507.0
2476	8529.0
2477	8456.0
2478	8432.0
2479	8429.0
2480	8483.0
2481	8467.0
2482	8428.0
2483	8521.0
2484	8436.0
2485	8565.0
2486	8557.0
2487	8468.0
2488	8386.0
2489	8417.0
2490	8499.0
2491	8528.0
2492	8532.0
2493	8500.0
2494	8507.0
2495	8599.0
2496	8559.0
2497	8593.0
2498	8502.0
2499	8569.0
2500	8584.0
2501	8562.0
2502	8548.0
2503	8438.0
2504	8549.0
2505	8588.0
2506	8545.0
2507	8574.0
2508	8584.0
2509	8565.0
2510	8562.0
2511	8525.0
2512	8529.0
2513	8507.0
2514	8521.0
2515	8533.0
2516	8542.0
2517	8557.0
2518	8622.0
2519	8589.0
2520	8627.0
2521	8653.0
2522	8627.0
2523	8523.0
2524	8585.0
2525	8508.0
2526	8535.0
2527	8566.0
2528	8671.0
2529	8762.0
2530	8624.0
2531	8589.0
2532	8636.0
2533	8625.0
2534	8545.0
2535	8542.0
2536	8531.0
2537	8535.0
2538	8566.0
2539	8549.0
2540	8650.0
2541	8670.0
2542	8708.0
2543	8712.0
2544	8711.0
2545	8646.0
2546	8606.0
2547	8650.0
2548	8621.0
2549	8661.0
2550	8623.0
2551	8574.0
2552	8646.0
2553	8647.0
2554	8545.0
2555	8620.0
2556	8565.0
2557	8588.0
2558	8643.0
2559	8638.0
2560	8649.0
2561	8567.0
2562	8599.0
2563	8552.0
2564	8562.0
2565	8569.0
2566	8569.0
2567	8656.0
2568	8655.0
2569	8645.0
2570	8613.0
2571	8636.0
2572	8596.0
2573	8571.0
2574	8612.0
2575	8501.0
2576	8495.0
2577	8615.0
2578	8593.0
2579	8543.0
2580	8563.0
2581	8599.0
2582	8563.0
2583	8541.0
2584	8472.0
2585	8537.0
2586	8489.0
2587	8447.0
2588	8435.0
2589	8463.0
2590	8508.0
2591	8512.0
2592	8584.0
2593	8535.0
2594	8568.0
2595	8578.0
2596	8559.0
2597	8515.0
2598	8540.0
2599	8513.0
2600	8533.0
2601	8557.0
2602	8638.0
2603	8630.0
2604	8529.0
2605	8553.0
2606	8554.0
2607	8488.0
2608	8518.0
2609	8530.0
2610	8524.0
2611	8570.0
2612	8547.0
2613	8490.0
2614	8524.0
2615	8579.0
2616	8583.0
2617	8512.0
2618	8493.0
2619	8519.0
2620	8461.0
2621	8512.0
2622	8585.0
2623	8578.0
2624	8547.0
2625	8520.0
2626	8639.0
2627	8567.0
2628	8533.0
2629	8467.0
2630	8521.0
2631	8525.0
2632	8487.0
2633	8490.0
2634	8438.0
2635	8508.0
2636	8443.0
2637	8485.0
2638	8489.0
2639	8503.0
2640	8524.0
2641	8502.0
2642	8499.0
2643	8433.0
2644	8538.0
2645	8537.0
2646	8490.0
2647	8593.0
2648	8587.0
2649	8522.0
2650	8517.0
2651	8625.0
2652	8710.0
2653	8615.0
2654	8507.0
2655	8533.0
2656	8548.0
2657	8569.0
2658	8570.0
2659	8476.0
2660	8494.0
2661	8538.0
2662	8565.0
2663	8555.0
2664	8558.0
2665	8613.0
2666	8645.0
2667	8573.0
2668	8548.0
2669	8554.0
2670	8614.0
2671	8650.0
2672	8584.0
2673	8587.0
2674	8652.0
2675	8606.0
2676	8664.0
2677	8627.0
2678	8614.0
2679	8525.0
2680	8581.0
2681	8610.0
2682	8600.0
2683	8657.0
2684	8625.0
2685	8702.0
2686	8602.0
2687	8631.0
2688	8664.0
2689	8585.0
2690	8646.0
2691	8592.0
2692	8558.0
2693	8589.0
2694	8632.0
2695	8712.0
2696	8627.0
2697	8696.0
2698	8770.0
2699	8716.0
2700	8740.0
2701	8754.0
2702	8739.0
2703	8728.0
2704	8648.0
2705	8583.0
2706	8558.0
2707	8552.0
2708	8566.0
2709	8564.0
2710	8562.0
2711	8631.0
2712	8725.0
2713	8627.0
2714	8628.0
2715	8564.0
2716	8545.0
2717	8598.0
2718	8631.0
2719	8569.0
2720	8515.0
2721	8570.0
2722	8588.0
2723	8585.0
2724	8600.0
2725	8629.0
2726	8524.0
2727	8579.0
2728	8579.0
2729	8654.0
2730	8629.0
2731	8662.0
2732	8681.0
2733	8652.0
2734	8598.0
2735	8637.0
2736	8663.0
2737	8621.0
2738	8611.0
2739	8638.0
2740	8656.0
2741	8610.0
2742	8683.0
2743	8701.0
2744	8676.0
2745	8699.0
2746	8578.0
2747	8678.0
2748	8669.0
2749	8596.0
2750	8671.0
2751	8685.0
2752	8629.0
2753	8574.0
2754	8548.0
2755	8675.0
2756	8707.0
2757	8664.0
2758	8612.0
2759	8662.0
2760	8628.0
2761	8564.0
2762	8638.0
2763	8536.0
2764	8551.0
2765	8521.0
2766	8547.0
2767	8513.0
2768	8431.0
2769	8481.0
2770	8489.0
2771	8457.0
2772	8481.0
2773	8492.0
2774	8485.0
2775	8538.0
2776	8532.0
2777	8605.0
2778	8578.0
2779	8607.0
2780	8666.0
2781	8616.0
2782	8725.0
2783	8792.0
2784	8659.0
2785	8604.0
2786	8593.0
2787	8644.0
2788	8621.0
2789	8622.0
2790	8708.0
2791	8664.0
2792	8584.0
2793	8577.0
2794	8519.0
2795	8511.0
2796	8534.0
2797	8578.0
2798	8580.0
2799	8616.0
2800	8643.0
2801	8675.0
2802	8716.0
2803	8669.0
2804	8675.0
2805	8712.0
2806	8792.0
2807	8793.0
2808	8761.0
2809	8685.0
2810	8708.0
2811	8794.0
2812	8688.0
2813	8667.0
2814	8650.0
2815	8518.0
2816	8518.0
2817	8597.0
2818	8602.0
2819	8600.0
2820	8605.0
2821	8552.0
2822	8566.0
2823	8653.0
2824	8599.0
2825	8675.0
2826	8709.0
2827	8745.0
2828	8666.0
2829	8718.0
2830	8751.0
2831	8703.0
2832	8697.0
2833	8694.0
2834	8698.0
2835	8597.0
2836	8558.0
2837	8602.0
2838	8631.0
2839	8621.0
2840	8694.0
2841	8647.0
2842	8607.0
2843	8575.0
2844	8630.0
2845	8604.0
2846	8548.0
2847	8491.0
2848	8552.0
2849	8539.0
2850	8499.0
2851	8538.0
2852	8482.0
2853	8428.0
2854	8429.0
2855	8430.0
2856	8513.0
2857	8452.0
2858	8504.0
2859	8545.0
2860	8546.0
2861	8631.0
2862	8565.0
2863	8528.0
2864	8593.0
2865	8546.0
2866	8484.0
2867	8459.0
2868	8509.0
2869	8588.0
2870	8529.0
2871	8497.0
2872	8517.0
2873	8528.0
2874	8463.0
2875	8519.0
2876	8484.0
2877	8507.0
2878	8494.0
2879	8572.0
2880	8600.0
2881	8596.0
2882	8540.0
2883	8584.0
2884	8608.0
2885	8593.0
2886	8587.0
2887	8639.0
2888	8571.0
2889	8524.0
2890	8519.0
2891	8529.0
2892	8504.0
2893	8495.0
2894	8481.0
2895	8474.0
2896	8505.0
2897	8545.0
2898	8507.0
2899	8575.0
2900	8609.0
2901	8590.0
2902	8668.0
2903	8659.0
2904	8716.0
2905	8838.0
2906	8839.0
2907	8734.0
2908	8641.0
2909	8642.0
2910	8580.0
2911	8654.0
2912	8666.0
2913	8589.0
2914	8504.0
2915	8570.0
2916	8491.0
2917	8463.0
2918	8418.0
2919	8462.0
2920	8474.0
2921	8465.0
2922	8402.0
2923	8531.0
2924	8542.0
2925	8585.0
2926	8436.0
2927	8477.0
2928	8539.0
2929	8523.0
2930	8495.0
2931	8499.0
2932	8458.0
2933	8511.0
2934	8514.0
2935	8438.0
2936	8546.0
2937	8586.0
2938	8632.0
2939	8595.0
2940	8595.0
2941	8612.0
2942	8647.0
2943	8623.0
2944	8591.0
2945	8594.0
2946	8553.0
2947	8669.0
2948	8609.0
2949	8557.0
2950	8639.0
2951	8669.0
2952	8636.0
2953	8682.0
2954	8687.0
2955	8629.0
2956	8591.0
2957	8628.0
2958	8580.0
2959	8642.0
2960	8663.0
2961	8617.0
2962	8662.0
2963	8675.0
2964	8684.0
2965	8667.0
2966	8595.0
2967	8589.0
2968	8543.0
2969	8584.0
2970	8530.0
2971	8657.0
2972	8791.0
2973	8578.0
2974	8586.0
2975	8538.0
2976	8656.0
2977	8659.0
2978	8608.0
2979	8639.0
2980	8667.0
2981	8644.0
2982	8612.0
2983	8637.0
2984	8609.0
2985	8693.0
2986	8606.0
2987	8587.0
2988	8571.0
2989	8512.0
2990	8591.0
2991	8510.0
2992	8620.0
2993	8568.0
2994	8585.0
2995	8574.0
2996	8580.0
2997	8487.0
2998	8612.0
2999	8614.0
3000	8613.0
1001	2.167
1002	-2.822
1003	-3.066
1004	-1.243
1005	2.13
1006	-0.3134
1007	1.638
1008	1.169
1009	1.868
1010	-0.3791
1011	-0.4998
1012	-2.502
1013	-1.764
1014	-1.687
1015	-0.7171
1016	-0.4388
1017	-0.4683
1018	-2.703
1019	-1.012
1020	-2.059
1021	-9.572
1022	0.1574
1023	0.2569
1024	0.7055
1025	0.4988
1026	-1.536
1027	1.972
1028	-7.241
1029	-8.504
1030	-9.108
1031	-5.88
1032	7.367
1033	17.54
1034	-10.14
1035	-35.98
1036	1.588
1037	-16.41
1038	-1.06
1039	2.568
1040	3.235
1041	1.034
1042	-0.8366
1043	-5.222
1044	-5.957
1045	2.904
1046	-6.617
1047	-0.1322
1048	2.144
1049	-0.3613
1050	-0.7597
1051	-2.886
1052	0.3821
1053	-1.621
1054	-1.019
1055	-2.488
1056	-2.208
1057	-0.1867
1058	0.3966
1059	-2.922
1060	-0.9687
1061	-0.06739
1062	-4.149
1063	-2.462
1064	0.142
1065	0.7048
1066	-4.081
1067	-1.995
1068	-3.651
1069	0.3371
1070	0.2409
1071	-0.09341
1072	-1.987
1073	0.9996
1074	-1.107
1075	-2.904
1076	-0.4479
1077	0.6776
1078	-2.06
1079	-0.04776
1080	-4.268
1081	-0.112
1082	-1.414
1083	-2.367
1084	0.8038
1085	0.0248
1086	0.2602
1087	-0.7251
1088	-0.002006
1089	-0.09695
1090	0.01085
1091	-0.293
1092	1.053
1093	-1.221
1094	-5.479
1095	-6.651
1096	-0.165
1097	0.2881
1098	-3.543
1099	0.01293
1100	-0.261
1101	-2.334
1102	-1.427
1103	-0.2305
1104	-0.1573
1105	-0.08366
1106	-0.2316
1107	-9.449
1108	0.5312
1109	0.8145
1110	-1.235
1111	0.0133
1112	-0.4575
1113	-1.067
1114	-4.349
1115	0.06107
1116	0.0546
1117	-0.6564
1118	1.237
1119	-0.9288
1120	0.4607
1121	-0.4776
1122	0.2871
1123	-0.06862
1124	-0.5328
1125	-0.07496
1126	-0.4047
1127	0.5581
1128	-0.2532
1129	-0.01207
1130	-6.947
1131	-0.5418
1132	-0.8668
1133	-1.183
1134	1.334
1135	-0.1155
1136	-0.4386
1137	2.841
1138	1.122
1139	0.5886
1140	-2.35
1141	-1.446
1142	1.167
1143	-0.5486
1144	-1.636
1145	-0.335
1146	-0.1355
1147	-1.32
1148	-5.333
1149	0.4225
1150	0.8545
1151	-0.01079
1152	-3.039
1153	0.2441
1154	0.09181
1155	-0.4194
1156	-3.144
1157	0.2244
1158	-0.4851
1159	1.543E-5
1160	-0.7555
1161	-2.975
1162	1.444
1163	-3.656
1164	2.208
1165	-0.444
1166	1.299
1167	0.06605
1168	1.796
1169	1.272
1170	0.1228
1171	-2.928
1172	0.7292
1173	-0.5972
1174	-0.6569
1175	-0.04824
1176	-1.495
1177	-5.353
1178	-1.851
1179	0.41
1180	-0.9756
1181	0.4411
1182	-8.033
1183	0.4631
1184	-0.02026
1185	-0.5875
1186	-0.3654
1187	-0.1757
1188	-0.8372
1189	0.1106
1190	-0.0274
1191	1.153
1192	-6.291
1193	1.551
1194	3.616
1195	-5.972
1196	-8.235
1197	0.3431
1198	-5.137
1199	0.00124
1200	0.5388
1201	-0.002848
1202	-1.033
1203	-0.3405
1204	-0.1069
1205	-0.5975
1206	-2.014
1207	-0.3951
1208	0.6259
1209	0.5594
1210	-2.542
1211	-6.77
1212	-1.476
1213	0.2125
1214	-1.808
1215	0.001465
1216	0.6185
1217	-2.278
1218	1.754
1219	0.3586
1220	-0.7654
1221	-0.4901
1222	0.424
1223	-3.445
1224	-2.252
1225	-0.4585
1226	-3.117
1227	0.05059
1228	-0.09368
1229	1.185
1230	-0.2354
1231	6.239
1232	3.822
1233	0.2337
1234	-2.511
1235	-0.839
1236	0.004252
1237	-1.258
1238	-1.731
1239	1.575
1240	-0.9295
1241	-2.445
1242	0.3071
1243	0.1448
1244	-0.4248
1245	-1.478
1246	0.01134
1247	0.1762
1248	0.3386
1249	0.1851
1250	-0.05888
1251	0.9385
1252	0.2176
1253	-0.9434
1254	-2.068
1255	-7.093
1256	3.867
1257	1.759
1258	0.8511
1259	-0.802
1260	3.623
1261	-9.603
1262	2.158
1263	-9.059
1264	-4.144
1265	0.4667
1266	1.858
1267	1.685
1268	-7.322
1269	-10.25
1270	0.8177
1271	5.681
1272	-9.419
1273	-3.124
1274	-9.965
1275	-1.509
1276	0.003891
1277	-4.156
1278	-1.219
1279	-7.188
1280	0.09561
1281	0.1486
1282	-0.2005
1283	-2.387
1284	-3.222
1285	-0.6843
1286	0.2834
1287	-3.215
1288	0.2744
1289	-0.2115
1290	-0.04049
1291	-0.6397
1292	-0.3282
1293	-2.509
1294	-0.496
1295	-0.1181
1296	-0.7168
1297	-5.316
1298	-0.3127
1299	0.2749
1300	1.459
1301	-0.2909
1302	-1.509
1303	0.002766
1304	-5.959
1305	-3.544
1306	-0.2423
1307	-1.535
1308	0.459
1309	0.05039
1310	-0.8724
1311	-0.1073
1312	-1.671
1313	-0.7637
1314	-2.568
1315	-0.2707
1316	5.966E-4
1317	-1.058
1318	-2.274
1319	-0.2023
1320	-0.2116
1321	0.009265
1322	-1.527
1323	0.8468
1324	-5.885
1325	-1.548
1326	0.6256
1327	-1.481
1328	0.6563
1329	-7.287
1330	1.707
1331	-5.022
1332	0.6578
1333	0.1777
1334	-0.9396
1335	0.2822
1336	-0.1096
1337	2.86
1338	-3.417
1339	-10.02
1340	-6.804
1341	-0.8896
1342	1.508
1343	-3.131
1344	0.1502
1345	0.1825
1346	0.07387
1347	-4.325
1348	-1.045
1349	-0.1542
1350	-3.022
1351	-1.717
1352	0.1671
1353	-3.397
1354	-0.254
1355	-4.628
1356	1.285
1357	-5.094
1358	-0.1981
1359	-0.2051
1360	-1.363
1361	-1.491
1362	2.08
1363	0.9845
1364	-3.435
1365	0.04823
1366	0.7234
1367	-1.285
1368	0.4021
1369	-1.203
1370	-2.254
1371	-1.769
1372	-2.298
1373	0.1422
1374	-1.831
1375	-0.6469
1376	0.9766
1377	1.637
1378	-0.3563
1379	-0.3449
1380	1.065
1381	-3.911
1382	0.01795
1383	-0.07822
1384	0.02217
1385	-0.6407
1386	-2.736
1387	-4.653
1388	-6.631
1389	-0.1307
1390	-0.1195
1391	-0.997
1392	0.7121
1393	0.6459
1394	-0.9263
1395	0.3259
1396	0.1974
1397	-1.239
1398	-8.725
1399	-5.808
1400	1.266
1401	-1.271
1402	1.183
1403	-0.6599
1404	0.4966
1405	-2.621
1406	-0.9149
1407	-8.377
1408	-3.391
1409	1.019
1410	4.089
1411	0.8384
1412	-0.3154
1413	-9.625
1414	-0.3276
1415	-10.42
1416	5.411
1417	-0.5289
1418	2.253
1419	-8.118
1420	-1.873
1421	0.6234
1422	1.206
1423	-0.1601
1424	0.2126
1425	-0.5687
1426	-0.0988
1427	0.3469
1428	-4.737
1429	2.361
1430	1.093
1431	0.4328
1432	-1.165
1433	0.1996
1434	-0.1101
1435	-4.042
1436	-0.7439
1437	2.041
1438	-1.809
1439	-1.336
1440	0.8007
1441	-3.967
1442	-0.5655
1443	-2.258
1444	0.9355
1445	-1.885
1446	-6.647
1447	-0.8155
1448	-5.662
1449	-8.016
1450	-7.088
1451	1.382
1452	-2.151
1453	-0.5401
1454	-1.151
1455	-4.032
1456	-0.1704
1457	-3.421
1458	-0.8625
1459	0.1052
1460	-0.08115
1461	-2.344
1462	-0.0162
1463	0.7135
1464	-1.095
1465	0.344
1466	1.311
1467	-4.658
1468	-3.497
1469	-3.274
1470	-0.9413
1471	-1.579
1472	-2.87
1473	-1.208
1474	-0.5555
1475	-1.766
1476	-1.262
1477	-6.476
1478	0.1876
1479	0.5905
1480	-0.02946
1481	-0.6423
1482	0.6887
1483	-1.227
1484	-0.1762
1485	-0.1669
1486	0.8369
1487	-0.09286
1488	0.9354
1489	-0.5152
1490	-0.4384
1491	-0.5826
1492	-1.268
1493	-1.098
1494	0.03266
1495	-0.05732
1496	-7.697
1497	-0.2017
1498	-2.845
1499	-3.095
1500	-0.7998
1501	-0.7236
1502	-1.399
1503	0.4046
1504	0.0204
1505	-0.07042
1506	-2.515
1507	-2.083
1508	1.023
1509	0.8025
1510	0.4858
1511	1.306
1512	0.95
1513	0.2644
1514	-5.89
1515	1.476
1516	0.8827
1517	1.316
1518	-1.719
1519	-0.2394
1520	-1.129
1521	0.0259
1522	-0.1673
1523	0.7656
1524	0.6663
1525	0.8693
1526	-2.851
1527	-1.103
1528	-0.5749
1529	-1.372
1530	0.2262
1531	-0.4407
1532	-0.8911
1533	0.6159
1534	-0.8435
1535	0.3929
1536	-1.006
1537	1.241
1538	-1.431
1539	-8.19
1540	-7.928
1541	-0.0776
1542	1.586
1543	-1.128
1544	0.005825
1545	-0.3738
1546	-0.1635
1547	-0.01824
1548	0.351
1549	-1.458
1550	-0.1513
1551	0.9632
1552	0.6406
1553	-0.2332
1554	-0.1888
1555	-0.1355
1556	-2.675
1557	-0.167
1558	-1.05
1559	0.6746
1560	0.5344
1561	0.3945
1562	-0.1918
1563	2.091
1564	-16.26
1565	-2.619
1566	-0.3366
1567	-1.763
1568	0.7034
1569	-2.065
1570	0.7197
1571	-7.126
1572	-6.964
1573	1.657
1574	-0.1326
1575	-6.614
1576	-4.663
1577	1.823
1578	-0.9393
1579	-0.3091
1580	0.1083
1581	0.7164
1582	0.9781
1583	-5.3
1584	-2.316
1585	-0.09072
1586	0.5297
1587	-0.9438
1588	-5.241
1589	0.5603
1590	-1.675
1591	0.1814
1592	0.07406
1593	0.4184
1594	-0.01873
1595	0.5675
1596	0.3802
1597	0.7002
1598	-0.4061
1599	-1.13
1600	-1.673
1601	-3.009
1602	0.03541
1603	-0.398
1604	0.2013
1605	0.03412
1606	0.4742
1607	0.721
1608	0.3313
1609	-0.1893
1610	-1.358
1611	0.3417
1612	-1.54
1613	-0.2497
1614	-11.17
1615	-4.53
1616	-0.3447
1617	1.114
1618	-1.71
1619	0.078
1620	-2.192
1621	-0.03448
1622	-0.9091
1623	-6.542
1624	-0.07961
1625	-0.7245
1626	-6.123
1627	-1.589
1628	4.09
1629	-1.432
1630	-15.27
1631	1.817
1632	-1.459
1633	1.346
1634	-5.285
1635	-5.599
1636	0.08455
1637	-1.338
1638	0.4677
1639	-2.276
1640	-1.562
1641	-0.1351
1642	-2.513
1643	-3.248
1644	-5.063
1645	0.5717
1646	-0.3578
1647	-0.09059
1648	-2.117
1649	0.4193
1650	-2.01
1651	0.06317
1652	0.1773
1653	-0.3847
1654	0.134
1655	0.08174
1656	-0.1075
1657	0.4596
1658	-0.6794
1659	-1.918
1660	-1.691
1661	4.873
1662	3.865
1663	-9.17
1664	1.323
1665	-2.367
1666	-0.1678
1667	-2.213
1668	-0.9393
1669	-3.683
1670	-6.172
1671	1.631
1672	-4.146
1673	0.4237
1674	-2.283
1675	-1.605
1676	-3.169
1677	-2.926
1678	-0.103
1679	0.5347
1680	1.133
1681	1.16
1682	2.156
1683	-0.8968
1684	-3.693
1685	-1.318
1686	0.5333
1687	0.568
1688	0.04897
1689	-0.2395
1690	-0.5572
1691	-0.1403
1692	0.03148
1693	0.8307
1694	-3.876
1695	-0.5771
1696	0.3816
1697	0.2171
1698	-0.03432
1699	-0.193
1700	-0.2267
1701	1.338
1702	-1.955
1703	-1.876
1704	-1.233
1705	-0.4631
1706	1.498
1707	0.2482
1708	-0.4557
1709	-0.5808
1710	-0.2263
1711	0.1296
1712	-4.378
1713	-0.06957
1714	-0.5099
1715	-0.9376
1716	-1.4
1717	-2.089
1718	-0.2512
1719	-1.215
1720	-6.88
1721	-3.151
1722	-2.016
1723	-0.164
1724	0.3045
1725	-0.6182
1726	-1.06
1727	-1.353
1728	0.06169
1729	-1.425
1730	-7.854
1731	-2.649
1732	-2.406
1733	-9.591
1734	-0.4758
1735	1.294
1736	-4.791
1737	-0.5047
1738	-4.976
1739	1.372
1740	1.149
1741	0.3016
1742	0.004633
1743	-2.349
1744	0.5049
1745	-1.347
1746	-0.562
1747	-2.503
1748	0.4109
1749	0.1427
1750	0.6644
1751	0.2466
1752	-0.6553
1753	0.7016
1754	-3.08
1755	-2.497
1756	-0.04999
1757	0.1089
1758	-1.255
1759	-0.2902
1760	-0.4392
1761	0.2041
1762	-0.8564
1763	-0.8288
1764	-0.8062
1765	2.028
1766	-0.0339
1767	0.2365
1768	-0.07214
1769	-4.894
1770	0.6178
1771	0.1714
1772	-0.1585
1773	-0.2043
1774	1.26
1775	-0.3738
1776	-1.303
1777	-0.09746
1778	-1.376
1779	-0.05329
1780	0.1162
1781	-0.7357
1782	-0.8163
1783	0.1527
1784	-0.7599
1785	0.002757
1786	-0.002822
1787	-1.498
1788	-1.162
1789	-1.322
1790	-0.07653
1791	-0.01904
1792	-0.003565
1793	0.4027
1794	-8.132
1795	0.07273
1796	-0.005135
1797	-1.522
1798	0.07924
1799	0.2727
1800	-0.01843
1801	-2.2
1802	-0.5673
1803	-0.2219
1804	-1.986
1805	-0.9237
1806	-2.485
1807	-0.4506
1808	-0.03153
1809	-0.1052
1810	0.3252
1811	-3.282
1812	-1.84
1813	-4.544
1814	-2.573
1815	-10.41
1816	3.043
1817	2.849
1818	-2.639
1819	3.212
1820	-7.029
1821	-1.5
1822	1.827
1823	-0.8139
1824	-1.695
1825	-0.4515
1826	0.3978
1827	-3.984
1828	1.19
1829	2.662
1830	-1.197
1831	-1.577
1832	-1.1
1833	1.44
1834	-2.802
1835	-2.52
1836	-0.8418
1837	0.02697
1838	-0.5184
1839	-1.654
1840	-0.9624
1841	0.3936
1842	-1.807
1843	-2.403
1844	2.158
1845	0.648
1846	0.9428
1847	3.505
1848	-6.704
1849	-3.572
1850	-0.1656
1851	0.2207
1852	-0.01555
1853	0.05623
1854	-0.2904
1855	0.5603
1856	1.643
1857	-1.09
1858	-1.171
1859	-1.93
1860	-1.431
1861	-2.388
1862	0.05397
1863	-1.135
1864	-0.6788
1865	2.041
1866	0.3797
1867	-0.129
1868	-0.6587
1869	1.493
1870	1.101
1871	1.852
1872	1.915
1873	-17.16
1874	1.231
1875	-2.466
1876	0.5317
1877	-14.72
1878	-22.06
1879	1.178
1880	0.5071
1881	-4.11
1882	-10.35
1883	2.258
1884	-3.773
1885	4.249
1886	2.263
1887	-10.07
1888	-3.047
1889	-1.313
1890	0.3436
1891	0.04572
1892	0.3006
1893	0.01051
1894	-0.06311
1895	0.2411
1896	-1.339
1897	-7.672
1898	-2.514
1899	1.385
1900	0.6378
1901	-1.278
1902	-1.089
1903	-0.3966
1904	0.03341
1905	0.62
1906	1.337
1907	-0.4035
1908	1.606
1909	-1.971
1910	-0.5966
1911	-3.676
1912	-0.9084
1913	-0.8694
1914	-0.1337
1915	-1.117
1916	-3.305
1917	-0.0391
1918	-0.01296
1919	0.1388
1920	-0.7514
1921	-0.8291
1922	0.005799
1923	-0.5614
1924	-0.03041
1925	-0.2023
1926	-0.001912
1927	-0.5885
1928	-0.2184
1929	-0.0161
1930	-0.05448
1931	0.7758
1932	-6.229
1933	-10.72
1934	-2.38
1935	-3.766
1936	-3.486
1937	2.881
1938	1.584
1939	-1.762
1940	-8.306
1941	-2.248
1942	-2.489
1943	1.052
1944	6.236
1945	0.5645
1946	-0.9585
1947	-0.2316
1948	-0.5166
1949	-0.1753
1950	0.588
1951	-5.705
1952	-3.386
1953	-6.019
1954	-0.3242
1955	0.4914
1956	-0.04531
1957	0.6722
1958	-1.484
1959	-2.423
1960	-0.9514
1961	-1.178
1962	-2.082
1963	-4.927
1964	-0.04158
1965	-0.286
1966	0.4481
1967	-0.3453
1968	0.2023
1969	-0.06273
1970	0.7322
1971	-0.1726
1972	-1.173
1973	-0.3454
1974	1.861
1975	-1.493
1976	-1.973
1977	-0.7799
1978	-0.0628
1979	-0.5483
1980	1.049
1981	-0.5475
1982	-0.9661
1983	-0.3654
1984	-0.8182
1985	-1.647
1986	-0.2029
1987	0.07502
1988	0.4106
1989	0.5638
1990	0.421
1991	-1.146
1992	-0.06889
1993	0.1009
1994	-1.722
1995	-5.289
1996	-0.9397
1997	-0.04528
1998	-0.2504
1999	0.06432
2000	0.09234
2001	-0.006222
2002	-0.4757
2003	-3.965
2004	-0.898
2005	-2.652
2006	-1.057
2007	-3.542
2008	1.115
2009	0.3233
2010	0.7004
2011	-2.887
2012	-5.144
2013	0.06184
2014	0.1877
2015	-0.3298
2016	0.6791
2017	0.04407
2018	-0.1793
2019	0.002875
2020	-1.77
2021	-0.3116
2022	-0.0838
2023	-0.5871
2024	0.3803
2025	-7.551
2026	-0.1229
2027	-0.8791
2028	0.8396
2029	0.3307
2030	-4.132
2031	-1.58
2032	-1.226
2033	-0.3863
2034	-2.342
2035	-0.6006
2036	0.1606
2037	0.3761
2038	-1.061
2039	-0.7033
2040	-0.002556
2041	0.1989
2042	-0.1569
2043	-1.776
2044	1.099
2045	0.05395
2046	-0.2958
2047	-0.06481
2048	-0.1146
2049	-1.211
2050	0.2462
2051	0.01648
2052	-0.08343
2053	-0.782
2054	-0.4333
2055	-1.235
2056	-0.9428
2057	-1.677
2058	-5.837
2059	-0.01663
2060	-4.073
2061	-1.291
2062	0.1157
2063	0.7024
2064	-2.547
2065	1.432
2066	-0.3928
2067	-9.015
2068	1.636
2069	-8.319
2070	-2.092
2071	-8.72
2072	0.3029
2073	-0.7474
2074	-5.474
2075	-1.816
2076	0.9722
2077	-1.014
2078	-1.913
2079	0.2355
2080	0.9594
2081	1.927
2082	-0.9529
2083	-12.07
2084	0.3204
2085	-0.4631
2086	0.3006
2087	0.4965
2088	-0.0729
2089	-1.635
2090	1.196
2091	0.6458
2092	0.06214
2093	-5.422
2094	-0.4242
2095	0.2157
2096	-0.225
2097	-0.05812
2098	0.1946
2099	-6.271
2100	0.2686
2101	0.4043
2102	-0.01241
2103	0.6055
2104	-0.1599
2105	-0.0345
2106	-0.1668
2107	-2.724
2108	-1.849
2109	-1.654
2110	0.06529
2111	0.2251
2112	-0.119
2113	-0.714
2114	2.008
2115	-0.1929
2116	-0.1946
2117	-0.4712
2118	-0.006119
2119	-1.199
2120	-2.142
2121	-1.551
2122	-1.241
2123	-0.1625
2124	-1.473
2125	0.4052
2126	0.9998
2127	0.3871
2128	-8.481
2129	0.5141
2130	-0.7774
2131	-0.08797
2132	-2.078
2133	0.2039
2134	-0.4511
2135	-0.0348
2136	-0.2016
2137	9.886E-4
2138	0.3039
2139	-1.274
2140	-0.6564
2141	-2.742
2142	-1.665
2143	1.097
2144	5.772
2145	-0.5199
2146	-5.516
2147	2.598
2148	2.443
2149	-4.517
2150	-1.349
2151	-0.8756
2152	-1.742
2153	1.21
2154	-3.68
2155	1.342
2156	2.602
2157	2.229
2158	-0.4966
2159	1.213
2160	-3.774
2161	0.4541
2162	-1.078
2163	-0.3669
2164	1.624
2165	0.6073
2166	-7.443
2167	-1.834
2168	-1.825
2169	-5.839
2170	-4.833
2171	-2.234
2172	-1.082
2173	-2.527
2174	-0.1546
2175	-1.271
2176	1.721
2177	-0.9738
2178	-0.9153
2179	0.442
2180	1.456
2181	-0.1177
2182	-2.908
2183	-4.981
2184	1.472
2185	0.7138
2186	-9.791
2187	-8.228
2188	0.6108
2189	-8.968
2190	0.2951
2191	0.6634
2192	-0.5254
2193	0.7762
2194	0.03228
2195	-0.8552
2196	0.0315
2197	-0.2354
2198	0.5684
2199	0.352
2200	0.09224
2201	-1.662
2202	-1.72
2203	-5.116
2204	-8.539
2205	-0.2238
2206	-7.202
2207	-0.5172
2208	-2.962
2209	-3.043
2210	-0.5179
2211	-1.114
2212	-1.365
2213	-0.09275
2214	-0.8341
2215	-2.826
2216	-0.8739
2217	-0.2473
2218	0.3797
2219	-0.5446
2220	-0.02538
2221	-0.6562
2222	-0.9169
2223	-0.109
2224	0.0322
2225	-1.174
2226	0.8226
2227	-0.03998
2228	1.195
2229	0.2638
2230	0.4377
2231	-1.535
2232	-0.1723
2233	-1.205
2234	-0.572
2235	-2.056
2236	-10.74
2237	0.7717
2238	-2.057
2239	0.5326
2240	-1.284
2241	-4.584
2242	-0.8272
2243	-0.01268
2244	-3.257
2245	-1.339
2246	0.3124
2247	-1.358
2248	0.1225
2249	0.07126
2250	-0.009799
2251	-0.9478
2252	0.3762
2253	-5.501
2254	0.1678
2255	-0.2965
2256	-1.099
2257	0.05281
2258	-0.4064
2259	-0.02326
2260	0.02409
2261	-0.2046
2262	-0.7689
2263	0.2665
2264	-7.605
2265	-0.6402
2266	-4.824
2267	-0.2338
2268	-0.8775
2269	-0.166
2270	-0.09119
2271	-1.43
2272	0.3142
2273	-1.123
2274	0.8388
2275	-0.8351
2276	0.4714
2277	-0.3366
2278	-0.4243
2279	-0.4163
2280	-4.239
2281	-0.2176
2282	-1.746
2283	-0.198
2284	0.08008
2285	0.5123
2286	-0.4961
2287	0.1436
2288	-0.4363
2289	-1.279
2290	-1.862
2291	-0.5781
2292	-4.816
2293	-3.165
2294	-2.656
2295	-0.6906
2296	3.598
2297	3.333
2298	1.428
2299	-4.531
2300	-0.8928
2301	-0.07383
2302	-1.012
2303	-0.4533
2304	0.2718
2305	-0.9477
2306	1.425
2307	0.626
2308	-1.848
2309	-0.5081
2310	-0.7842
2311	-1.238
2312	-6.394
2313	1.601
2314	-7.929
2315	-1.91
2316	-10.67
2317	1.464
2318	0.2478
2319	-1.392
2320	3.113
2321	1.357
2322	3.428
2323	-2.403
2324	0.4176
2325	0.01688
2326	-4.009
2327	-2.414
2328	1.17
2329	0.8488
2330	-1.707
2331	-5.046
2332	-0.8086
2333	0.1668
2334	-0.1212
2335	0.01852
2336	0.1037
2337	-0.1076
2338	-0.01061
2339	1.148
2340	-0.1129
2341	-1.915
2342	-0.8718
2343	-0.4622
2344	0.0798
2345	-1.62
2346	-1.939
2347	-9.586
2348	-3.583
2349	-1.075
2350	-0.4135
2351	0.551
2352	-1.74
2353	-3.577
2354	-1.954
2355	0.7917
2356	-0.6941
2357	-1.043
2358	0.8583
2359	-0.1134
2360	-0.4777
2361	-0.1107
2362	0.05376
2363	-2.823
2364	-5.394
2365	-1.21
2366	-6.108
2367	-0.5823
2368	-0.4751
2369	0.8762
2370	0.5397
2371	-0.3376
2372	-1.222
2373	-1.852
2374	-0.05413
2375	-5.366
2376	0.2507
2377	-0.5887
2378	-4.657
2379	-0.5953
2380	-1.686
2381	-1.333
2382	1.992
2383	2.904
2384	-6.106
2385	-19.5
2386	-2.93
2387	-11.58
2388	-0.4127
2389	-0.0754
2390	-0.2436
2391	-0.5086
2392	0.001118
2393	-0.4023
2394	-2.474
2395	0.7473
2396	-0.8932
2397	-12.8
2398	-0.4905
2399	-0.7612
2400	2.024
2401	-1.088
2402	-0.6189
2403	-1.196
2404	-0.2741
2405	-0.435
2406	-0.01047
2407	2.843
2408	-6.762
2409	0.911
2410	-0.9802
2411	-1.054
2412	-2.165
2413	0.5893
2414	1.302
2415	-2.216
2416	-9.907
2417	-8.323
2418	-2.585
2419	-0.927
2420	0.09124
2421	0.005043
2422	-0.2745
2423	-0.3046
2424	-1.818
2425	-5.604
2426	-1.776
2427	-2.06
2428	0.4041
2429	0.2738
2430	-6.094
2431	1.013
2432	-0.3346
2433	-0.8987
2434	0.4383
2435	1.82
2436	0.6987
2437	-3.544
2438	-1.566
2439	-7.52E-4
2440	0.3703
2441	-2.586
2442	-0.9126
2443	2.183
2444	0.2679
2445	-1.197
2446	-4.462
2447	-1.109
2448	-1.113
2449	-5.21
2450	-24.47
2451	1.575
2452	-2.903
2453	-0.1599
2454	0.8224
2455	-4.219
2456	0.08232
2457	0.1948
2458	-0.01278
2459	-0.7443
2460	-0.1957
2461	0.873
2462	-3.371
2463	-0.333
2464	-0.2119
2465	-0.5798
2466	-4.292
2467	-1.287
2468	-0.06583
2469	-0.3283
2470	-2.08
2471	1.536E-4
2472	-0.311
2473	0.3934
2474	-3.52
2475	0.3521
2476	-0.7911
2477	-0.2477
2478	2.256
2479	-1.622
2480	1.347
2481	-0.7839
2482	-1.186
2483	-7.332
2484	0.7384
2485	-1.344
2486	-6.228
2487	-0.1838
2488	-0.448
2489	-1.096
2490	-1.483
2491	-1.219
2492	-0.1724
2493	-0.938
2494	0.1344
2495	-0.1292
2496	-0.5464
2497	-0.2147
2498	-2.185
2499	-2.163
2500	-0.7237
2501	0.01274
2502	0.03503
2503	-0.03651
2504	-0.6383
2505	-2.454
2506	0.07623
2507	0.4455
2508	0.001705
2509	0.04829
2510	0.00743
2511	-0.1724
2512	0.2063
2513	0.5893
2514	-4.481
2515	0.07819
2516	-0.08299
2517	-0.08098
2518	-1.542
2519	0.6651
2520	-0.09976
2521	-3.242
2522	-0.4343
2523	-1.113
2524	-0.01705
2525	-0.9249
2526	0.1035
2527	-1.05
2528	0.06625
2529	0.08203
2530	-0.467
2531	0.9034
2532	-0.2417
2533	-5.107
2534	-3.929
2535	0.02913
2536	-1.985
2537	-1.066
2538	0.32
2539	-4.115
2540	-0.1108
2541	0.2362
2542	0.5812
2543	0.6682
2544	-1.035
2545	-4.424
2546	1.097
2547	-0.1014
2548	-0.7375
2549	-1.413
2550	-3.657
2551	0.005733
2552	0.7927
2553	-3.174
2554	-1.239
2555	0.5681
2556	-5.993
2557	-1.616
2558	-10.54
2559	-0.1762
2560	-1.415
2561	1.68
2562	-8.054
2563	1.587
2564	1.129
2565	-3.523
2566	1.023
2567	-0.06486
2568	-1.978
2569	-0.6383
2570	-0.3451
2571	-0.05678
2572	0.1979
2573	-2.238
2574	0.01053
2575	0.334
2576	0.005289
2577	-0.1401
2578	0.02555
2579	-1.264
2580	-4.155
2581	-2.011
2582	0.262
2583	0.036
2584	0.07423
2585	-0.1584
2586	0.03954
2587	-0.2309
2588	0.03412
2589	1.219
2590	-1.701
2591	-1.064
2592	-1.797
2593	-0.1381
2594	-1.816
2595	0.06144
2596	-4.291
2597	-3.755
2598	-0.9928
2599	-0.8523
2600	-3.407
2601	-1.0
2602	0.1536
2603	-2.489
2604	-6.86
2605	-3.838
2606	-3.04
2607	0.14
2608	-0.002118
2609	-0.09314
2610	-1.282
2611	0.1399
2612	0.2663
2613	-0.00449
2614	0.208
2615	-0.4607
2616	-0.4806
2617	0.8119
2618	-4.866
2619	-0.483
2620	-0.7744
2621	-0.0824
2622	0.5758
2623	-6.275
2624	1.5
2625	0.1845
2626	-2.3
2627	0.4588
2628	-1.604
2629	-3.024
2630	0.007315
2631	-0.1476
2632	1.084
2633	0.4424
2634	0.158
2635	-1.164
2636	1.721
2637	0.06614
2638	0.1865
2639	-1.784
2640	1.153
2641	-0.9524
2642	0.2147
2643	-0.1696
2644	-0.3017
2645	-2.903
2646	0.4899
2647	-0.03829
2648	-0.4885
2649	-0.3351
2650	-0.05776
2651	-0.3475
2652	-0.01921
2653	0.2805
2654	-0.6183
2655	-0.1456
2656	-0.08616
2657	-0.2797
2658	-0.8244
2659	-0.527
2660	0.1904
2661	2.344
2662	0.6452
2663	-3.148
2664	0.4593
2665	-4.468
2666	0.5488
2667	-1.416
2668	-0.09888
2669	-0.2693
2670	0.456
2671	0.9039
2672	-4.386
2673	-0.8425
2674	-0.2654
2675	0.9839
2676	0.5166
2677	-1.512
2678	-3.928
2679	2.814
2680	2.243
2681	2.363
2682	0.5927
2683	1.203
2684	0.9613
2685	0.2123
2686	-1.947
2687	-1.889
2688	1.017
2689	0.3867
2690	-0.1184
2691	-1.24
2692	-0.2753
2693	1.081
2694	-0.2863
2695	-4.721
2696	3.674
2697	-2.164
2698	-0.07594
2699	-3.535
2700	-4.886
2701	0.882
2702	-0.1146
2703	0.1019
2704	-0.9592
2705	0.1936
2706	3.573
2707	-0.8985
2708	-0.008946
2709	-0.2543
2710	-0.605
2711	-0.7566
2712	-0.7047
2713	-3.608
2714	-0.6201
2715	-1.941
2716	-0.2401
2717	0.6548
2718	-1.636
2719	-10.38
2720	-0.5067
2721	-2.085
2722	-1.162
2723	0.4878
2724	-2.853
2725	0.2076
2726	0.3487
2727	0.2118
2728	-0.2766
2729	0.1109
2730	0.3181
2731	-1.386
2732	-0.4323
2733	-3.258
2734	-0.4319
2735	-0.4336
2736	0.247
2737	-0.6659
2738	-0.4309
2739	-7.277E-4
2740	-0.9805
2741	-0.8715
2742	-4.96
2743	-0.2725
2744	0.3251
2745	-0.03897
2746	-1.817
2747	-0.001889
2748	0.001664
2749	-0.02135
2750	-2.494
2751	-1.941
2752	0.5426
2753	-0.08885
2754	-5.378
2755	-6.87
2756	0.6771
2757	-5.64
2758	0.3182
2759	-0.08
2760	-2.343
2761	-0.3363
2762	-0.377
2763	0.03425
2764	0.5026
2765	-0.7917
2766	-1.728
2767	-5.552
2768	-0.3872
2769	0.1912
2770	0.0484
2771	-1.21
2772	-0.8972
2773	-1.872
2774	-0.3142
2775	-4.036
2776	-0.7397
2777	-0.7913
2778	-0.1849
2779	0.0136
2780	-3.681
2781	-4.143
2782	0.6709
2783	1.143
2784	-0.03591
2785	-0.09282
2786	-0.06045
2787	-0.501
2788	0.5381
2789	-0.458
2790	0.3304
2791	0.4314
2792	-0.6984
2793	0.9281
2794	-1.581
2795	-0.03526
2796	-0.6422
2797	-1.122
2798	-1.243
2799	1.346
2800	3.331
2801	2.448
2802	-3.203
2803	-0.5375
2804	-1.016
2805	0.7278
2806	-0.3154
2807	-0.3196
2808	0.8824
2809	-1.445
2810	1.156
2811	0.03058
2812	-0.9105
2813	3.034
2814	0.3024
2815	0.0201
2816	0.04163
2817	1.231
2818	-0.1656
2819	-5.385
2820	-0.9686
2821	-1.844
2822	0.2813
2823	0.2959
2824	-1.53
2825	-4.349
2826	-1.375
2827	-0.08059
2828	-0.6205
2829	-0.0661
2830	-2.434
2831	-2.085
2832	0.7822
2833	-2.93
2834	-0.1303
2835	-0.1488
2836	0.2311
2837	0.06628
2838	-3.183
2839	-0.8697
2840	0.6543
2841	-3.731
2842	0.003276
2843	0.3751
2844	0.6101
2845	-7.749
2846	-1.516
2847	0.6721
2848	-1.944
2849	1.189
2850	-0.7269
2851	-3.037
2852	-13.07
2853	-1.201
2854	-0.5624
2855	0.5095
2856	-0.3076
2857	-0.07571
2858	0.05237
2859	-4.795
2860	0.08135
2861	0.07678
2862	-0.3987
2863	-6.522
2864	-3.579
2865	-1.706
2866	1.243
2867	-0.7731
2868	-0.987
2869	-1.646
2870	0.02072
2871	-1.524
2872	-0.09575
2873	-0.3385
2874	-1.862
2875	-4.347
2876	-1.039
2877	-0.2821
2878	0.1692
2879	-6.547
2880	0.2573
2881	-0.5465
2882	-0.09377
2883	-1.024
2884	-0.3168
2885	-0.05326
2886	0.04471
2887	-0.07906
2888	-0.9107
2889	-1.283
2890	-0.2618
2891	0.4426
2892	-0.7659
2893	-4.004
2894	-0.7655
2895	-2.035
2896	-0.1214
2897	-1.635
2898	0.5213
2899	-2.2
2900	-1.294
2901	2.029
2902	1.865
2903	0.1419
2904	1.078
2905	-1.732
2906	-1.897
2907	-0.3835
2908	-0.4502
2909	1.598
2910	-13.06
2911	1.527
2912	-0.4685
2913	-1.1
2914	-1.091
2915	-0.8595
2916	0.7127
2917	-1.355
2918	-4.364
2919	-0.145
2920	0.1118
2921	-0.06199
2922	0.04626
2923	-0.32
2924	-0.9431
2925	0.2907
2926	-4.301
2927	-0.408
2928	0.5877
2929	-12.89
2930	-0.5277
2931	-6.731
2932	1.142
2933	-2.769
2934	10.03
2935	-11.64
2936	-7.675
2937	4.935
2938	-4.171
2939	-5.713
2940	-0.7193
2941	-0.5086
2942	0.4602
2943	0.6622
2944	-0.2388
2945	-0.2168
2946	-1.538
2947	-3.243
2948	-0.59
2949	-6.94
2950	-1.837
2951	0.6008
2952	0.4601
2953	-0.4401
2954	0.07595
2955	-0.06935
2956	-0.8206
2957	-0.7866
2958	-2.491
2959	-1.103
2960	0.007558
2961	0.5825
2962	0.3186
2963	0.2752
2964	-0.1379
2965	-5.854
2966	-2.12
2967	0.3213
2968	-0.1658
2969	-4.728
2970	-0.9994
2971	0.126
2972	0.7041
2973	-4.032
2974	0.09992
2975	-0.1796
2976	0.8377
2977	0.2308
2978	0.1239
2979	0.007781
2980	0.4161
2981	0.09149
2982	0.08721
2983	-0.1581
2984	0.04781
2985	-6.95
2986	-3.244
2987	-2.35
2988	1.663
2989	1.361
2990	0.541
2991	0.307
2992	-0.9852
2993	-0.9058
2994	-0.2404
2995	-3.219
2996	0.05016
2997	-0.001188
2998	0.1797
2999	-0.04562
3000	-0.1735
