1001	8390.0
1002	8369.0
1003	8334.0
1004	8338.0
1005	8255.0
1006	8259.0
1007	8243.0
1008	8265.0
1009	8375.0
1010	8444.0
1011	8462.0
1012	8406.0
1013	8351.0
1014	8292.0
1015	8240.0
1016	8295.0
1017	8239.0
1018	8305.0
1019	8293.0
1020	8277.0
1021	8297.0
1022	8215.0
1023	8289.0
1024	8324.0
1025	8314.0
1026	8247.0
1027	8251.0
1028	8254.0
1029	8263.0
1030	8403.0
1031	8394.0
1032	8307.0
1033	8355.0
1034	8314.0
1035	8307.0
1036	8296.0
1037	8347.0
1038	8331.0
1039	8358.0
1040	8340.0
1041	8370.0
1042	8324.0
1043	8356.0
1044	8402.0
1045	8440.0
1046	8439.0
1047	8529.0
1048	8532.0
1049	8406.0
1050	8444.0
1051	8443.0
1052	8513.0
1053	8436.0
1054	8464.0
1055	8401.0
1056	8448.0
1057	8363.0
1058	8388.0
1059	8409.0
1060	8323.0
1061	8347.0
1062	8365.0
1063	8413.0
1064	8453.0
1065	8361.0
1066	8288.0
1067	8221.0
1068	8237.0
1069	8207.0
1070	8179.0
1071	8277.0
1072	8289.0
1073	8279.0
1074	8347.0
1075	8199.0
1076	8249.0
1077	8345.0
1078	8375.0
1079	8370.0
1080	8357.0
1081	8360.0
1082	8245.0
1083	8292.0
1084	8315.0
1085	8272.0
1086	8268.0
1087	8276.0
1088	8292.0
1089	8258.0
1090	8395.0
1091	8334.0
1092	8321.0
1093	8312.0
1094	8279.0
1095	8333.0
1096	8252.0
1097	8335.0
1098	8324.0
1099	8291.0
1100	8297.0
1101	8234.0
1102	8256.0
1103	8261.0
1104	8365.0
1105	8291.0
1106	8339.0
1107	8447.0
1108	8489.0
1109	8420.0
1110	8369.0
1111	8359.0
1112	8445.0
1113	8441.0
1114	8390.0
1115	8435.0
1116	8447.0
1117	8430.0
1118	8423.0
1119	8364.0
1120	8333.0
1121	8329.0
1122	8362.0
1123	8351.0
1124	8388.0
1125	8467.0
1126	8469.0
1127	8412.0
1128	8363.0
1129	8370.0
1130	8456.0
1131	8532.0
1132	8440.0
1133	8369.0
1134	8313.0
1135	8446.0
1136	8501.0
1137	8481.0
1138	8360.0
1139	8428.0
1140	8461.0
1141	8400.0
1142	8399.0
1143	8368.0
1144	8343.0
1145	8332.0
1146	8372.0
1147	8424.0
1148	8407.0
1149	8323.0
1150	8299.0
1151	8304.0
1152	8431.0
1153	8473.0
1154	8451.0
1155	8505.0
1156	8492.0
1157	8495.0
1158	8472.0
1159	8439.0
1160	8418.0
1161	8432.0
1162	8364.0
1163	8396.0
1164	8402.0
1165	8464.0
1166	8428.0
1167	8377.0
1168	8437.0
1169	8343.0
1170	8355.0
1171	8403.0
1172	8380.0
1173	8439.0
1174	8466.0
1175	8466.0
1176	8420.0
1177	8506.0
1178	8448.0
1179	8365.0
1180	8374.0
1181	8304.0
1182	8349.0
1183	8317.0
1184	8262.0
1185	8242.0
1186	8258.0
1187	8233.0
1188	8316.0
1189	8398.0
1190	8369.0
1191	8461.0
1192	8524.0
1193	8573.0
1194	8492.0
1195	8419.0
1196	8391.0
1197	8363.0
1198	8401.0
1199	8358.0
1200	8331.0
1201	8345.0
1202	8329.0
1203	8344.0
1204	8357.0
1205	8346.0
1206	8351.0
1207	8348.0
1208	8315.0
1209	8275.0
1210	8278.0
1211	8208.0
1212	8232.0
1213	8254.0
1214	8232.0
1215	8202.0
1216	8219.0
1217	8204.0
1218	8275.0
1219	8330.0
1220	8364.0
1221	8302.0
1222	8310.0
1223	8301.0
1224	8257.0
1225	8322.0
1226	8338.0
1227	8411.0
1228	8436.0
1229	8460.0
1230	8437.0
1231	8420.0
1232	8459.0
1233	8425.0
1234	8480.0
1235	8456.0
1236	8437.0
1237	8502.0
1238	8549.0
1239	8592.0
1240	8567.0
1241	8515.0
1242	8491.0
1243	8450.0
1244	8477.0
1245	8468.0
1246	8405.0
1247	8397.0
1248	8492.0
1249	8392.0
1250	8362.0
1251	8406.0
1252	8283.0
1253	8339.0
1254	8347.0
1255	8280.0
1256	8251.0
1257	8320.0
1258	8219.0
1259	8343.0
1260	8332.0
1261	8361.0
1262	8351.0
1263	8305.0
1264	8286.0
1265	8268.0
1266	8343.0
1267	8374.0
1268	8373.0
1269	8371.0
1270	8397.0
1271	8367.0
1272	8383.0
1273	8381.0
1274	8400.0
1275	8418.0
1276	8457.0
1277	8467.0
1278	8466.0
1279	8517.0
1280	8455.0
1281	8513.0
1282	8394.0
1283	8312.0
1284	8372.0
1285	8417.0
1286	8510.0
1287	8472.0
1288	8363.0
1289	8320.0
1290	8405.0
1291	8364.0
1292	8312.0
1293	8298.0
1294	8240.0
1295	8291.0
1296	8219.0
1297	8189.0
1298	8154.0
1299	8188.0
1300	8358.0
1301	8331.0
1302	8402.0
1303	8357.0
1304	8361.0
1305	8328.0
1306	8337.0
1307	8364.0
1308	8345.0
1309	8285.0
1310	8287.0
1311	8338.0
1312	8422.0
1313	8452.0
1314	8412.0
1315	8448.0
1316	8459.0
1317	8423.0
1318	8487.0
1319	8531.0
1320	8454.0
1321	8484.0
1322	8459.0
1323	8346.0
1324	8276.0
1325	8185.0
1326	8231.0
1327	8278.0
1328	8301.0
1329	8361.0
1330	8366.0
1331	8352.0
1332	8415.0
1333	8364.0
1334	8273.0
1335	8259.0
1336	8271.0
1337	8372.0
1338	8359.0
1339	8332.0
1340	8358.0
1341	8481.0
1342	8542.0
1343	8608.0
1344	8438.0
1345	8371.0
1346	8413.0
1347	8329.0
1348	8369.0
1349	8304.0
1350	8319.0
1351	8377.0
1352	8436.0
1353	8352.0
1354	8348.0
1355	8347.0
1356	8390.0
1357	8365.0
1358	8388.0
1359	8358.0
1360	8337.0
1361	8273.0
1362	8245.0
1363	8302.0
1364	8295.0
1365	8291.0
1366	8352.0
1367	8322.0
1368	8222.0
1369	8238.0
1370	8260.0
1371	8282.0
1372	8214.0
1373	8308.0
1374	8369.0
1375	8453.0
1376	8419.0
1377	8445.0
1378	8342.0
1379	8378.0
1380	8361.0
1381	8350.0
1382	8334.0
1383	8290.0
1384	8354.0
1385	8334.0
1386	8325.0
1387	8293.0
1388	8308.0
1389	8416.0
1390	8382.0
1391	8415.0
1392	8363.0
1393	8393.0
1394	8360.0
1395	8357.0
1396	8396.0
1397	8370.0
1398	8454.0
1399	8400.0
1400	8358.0
1401	8350.0
1402	8320.0
1403	8301.0
1404	8386.0
1405	8346.0
1406	8403.0
1407	8345.0
1408	8416.0
1409	8411.0
1410	8280.0
1411	8349.0
1412	8373.0
1413	8337.0
1414	8349.0
1415	8340.0
1416	8282.0
1417	8221.0
1418	8211.0
1419	8297.0
1420	8316.0
1421	8285.0
1422	8294.0
1423	8288.0
1424	8305.0
1425	8354.0
1426	8337.0
1427	8369.0
1428	8386.0
1429	8393.0
1430	8323.0
1431	8327.0
1432	8297.0
1433	8357.0
1434	8287.0
1435	8291.0
1436	8133.0
1437	8256.0
1438	8257.0
1439	8275.0
1440	8298.0
1441	8322.0
1442	8352.0
1443	8322.0
1444	8375.0
1445	8306.0
1446	8307.0
1447	8339.0
1448	8327.0
1449	8340.0
1450	8378.0
1451	8326.0
1452	8343.0
1453	8347.0
1454	8298.0
1455	8269.0
1456	8393.0
1457	8417.0
1458	8449.0
1459	8367.0
1460	8328.0
1461	8285.0
1462	8301.0
1463	8255.0
1464	8256.0
1465	8211.0
1466	8212.0
1467	8240.0
1468	8271.0
1469	8208.0
1470	8352.0
1471	8341.0
1472	8191.0
1473	8190.0
1474	8273.0
1475	8270.0
1476	8202.0
1477	8203.0
1478	8250.0
1479	8262.0
1480	8239.0
1481	8274.0
1482	8232.0
1483	8234.0
1484	8270.0
1485	8240.0
1486	8341.0
1487	8329.0
1488	8382.0
1489	8380.0
1490	8386.0
1491	8510.0
1492	8387.0
1493	8475.0
1494	8355.0
1495	8265.0
1496	8241.0
1497	8258.0
1498	8282.0
1499	8267.0
1500	8210.0
1501	8304.0
1502	8359.0
1503	8292.0
1504	8230.0
1505	8232.0
1506	8341.0
1507	8334.0
1508	8337.0
1509	8284.0
1510	8262.0
1511	8370.0
1512	8345.0
1513	8363.0
1514	8348.0
1515	8339.0
1516	8377.0
1517	8419.0
1518	8431.0
1519	8405.0
1520	8408.0
1521	8347.0
1522	8405.0
1523	8447.0
1524	8311.0
1525	8348.0
1526	8376.0
1527	8393.0
1528	8379.0
1529	8381.0
1530	8373.0
1531	8408.0
1532	8368.0
1533	8344.0
1534	8326.0
1535	8361.0
1536	8299.0
1537	8380.0
1538	8409.0
1539	8396.0
1540	8395.0
1541	8305.0
1542	8336.0
1543	8333.0
1544	8301.0
1545	8366.0
1546	8300.0
1547	8332.0
1548	8380.0
1549	8416.0
1550	8395.0
1551	8387.0
1552	8375.0
1553	8391.0
1554	8517.0
1555	8378.0
1556	8449.0
1557	8353.0
1558	8375.0
1559	8454.0
1560	8441.0
1561	8437.0
1562	8522.0
1563	8530.0
1564	8571.0
1565	8452.0
1566	8398.0
1567	8385.0
1568	8499.0
1569	8489.0
1570	8391.0
1571	8496.0
1572	8443.0
1573	8427.0
1574	8365.0
1575	8382.0
1576	8342.0
1577	8333.0
1578	8256.0
1579	8235.0
1580	8305.0
1581	8238.0
1582	8260.0
1583	8207.0
1584	8312.0
1585	8282.0
1586	8304.0
1587	8340.0
1588	8308.0
1589	8373.0
1590	8430.0
1591	8420.0
1592	8387.0
1593	8419.0
1594	8339.0
1595	8296.0
1596	8262.0
1597	8304.0
1598	8277.0
1599	8298.0
1600	8324.0
1601	8296.0
1602	8362.0
1603	8313.0
1604	8383.0
1605	8329.0
1606	8264.0
1607	8275.0
1608	8418.0
1609	8351.0
1610	8481.0
1611	8479.0
1612	8445.0
1613	8395.0
1614	8370.0
1615	8426.0
1616	8379.0
1617	8426.0
1618	8456.0
1619	8527.0
1620	8470.0
1621	8489.0
1622	8483.0
1623	8424.0
1624	8494.0
1625	8531.0
1626	8457.0
1627	8419.0
1628	8436.0
1629	8434.0
1630	8237.0
1631	8318.0
1632	8261.0
1633	8209.0
1634	8257.0
1635	8237.0
1636	8272.0
1637	8394.0
1638	8387.0
1639	8408.0
1640	8495.0
1641	8374.0
1642	8431.0
1643	8469.0
1644	8360.0
1645	8352.0
1646	8332.0
1647	8365.0
1648	8284.0
1649	8302.0
1650	8318.0
1651	8337.0
1652	8312.0
1653	8291.0
1654	8347.0
1655	8320.0
1656	8354.0
1657	8348.0
1658	8381.0
1659	8387.0
1660	8313.0
1661	8424.0
1662	8315.0
1663	8305.0
1664	8197.0
1665	8304.0
1666	8408.0
1667	8396.0
1668	8387.0
1669	8298.0
1670	8272.0
1671	8361.0
1672	8339.0
1673	8381.0
1674	8282.0
1675	8286.0
1676	8284.0
1677	8283.0
1678	8284.0
1679	8260.0
1680	8259.0
1681	8292.0
1682	8358.0
1683	8338.0
1684	8305.0
1685	8300.0
1686	8285.0
1687	8259.0
1688	8231.0
1689	8266.0
1690	8357.0
1691	8387.0
1692	8410.0
1693	8411.0
1694	8393.0
1695	8365.0
1696	8399.0
1697	8236.0
1698	8177.0
1699	8247.0
1700	8269.0
1701	8361.0
1702	8267.0
1703	8273.0
1704	8361.0
1705	8369.0
1706	8325.0
1707	8268.0
1708	8318.0
1709	8308.0
1710	8296.0
1711	8355.0
1712	8274.0
1713	8222.0
1714	8303.0
1715	8314.0
1716	8359.0
1717	8389.0
1718	8281.0
1719	8298.0
1720	8251.0
1721	8224.0
1722	8285.0
1723	8401.0
1724	8355.0
1725	8384.0
1726	8337.0
1727	8246.0
1728	8268.0
1729	8335.0
1730	8292.0
1731	8303.0
1732	8337.0
1733	8302.0
1734	8137.0
1735	8196.0
1736	8314.0
1737	8383.0
1738	8414.0
1739	8377.0
1740	8384.0
1741	8403.0
1742	8374.0
1743	8411.0
1744	8356.0
1745	8365.0
1746	8420.0
1747	8354.0
1748	8401.0
1749	8405.0
1750	8324.0
1751	8268.0
1752	8289.0
1753	8357.0
1754	8330.0
1755	8415.0
1756	8399.0
1757	8343.0
1758	8365.0
1759	8371.0
1760	8325.0
1761	8390.0
1762	8324.0
1763	8377.0
1764	8309.0
1765	8299.0
1766	8316.0
1767	8358.0
1768	8381.0
1769	8326.0
1770	8321.0
1771	8380.0
1772	8372.0
1773	8382.0
1774	8367.0
1775	8363.0
1776	8428.0
1777	8390.0
1778	8292.0
1779	8324.0
1780	8337.0
1781	8347.0
1782	8478.0
1783	8502.0
1784	8471.0
1785	8503.0
1786	8535.0
1787	8439.0
1788	8451.0
1789	8475.0
1790	8414.0
1791	8418.0
1792	8469.0
1793	8467.0
1794	8404.0
1795	8452.0
1796	8355.0
1797	8399.0
1798	8293.0
1799	8327.0
1800	8378.0
1801	8326.0
1802	8376.0
1803	8419.0
1804	8341.0
1805	8362.0
1806	8366.0
1807	8401.0
1808	8445.0
1809	8342.0
1810	8400.0
1811	8471.0
1812	8501.0
1813	8488.0
1814	8458.0
1815	8412.0
1816	8417.0
1817	8444.0
1818	8468.0
1819	8481.0
1820	8458.0
1821	8429.0
1822	8375.0
1823	8298.0
1824	8303.0
1825	8267.0
1826	8265.0
1827	8310.0
1828	8332.0
1829	8274.0
1830	8400.0
1831	8379.0
1832	8343.0
1833	8350.0
1834	8442.0
1835	8472.0
1836	8433.0
1837	8478.0
1838	8490.0
1839	8473.0
1840	8459.0
1841	8480.0
1842	8441.0
1843	8415.0
1844	8438.0
1845	8380.0
1846	8351.0
1847	8417.0
1848	8411.0
1849	8364.0
1850	8388.0
1851	8396.0
1852	8425.0
1853	8433.0
1854	8479.0
1855	8382.0
1856	8354.0
1857	8350.0
1858	8334.0
1859	8287.0
1860	8333.0
1861	8364.0
1862	8293.0
1863	8413.0
1864	8282.0
1865	8258.0
1866	8289.0
1867	8375.0
1868	8331.0
1869	8375.0
1870	8330.0
1871	8254.0
1872	8286.0
1873	8333.0
1874	8346.0
1875	8309.0
1876	8299.0
1877	8237.0
1878	8271.0
1879	8354.0
1880	8339.0
1881	8410.0
1882	8498.0
1883	8420.0
1884	8397.0
1885	8293.0
1886	8256.0
1887	8304.0
1888	8288.0
1889	8280.0
1890	8311.0
1891	8272.0
1892	8326.0
1893	8315.0
1894	8215.0
1895	8214.0
1896	8370.0
1897	8367.0
1898	8307.0
1899	8379.0
1900	8336.0
1901	8316.0
1902	8352.0
1903	8362.0
1904	8416.0
1905	8407.0
1906	8392.0
1907	8337.0
1908	8428.0
1909	8396.0
1910	8304.0
1911	8344.0
1912	8299.0
1913	8240.0
1914	8346.0
1915	8352.0
1916	8330.0
1917	8344.0
1918	8424.0
1919	8417.0
1920	8359.0
1921	8290.0
1922	8403.0
1923	8418.0
1924	8394.0
1925	8386.0
1926	8453.0
1927	8511.0
1928	8578.0
1929	8474.0
1930	8544.0
1931	8382.0
1932	8337.0
1933	8349.0
1934	8303.0
1935	8370.0
1936	8310.0
1937	8309.0
1938	8333.0
1939	8310.0
1940	8345.0
1941	8347.0
1942	8416.0
1943	8368.0
1944	8359.0
1945	8388.0
1946	8374.0
1947	8341.0
1948	8358.0
1949	8405.0
1950	8380.0
1951	8396.0
1952	8278.0
1953	8275.0
1954	8257.0
1955	8200.0
1956	8309.0
1957	8218.0
1958	8229.0
1959	8283.0
1960	8421.0
1961	8411.0
1962	8370.0
1963	8322.0
1964	8303.0
1965	8281.0
1966	8310.0
1967	8260.0
1968	8273.0
1969	8295.0
1970	8223.0
1971	8274.0
1972	8364.0
1973	8356.0
1974	8288.0
1975	8232.0
1976	8227.0
1977	8243.0
1978	8359.0
1979	8345.0
1980	8427.0
1981	8500.0
1982	8437.0
1983	8379.0
1984	8339.0
1985	8351.0
1986	8405.0
1987	8382.0
1988	8345.0
1989	8313.0
1990	8297.0
1991	8362.0
1992	8315.0
1993	8317.0
1994	8334.0
1995	8333.0
1996	8366.0
1997	8292.0
1998	8440.0
1999	8519.0
2000	8427.0
2001	8502.0
2002	8460.0
2003	8436.0
2004	8422.0
2005	8495.0
2006	8533.0
2007	8585.0
2008	8538.0
2009	8557.0
2010	8549.0
2011	8514.0
2012	8503.0
2013	8493.0
2014	8403.0
2015	8416.0
2016	8423.0
2017	8342.0
2018	8310.0
2019	8295.0
2020	8328.0
2021	8337.0
2022	8319.0
2023	8323.0
2024	8316.0
2025	8319.0
2026	8331.0
2027	8281.0
2028	8354.0
2029	8430.0
2030	8408.0
2031	8350.0
2032	8454.0
2033	8413.0
2034	8431.0
2035	8356.0
2036	8387.0
2037	8317.0
2038	8369.0
2039	8375.0
2040	8342.0
2041	8364.0
2042	8299.0
2043	8378.0
2044	8302.0
2045	8308.0
2046	8390.0
2047	8409.0
2048	8451.0
2049	8416.0
2050	8371.0
2051	8388.0
2052	8426.0
2053	8343.0
2054	8270.0
2055	8410.0
2056	8444.0
2057	8451.0
2058	8331.0
2059	8344.0
2060	8255.0
2061	8208.0
2062	8279.0
2063	8198.0
2064	8216.0
2065	8220.0
2066	8255.0
2067	8258.0
2068	8301.0
2069	8366.0
2070	8310.0
2071	8332.0
2072	8409.0
2073	8314.0
2074	8318.0
2075	8378.0
2076	8468.0
2077	8364.0
2078	8318.0
2079	8273.0
2080	8348.0
2081	8291.0
2082	8277.0
2083	8332.0
2084	8279.0
2085	8368.0
2086	8382.0
2087	8382.0
2088	8342.0
2089	8328.0
2090	8291.0
2091	8307.0
2092	8377.0
2093	8303.0
2094	8346.0
2095	8364.0
2096	8455.0
2097	8464.0
2098	8413.0
2099	8411.0
2100	8476.0
2101	8384.0
2102	8359.0
2103	8329.0
2104	8249.0
2105	8214.0
2106	8260.0
2107	8337.0
2108	8324.0
2109	8293.0
2110	8359.0
2111	8242.0
2112	8314.0
2113	8332.0
2114	8304.0
2115	8289.0
2116	8341.0
2117	8397.0
2118	8417.0
2119	8356.0
2120	8390.0
2121	8333.0
2122	8309.0
2123	8307.0
2124	8376.0
2125	8402.0
2126	8339.0
2127	8324.0
2128	8429.0
2129	8393.0
2130	8325.0
2131	8412.0
2132	8354.0
2133	8303.0
2134	8293.0
2135	8318.0
2136	8284.0
2137	8380.0
2138	8438.0
2139	8434.0
2140	8558.0
2141	8582.0
2142	8506.0
2143	8403.0
2144	8440.0
2145	8381.0
2146	8386.0
2147	8428.0
2148	8421.0
2149	8373.0
2150	8318.0
2151	8301.0
2152	8351.0
2153	8318.0
2154	8236.0
2155	8240.0
2156	8233.0
2157	8282.0
2158	8308.0
2159	8333.0
2160	8341.0
2161	8370.0
2162	8384.0
2163	8376.0
2164	8417.0
2165	8449.0
2166	8309.0
2167	8341.0
2168	8303.0
2169	8389.0
2170	8492.0
2171	8447.0
2172	8489.0
2173	8336.0
2174	8256.0
2175	8284.0
2176	8298.0
2177	8270.0
2178	8325.0
2179	8327.0
2180	8286.0
2181	8325.0
2182	8368.0
2183	8410.0
2184	8479.0
2185	8483.0
2186	8392.0
2187	8413.0
2188	8298.0
2189	8283.0
2190	8447.0
2191	8524.0
2192	8479.0
2193	8473.0
2194	8490.0
2195	8542.0
2196	8499.0
2197	8502.0
2198	8361.0
2199	8417.0
2200	8431.0
2201	8424.0
2202	8344.0
2203	8356.0
2204	8412.0
2205	8371.0
2206	8381.0
2207	8434.0
2208	8380.0
2209	8357.0
2210	8549.0
2211	8522.0
2212	8591.0
2213	8441.0
2214	8432.0
2215	8396.0
2216	8353.0
2217	8323.0
2218	8324.0
2219	8284.0
2220	8320.0
2221	8305.0
2222	8339.0
2223	8349.0
2224	8356.0
2225	8304.0
2226	8332.0
2227	8382.0
2228	8258.0
2229	8256.0
2230	8283.0
2231	8321.0
2232	8279.0
2233	8274.0
2234	8308.0
2235	8340.0
2236	8377.0
2237	8398.0
2238	8458.0
2239	8431.0
2240	8416.0
2241	8351.0
2242	8405.0
2243	8370.0
2244	8293.0
2245	8335.0
2246	8363.0
2247	8287.0
2248	8326.0
2249	8310.0
2250	8368.0
2251	8371.0
2252	8393.0
2253	8317.0
2254	8322.0
2255	8365.0
2256	8317.0
2257	8336.0
2258	8291.0
2259	8372.0
2260	8373.0
2261	8389.0
2262	8397.0
2263	8398.0
2264	8408.0
2265	8355.0
2266	8334.0
2267	8377.0
2268	8368.0
2269	8407.0
2270	8461.0
2271	8369.0
2272	8325.0
2273	8387.0
2274	8352.0
2275	8367.0
2276	8370.0
2277	8296.0
2278	8410.0
2279	8404.0
2280	8395.0
2281	8387.0
2282	8308.0
2283	8341.0
2284	8261.0
2285	8320.0
2286	8305.0
2287	8331.0
2288	8331.0
2289	8281.0
2290	8281.0
2291	8431.0
2292	8408.0
2293	8378.0
2294	8406.0
2295	8406.0
2296	8389.0
2297	8350.0
2298	8441.0
2299	8451.0
2300	8457.0
2301	8378.0
2302	8346.0
2303	8284.0
2304	8359.0
2305	8377.0
2306	8384.0
2307	8396.0
2308	8352.0
2309	8320.0
2310	8306.0
2311	8366.0
2312	8426.0
2313	8333.0
2314	8292.0
2315	8218.0
2316	8317.0
2317	8288.0
2318	8323.0
2319	8395.0
2320	8388.0
2321	8478.0
2322	8411.0
2323	8459.0
2324	8444.0
2325	8472.0
2326	8453.0
2327	8390.0
2328	8302.0
2329	8292.0
2330	8345.0
2331	8352.0
2332	8314.0
2333	8343.0
2334	8295.0
2335	8398.0
2336	8309.0
2337	8388.0
2338	8404.0
2339	8387.0
2340	8324.0
2341	8262.0
2342	8292.0
2343	8237.0
2344	8285.0
2345	8253.0
2346	8293.0
2347	8295.0
2348	8237.0
2349	8233.0
2350	8267.0
2351	8248.0
2352	8235.0
2353	8315.0
2354	8180.0
2355	8235.0
2356	8257.0
2357	8324.0
2358	8259.0
2359	8292.0
2360	8234.0
2361	8285.0
2362	8340.0
2363	8394.0
2364	8411.0
2365	8439.0
2366	8381.0
2367	8373.0
2368	8367.0
2369	8301.0
2370	8339.0
2371	8350.0
2372	8403.0
2373	8406.0
2374	8412.0
2375	8432.0
2376	8441.0
2377	8417.0
2378	8431.0
2379	8297.0
2380	8395.0
2381	8393.0
2382	8366.0
2383	8373.0
2384	8416.0
2385	8346.0
2386	8301.0
2387	8335.0
2388	8294.0
2389	8348.0
2390	8345.0
2391	8279.0
2392	8313.0
2393	8263.0
2394	8206.0
2395	8262.0
2396	8201.0
2397	8237.0
2398	8237.0
2399	8291.0
2400	8244.0
2401	8289.0
2402	8307.0
2403	8305.0
2404	8267.0
2405	8238.0
2406	8259.0
2407	8271.0
2408	8242.0
2409	8214.0
2410	8314.0
2411	8312.0
2412	8272.0
2413	8300.0
2414	8306.0
2415	8338.0
2416	8303.0
2417	8255.0
2418	8351.0
2419	8429.0
2420	8280.0
2421	8314.0
2422	8385.0
2423	8367.0
2424	8391.0
2425	8375.0
2426	8334.0
2427	8353.0
2428	8325.0
2429	8226.0
2430	8311.0
2431	8372.0
2432	8316.0
2433	8361.0
2434	8449.0
2435	8398.0
2436	8316.0
2437	8248.0
2438	8298.0
2439	8346.0
2440	8289.0
2441	8276.0
2442	8339.0
2443	8320.0
2444	8273.0
2445	8313.0
2446	8246.0
2447	8283.0
2448	8356.0
2449	8455.0
2450	8388.0
2451	8362.0
2452	8364.0
2453	8312.0
2454	8408.0
2455	8396.0
2456	8347.0
2457	8345.0
2458	8408.0
2459	8377.0
2460	8302.0
2461	8333.0
2462	8352.0
2463	8345.0
2464	8321.0
2465	8396.0
2466	8452.0
2467	8355.0
2468	8348.0
2469	8342.0
2470	8369.0
2471	8405.0
2472	8321.0
2473	8349.0
2474	8290.0
2475	8267.0
2476	8235.0
2477	8263.0
2478	8279.0
2479	8259.0
2480	8270.0
2481	8351.0
2482	8271.0
2483	8394.0
2484	8369.0
2485	8396.0
2486	8370.0
2487	8305.0
2488	8362.0
2489	8327.0
2490	8456.0
2491	8424.0
2492	8363.0
2493	8338.0
2494	8337.0
2495	8376.0
2496	8345.0
2497	8333.0
2498	8363.0
2499	8434.0
2500	8345.0
2501	8298.0
2502	8218.0
2503	8272.0
2504	8199.0
2505	8235.0
2506	8237.0
2507	8305.0
2508	8377.0
2509	8436.0
2510	8387.0
2511	8417.0
2512	8419.0
2513	8285.0
2514	8306.0
2515	8292.0
2516	8258.0
2517	8303.0
2518	8354.0
2519	8349.0
2520	8332.0
2521	8282.0
2522	8226.0
2523	8203.0
2524	8245.0
2525	8212.0
2526	8271.0
2527	8329.0
2528	8366.0
2529	8313.0
2530	8356.0
2531	8364.0
2532	8391.0
2533	8362.0
2534	8375.0
2535	8398.0
2536	8366.0
2537	8315.0
2538	8349.0
2539	8316.0
2540	8353.0
2541	8378.0
2542	8425.0
2543	8384.0
2544	8337.0
2545	8303.0
2546	8306.0
2547	8357.0
2548	8378.0
2549	8378.0
2550	8453.0
2551	8403.0
2552	8437.0
2553	8493.0
2554	8415.0
2555	8357.0
2556	8393.0
2557	8321.0
2558	8339.0
2559	8349.0
2560	8310.0
2561	8180.0
2562	8191.0
2563	8218.0
2564	8223.0
2565	8266.0
2566	8224.0
2567	8276.0
2568	8255.0
2569	8182.0
2570	8211.0
2571	8321.0
2572	8317.0
2573	8269.0
2574	8326.0
2575	8364.0
2576	8272.0
2577	8283.0
2578	8171.0
2579	8226.0
2580	8254.0
2581	8161.0
2582	8229.0
2583	8152.0
2584	8293.0
2585	8301.0
2586	8367.0
2587	8474.0
2588	8422.0
2589	8293.0
2590	8384.0
2591	8331.0
2592	8344.0
2593	8363.0
2594	8295.0
2595	8339.0
2596	8229.0
2597	8288.0
2598	8271.0
2599	8286.0
2600	8293.0
2601	8336.0
2602	8332.0
2603	8352.0
2604	8398.0
2605	8402.0
2606	8443.0
2607	8438.0
2608	8415.0
2609	8411.0
2610	8378.0
2611	8272.0
2612	8281.0
2613	8349.0
2614	8355.0
2615	8400.0
2616	8448.0
2617	8403.0
2618	8354.0
2619	8317.0
2620	8357.0
2621	8511.0
2622	8348.0
2623	8368.0
2624	8405.0
2625	8427.0
2626	8477.0
2627	8537.0
2628	8589.0
2629	8428.0
2630	8439.0
2631	8459.0
2632	8430.0
2633	8438.0
2634	8515.0
2635	8586.0
2636	8481.0
2637	8381.0
2638	8276.0
2639	8271.0
2640	8208.0
2641	8232.0
2642	8281.0
2643	8376.0
2644	8384.0
2645	8345.0
2646	8363.0
2647	8327.0
2648	8329.0
2649	8329.0
2650	8338.0
2651	8328.0
2652	8287.0
2653	8345.0
2654	8363.0
2655	8349.0
2656	8343.0
2657	8369.0
2658	8375.0
2659	8367.0
2660	8403.0
2661	8444.0
2662	8493.0
2663	8427.0
2664	8329.0
2665	8349.0
2666	8356.0
2667	8427.0
2668	8390.0
2669	8410.0
2670	8443.0
2671	8439.0
2672	8466.0
2673	8461.0
2674	8383.0
2675	8350.0
2676	8362.0
2677	8463.0
2678	8335.0
2679	8344.0
2680	8367.0
2681	8365.0
2682	8388.0
2683	8320.0
2684	8285.0
2685	8361.0
2686	8383.0
2687	8367.0
2688	8464.0
2689	8417.0
2690	8393.0
2691	8433.0
2692	8373.0
2693	8363.0
2694	8346.0
2695	8409.0
2696	8404.0
2697	8370.0
2698	8391.0
2699	8303.0
2700	8300.0
2701	8386.0
2702	8301.0
2703	8320.0
2704	8407.0
2705	8331.0
2706	8327.0
2707	8299.0
2708	8308.0
2709	8424.0
2710	8356.0
2711	8405.0
2712	8453.0
2713	8461.0
2714	8498.0
2715	8458.0
2716	8447.0
2717	8594.0
2718	8454.0
2719	8450.0
2720	8429.0
2721	8416.0
2722	8402.0
2723	8314.0
2724	8371.0
2725	8402.0
2726	8445.0
2727	8376.0
2728	8431.0
2729	8449.0
2730	8433.0
2731	8343.0
2732	8347.0
2733	8321.0
2734	8325.0
2735	8366.0
2736	8374.0
2737	8382.0
2738	8357.0
2739	8430.0
2740	8380.0
2741	8394.0
2742	8384.0
2743	8284.0
2744	8247.0
2745	8334.0
2746	8338.0
2747	8247.0
2748	8320.0
2749	8376.0
2750	8382.0
2751	8321.0
2752	8262.0
2753	8296.0
2754	8208.0
2755	8229.0
2756	8300.0
2757	8317.0
2758	8314.0
2759	8254.0
2760	8295.0
2761	8302.0
2762	8366.0
2763	8317.0
2764	8318.0
2765	8385.0
2766	8354.0
2767	8320.0
2768	8358.0
2769	8223.0
2770	8253.0
2771	8352.0
2772	8326.0
2773	8307.0
2774	8256.0
2775	8269.0
2776	8211.0
2777	8212.0
2778	8110.0
2779	8256.0
2780	8286.0
2781	8313.0
2782	8354.0
2783	8254.0
2784	8354.0
2785	8381.0
2786	8404.0
2787	8310.0
2788	8295.0
2789	8309.0
2790	8334.0
2791	8347.0
2792	8350.0
2793	8326.0
2794	8408.0
2795	8333.0
2796	8344.0
2797	8302.0
2798	8345.0
2799	8423.0
2800	8433.0
2801	8400.0
2802	8381.0
2803	8358.0
2804	8378.0
2805	8406.0
2806	8342.0
2807	8390.0
2808	8246.0
2809	8293.0
2810	8227.0
2811	8260.0
2812	8232.0
2813	8317.0
2814	8262.0
2815	8233.0
2816	8270.0
2817	8281.0
2818	8353.0
2819	8316.0
2820	8311.0
2821	8363.0
2822	8423.0
2823	8483.0
2824	8532.0
2825	8392.0
2826	8418.0
2827	8441.0
2828	8463.0
2829	8417.0
2830	8452.0
2831	8465.0
2832	8493.0
2833	8484.0
2834	8512.0
2835	8368.0
2836	8394.0
2837	8369.0
2838	8386.0
2839	8426.0
2840	8386.0
2841	8379.0
2842	8332.0
2843	8339.0
2844	8309.0
2845	8223.0
2846	8366.0
2847	8306.0
2848	8336.0
2849	8353.0
2850	8245.0
2851	8283.0
2852	8323.0
2853	8338.0
2854	8276.0
2855	8256.0
2856	8407.0
2857	8427.0
2858	8383.0
2859	8429.0
2860	8436.0
2861	8433.0
2862	8453.0
2863	8355.0
2864	8414.0
2865	8388.0
2866	8280.0
2867	8358.0
2868	8370.0
2869	8400.0
2870	8313.0
2871	8342.0
2872	8315.0
2873	8359.0
2874	8355.0
2875	8284.0
2876	8377.0
2877	8427.0
2878	8419.0
2879	8347.0
2880	8393.0
2881	8262.0
2882	8368.0
2883	8322.0
2884	8222.0
2885	8248.0
2886	8324.0
2887	8283.0
2888	8242.0
2889	8277.0
2890	8379.0
2891	8352.0
2892	8275.0
2893	8254.0
2894	8287.0
2895	8345.0
2896	8206.0
2897	8291.0
2898	8283.0
2899	8301.0
2900	8264.0
2901	8219.0
2902	8208.0
2903	8315.0
2904	8354.0
2905	8372.0
2906	8411.0
2907	8440.0
2908	8399.0
2909	8337.0
2910	8230.0
2911	8278.0
2912	8305.0
2913	8377.0
2914	8446.0
2915	8390.0
2916	8368.0
2917	8353.0
2918	8362.0
2919	8297.0
2920	8349.0
2921	8353.0
2922	8406.0
2923	8334.0
2924	8307.0
2925	8391.0
2926	8420.0
2927	8404.0
2928	8360.0
2929	8404.0
2930	8364.0
2931	8365.0
2932	8369.0
2933	8319.0
2934	8375.0
2935	8406.0
2936	8343.0
2937	8410.0
2938	8383.0
2939	8405.0
2940	8402.0
2941	8383.0
2942	8403.0
2943	8325.0
2944	8325.0
2945	8327.0
2946	8454.0
2947	8393.0
2948	8397.0
2949	8387.0
2950	8433.0
2951	8453.0
2952	8427.0
2953	8394.0
2954	8287.0
2955	8370.0
2956	8363.0
2957	8251.0
2958	8337.0
2959	8331.0
2960	8383.0
2961	8349.0
2962	8347.0
2963	8356.0
2964	8353.0
2965	8300.0
2966	8325.0
2967	8284.0
2968	8293.0
2969	8334.0
2970	8435.0
2971	8359.0
2972	8343.0
2973	8376.0
2974	8353.0
2975	8402.0
2976	8449.0
2977	8517.0
2978	8437.0
2979	8322.0
2980	8421.0
2981	8444.0
2982	8457.0
2983	8429.0
2984	8407.0
2985	8404.0
2986	8399.0
2987	8436.0
2988	8397.0
2989	8429.0
2990	8354.0
2991	8320.0
2992	8330.0
2993	8295.0
2994	8254.0
2995	8282.0
2996	8295.0
2997	8316.0
2998	8315.0
2999	8356.0
3000	8372.0
1001	-18.14
1002	20.21
1003	21.47
1004	47.94
1005	-6.59
1006	20.84
1007	-28.38
1008	13.9
1009	-9.711
1010	-6.375
1011	-16.63
1012	-69.31
1013	-36.86
1014	-0.6323
1015	35.75
1016	30.04
1017	13.29
1018	12.79
1019	0.7403
1020	-2.456
1021	13.11
1022	10.78
1023	-1.133
1024	7.124
1025	10.14
1026	13.66
1027	23.84
1028	-2.601
1029	-47.89
1030	4.011
1031	-16.26
1032	-43.83
1033	-12.4
1034	2.717
1035	-12.82
1036	-6.47
1037	8.681
1038	-7.89
1039	-1.643
1040	8.099
1041	-9.044
1042	-15.56
1043	-15.56
1044	-30.76
1045	-17.85
1046	-13.71
1047	6.438
1048	-3.894
1049	-15.92
1050	-4.673
1051	13.73
1052	8.797
1053	-14.68
1054	-3.664
1055	-20.77
1056	-12.8
1057	-0.7338
1058	-1.692
1059	-1.723
1060	-10.09
1061	-32.21
1062	5.201
1063	-1.101
1064	-10.92
1065	2.832
1066	29.61
1067	-10.5
1068	-6.678
1069	-19.86
1070	9.414
1071	10.26
1072	3.001
1073	-5.472
1074	-18.36
1075	-42.66
1076	-11.02
1077	0.9998
1078	3.244
1079	15.03
1080	26.64
1081	-14.75
1082	-10.93
1083	16.12
1084	6.985
1085	-33.45
1086	3.857
1087	5.382
1088	-1.875
1089	28.3
1090	5.338
1091	16.43
1092	2.671
1093	13.71
1094	-7.797
1095	-24.41
1096	-10.36
1097	25.29
1098	-12.75
1099	-4.489
1100	-8.828
1101	-25.47
1102	19.82
1103	29.41
1104	-13.93
1105	-7.416
1106	-11.83
1107	10.98
1108	-6.648
1109	4.449
1110	-24.99
1111	-9.869
1112	-19.9
1113	-30.71
1114	-7.942
1115	-15.45
1116	-2.386
1117	18.62
1118	5.837
1119	-6.119
1120	6.851
1121	-30.8
1122	-21.72
1123	-31.62
1124	-14.4
1125	-2.56
1126	-9.223
1127	-31.85
1128	-38.23
1129	-25.84
1130	-13.15
1131	-7.507
1132	24.04
1133	0.1683
1134	0.9927
1135	2.305
1136	-12.51
1137	25.75
1138	16.73
1139	-7.209
1140	35.59
1141	-0.27
1142	-6.799
1143	-0.7016
1144	28.45
1145	-20.62
1146	25.21
1147	9.13
1148	2.029
1149	-16.4
1150	13.2
1151	23.77
1152	0.1148
1153	-36.01
1154	9.443
1155	-11.62
1156	-25.57
1157	-1.291
1158	14.44
1159	-5.12
1160	-2.002
1161	7.729
1162	7.538
1163	-4.91
1164	-26.26
1165	0.6987
1166	-24.56
1167	-1.238
1168	10.56
1169	0.3285
1170	23.32
1171	2.162
1172	13.07
1173	-0.8398
1174	0.02825
1175	1.647
1176	-18.9
1177	13.41
1178	16.33
1179	-3.611
1180	-4.724
1181	-3.973
1182	3.757
1183	-32.32
1184	17.6
1185	12.98
1186	22.14
1187	19.31
1188	32.76
1189	30.48
1190	19.84
1191	21.1
1192	17.82
1193	-0.8072
1194	15.25
1195	10.76
1196	38.69
1197	-20.33
1198	-1.89
1199	23.13
1200	29.62
1201	2.762
1202	34.6
1203	1.46
1204	-19.48
1205	-17.72
1206	-4.537
1207	3.823
1208	0.2635
1209	24.17
1210	-26.9
1211	7.132
1212	-2.0
1213	3.593
1214	17.33
1215	10.02
1216	8.631
1217	-1.842
1218	-16.06
1219	-21.04
1220	-46.82
1221	-39.18
1222	-46.7
1223	-25.52
1224	1.993
1225	-15.2
1226	20.77
1227	-5.197
1228	9.461
1229	-29.63
1230	16.45
1231	45.42
1232	26.04
1233	-5.304
1234	-12.46
1235	21.58
1236	-1.894
1237	-30.31
1238	17.06
1239	45.15
1240	-6.495
1241	-30.52
1242	30.98
1243	7.545
1244	-51.21
1245	23.04
1246	-0.2055
1247	-12.28
1248	43.77
1249	-29.71
1250	-13.75
1251	13.37
1252	-14.57
1253	14.26
1254	9.611
1255	-24.81
1256	11.79
1257	-33.63
1258	-7.796
1259	-2.699
1260	-15.24
1261	-18.63
1262	-16.24
1263	-26.96
1264	4.59
1265	33.52
1266	6.613
1267	13.08
1268	6.867
1269	-9.289
1270	2.973
1271	-17.5
1272	14.2
1273	5.157
1274	26.63
1275	1.326
1276	5.224
1277	-26.61
1278	23.62
1279	-4.909
1280	26.41
1281	1.12
1282	20.73
1283	16.29
1284	18.7
1285	7.165
1286	-5.784
1287	-3.231
1288	28.11
1289	-19.43
1290	0.5989
1291	-5.361
1292	4.487
1293	0.496
1294	12.38
1295	-52.31
1296	-13.4
1297	-22.34
1298	-20.56
1299	-24.18
1300	19.66
1301	-9.333
1302	-23.3
1303	4.921
1304	-6.285
1305	17.96
1306	-13.68
1307	25.93
1308	10.81
1309	-8.85
1310	10.62
1311	-28.62
1312	15.12
1313	-7.781
1314	-19.28
1315	-44.99
1316	-3.99
1317	-4.437
1318	-5.403
1319	21.26
1320	1.064
1321	8.377
1322	20.35
1323	26.4
1324	-0.1112
1325	28.5
1326	30.21
1327	-9.247
1328	-5.139
1329	20.09
1330	17.03
1331	21.67
1332	8.375
1333	-18.42
1334	-16.39
1335	-8.319
1336	-6.598
1337	14.55
1338	23.49
1339	3.154
1340	17.88
1341	5.674
1342	20.63
1343	14.53
1344	-16.93
1345	-23.57
1346	-21.09
1347	22.41
1348	-18.15
1349	8.645
1350	0.3103
1351	8.106
1352	20.76
1353	12.79
1354	19.69
1355	33.78
1356	-12.84
1357	-57.64
1358	-9.678
1359	1.784
1360	22.89
1361	10.89
1362	-3.633
1363	3.097
1364	-18.09
1365	-33.11
1366	-18.24
1367	-20.03
1368	5.345
1369	29.65
1370	6.505
1371	8.272
1372	-6.13
1373	3.938
1374	-10.2
1375	0.7814
1376	-33.27
1377	9.897
1378	-30.16
1379	5.669
1380	23.94
1381	20.34
1382	28.56
1383	30.12
1384	20.63
1385	28.73
1386	20.64
1387	-20.69
1388	5.637
1389	-3.731
1390	-11.51
1391	10.28
1392	18.92
1393	-1.553
1394	17.59
1395	-10.05
1396	29.04
1397	-9.74
1398	-7.583
1399	-0.6706
1400	10.24
1401	-0.63
1402	-2.048
1403	18.9
1404	-13.13
1405	-14.6
1406	2.379
1407	3.895
1408	12.23
1409	-8.004
1410	-7.539
1411	-18.32
1412	11.4
1413	-19.4
1414	-9.239
1415	-6.001
1416	22.96
1417	-0.8165
1418	-18.83
1419	5.385
1420	0.1888
1421	-16.41
1422	-17.22
1423	23.93
1424	5.79
1425	17.64
1426	4.881
1427	-23.25
1428	-17.48
1429	13.12
1430	-2.557
1431	0.5859
1432	5.425
1433	11.12
1434	12.62
1435	-15.36
1436	-25.07
1437	-20.21
1438	16.47
1439	-0.04006
1440	21.35
1441	17.9
1442	8.461
1443	22.88
1444	4.069
1445	-11.72
1446	-8.099
1447	-11.11
1448	-16.07
1449	-3.225
1450	-19.3
1451	-1.305
1452	-1.078
1453	-37.46
1454	-18.54
1455	-6.264
1456	-39.48
1457	-26.87
1458	12.91
1459	-11.52
1460	-12.43
1461	2.384
1462	7.803
1463	1.992
1464	-7.399
1465	-33.83
1466	-10.3
1467	18.95
1468	-29.67
1469	-15.69
1470	28.94
1471	27.58
1472	12.32
1473	27.76
1474	-27.41
1475	-26.2
1476	2.082
1477	6.679
1478	26.49
1479	13.08
1480	4.71
1481	-5.688
1482	-22.6
1483	3.587
1484	15.63
1485	-22.73
1486	-21.23
1487	-12.58
1488	22.86
1489	-17.2
1490	-9.839
1491	22.77
1492	8.615
1493	3.559
1494	-13.18
1495	2.235
1496	16.28
1497	2.237
1498	4.583
1499	-13.76
1500	39.61
1501	-22.68
1502	-49.55
1503	-10.68
1504	-20.58
1505	-16.86
1506	-19.53
1507	11.74
1508	-15.86
1509	-39.67
1510	24.81
1511	9.118
1512	2.248
1513	18.04
1514	9.795
1515	-2.658
1516	-37.15
1517	6.831
1518	-10.96
1519	0.3046
1520	2.222
1521	4.745
1522	-12.38
1523	-16.39
1524	-17.23
1525	7.078
1526	30.29
1527	-32.93
1528	-6.209
1529	7.409
1530	-41.62
1531	-30.4
1532	16.6
1533	-20.19
1534	-17.3
1535	7.933
1536	-18.45
1537	10.85
1538	14.29
1539	15.85
1540	-1.397
1541	-10.44
1542	14.94
1543	18.4
1544	0.1383
1545	0.5155
1546	-10.5
1547	-11.1
1548	38.33
1549	-3.275
1550	-14.08
1551	3.264
1552	-6.991
1553	-11.41
1554	-28.51
1555	-3.197
1556	5.179
1557	-16.82
1558	0.4589
1559	19.77
1560	7.575
1561	-1.041
1562	3.021
1563	11.42
1564	12.95
1565	3.088
1566	-4.085
1567	9.473
1568	-0.2105
1569	8.807
1570	16.56
1571	7.709
1572	17.42
1573	-1.334
1574	-11.04
1575	-3.029
1576	6.966
1577	21.69
1578	3.288
1579	25.99
1580	-16.25
1581	-1.248
1582	21.52
1583	5.371
1584	-33.14
1585	5.48
1586	20.06
1587	-11.59
1588	21.72
1589	0.7071
1590	36.56
1591	2.893
1592	-15.74
1593	19.45
1594	10.07
1595	-14.52
1596	31.7
1597	17.56
1598	4.272
1599	15.92
1600	9.695
1601	-28.99
1602	11.07
1603	-14.3
1604	22.15
1605	-25.87
1606	-13.27
1607	-11.47
1608	27.81
1609	0.7154
1610	-13.68
1611	7.896
1612	-10.7
1613	7.367
1614	-15.87
1615	5.384
1616	-18.13
1617	-16.14
1618	-12.26
1619	13.88
1620	-18.5
1621	-14.47
1622	-38.63
1623	21.03
1624	11.63
1625	6.908
1626	28.65
1627	4.7
1628	27.9
1629	23.16
1630	-19.68
1631	13.0
1632	15.3
1633	13.15
1634	-19.11
1635	-18.76
1636	-6.473
1637	-16.36
1638	27.12
1639	-15.6
1640	1.776
1641	15.37
1642	13.26
1643	-16.06
1644	-3.693
1645	-2.986
1646	-11.12
1647	-5.134
1648	-4.197
1649	15.48
1650	44.48
1651	-19.6
1652	24.85
1653	-7.765
1654	-21.11
1655	-2.547
1656	10.29
1657	9.162
1658	4.141
1659	32.92
1660	-35.54
1661	7.011
1662	15.49
1663	16.64
1664	-4.978
1665	33.69
1666	35.21
1667	-4.203
1668	-21.01
1669	20.36
1670	-14.46
1671	6.854
1672	0.178
1673	20.81
1674	23.15
1675	35.34
1676	1.22
1677	-10.29
1678	-4.985
1679	-3.375
1680	31.76
1681	-9.551
1682	24.42
1683	13.8
1684	13.53
1685	12.25
1686	12.37
1687	-19.65
1688	-28.86
1689	-33.93
1690	-21.15
1691	-33.07
1692	-1.996
1693	-24.99
1694	-14.21
1695	24.74
1696	17.62
1697	-3.351
1698	29.61
1699	-24.06
1700	20.82
1701	15.86
1702	16.66
1703	26.6
1704	24.1
1705	12.71
1706	16.85
1707	-18.8
1708	-27.98
1709	-0.786
1710	6.971
1711	-13.07
1712	-26.14
1713	2.532
1714	0.894
1715	2.169
1716	2.015
1717	33.61
1718	2.473
1719	7.539
1720	-1.926
1721	4.497
1722	9.899
1723	10.8
1724	9.105
1725	5.969
1726	6.32
1727	23.14
1728	-22.6
1729	-0.8779
1730	9.976
1731	11.47
1732	-0.2154
1733	-20.03
1734	-1.471
1735	18.5
1736	35.42
1737	31.65
1738	0.4796
1739	6.59
1740	18.17
1741	-21.93
1742	-30.11
1743	-10.5
1744	-0.08101
1745	-18.62
1746	-13.54
1747	3.832
1748	23.47
1749	-26.02
1750	-1.302
1751	13.45
1752	-19.48
1753	-0.07222
1754	-17.0
1755	14.65
1756	-14.48
1757	-31.42
1758	-9.823
1759	6.379
1760	-0.2685
1761	-11.8
1762	3.771
1763	12.25
1764	-7.36
1765	-12.21
1766	-31.97
1767	22.64
1768	-25.88
1769	-16.16
1770	-21.41
1771	17.65
1772	4.238
1773	-11.67
1774	0.4292
1775	-22.0
1776	-32.98
1777	18.17
1778	-17.27
1779	15.31
1780	11.2
1781	-1.217
1782	-3.918
1783	-11.01
1784	-19.93
1785	-31.83
1786	10.17
1787	6.221
1788	7.215
1789	14.58
1790	27.4
1791	10.38
1792	0.07865
1793	1.108
1794	19.96
1795	33.02
1796	5.571
1797	-18.71
1798	-7.69
1799	27.01
1800	-49.09
1801	-8.181
1802	9.724
1803	-25.55
1804	-5.729
1805	-17.5
1806	4.266
1807	28.93
1808	17.74
1809	12.3
1810	14.51
1811	5.535
1812	-13.31
1813	29.13
1814	3.864
1815	15.76
1816	3.403
1817	11.67
1818	-8.092
1819	18.33
1820	40.92
1821	10.92
1822	-27.54
1823	-0.9821
1824	13.07
1825	18.86
1826	-10.62
1827	-1.179
1828	-33.69
1829	-9.864
1830	-13.87
1831	5.748
1832	-15.06
1833	-6.167
1834	-35.99
1835	-33.79
1836	-28.39
1837	-28.38
1838	-35.64
1839	-37.26
1840	-24.35
1841	-45.81
1842	-0.6316
1843	11.89
1844	-14.93
1845	-12.68
1846	-41.92
1847	-9.959
1848	12.53
1849	-5.648
1850	41.26
1851	2.872
1852	-15.13
1853	-11.1
1854	9.214
1855	-13.15
1856	5.929
1857	-10.56
1858	-14.63
1859	-7.43
1860	-13.02
1861	-0.003446
1862	-42.51
1863	0.09563
1864	-0.2371
1865	-19.86
1866	-14.13
1867	9.496
1868	-14.28
1869	0.5961
1870	-28.83
1871	-43.15
1872	9.046
1873	37.88
1874	11.43
1875	13.38
1876	22.6
1877	-4.989
1878	-31.75
1879	3.143
1880	-2.221
1881	-12.03
1882	-17.26
1883	-18.35
1884	14.1
1885	17.62
1886	12.64
1887	3.405
1888	-5.763
1889	-4.169
1890	31.65
1891	36.28
1892	-10.99
1893	33.34
1894	16.67
1895	0.4538
1896	-12.86
1897	-3.556
1898	-3.454
1899	3.643
1900	-5.914
1901	-11.9
1902	-49.66
1903	32.36
1904	-11.7
1905	-1.995
1906	-5.679
1907	28.33
1908	-8.777
1909	2.451
1910	-18.14
1911	-4.525
1912	-8.679
1913	-8.179
1914	5.646
1915	-25.46
1916	-17.26
1917	-0.9475
1918	-1.782
1919	-0.9728
1920	-9.964
1921	15.3
1922	23.2
1923	6.651
1924	23.45
1925	14.67
1926	1.52
1927	10.03
1928	32.12
1929	14.1
1930	-49.43
1931	-11.77
1932	14.62
1933	-13.41
1934	8.813
1935	-43.83
1936	23.83
1937	16.05
1938	5.448
1939	-2.005
1940	-33.05
1941	30.56
1942	-5.1
1943	-0.845
1944	-26.96
1945	-31.66
1946	-23.76
1947	-16.23
1948	17.07
1949	31.98
1950	-5.11
1951	4.618
1952	2.201
1953	12.31
1954	16.39
1955	-22.37
1956	-21.05
1957	-20.99
1958	2.591
1959	-34.48
1960	-16.93
1961	-6.915
1962	-20.9
1963	-17.87
1964	-30.1
1965	-12.17
1966	5.37
1967	-21.57
1968	-9.193
1969	-16.6
1970	-44.22
1971	4.173
1972	18.92
1973	-0.9186
1974	-15.93
1975	-5.733
1976	-26.56
1977	-29.78
1978	7.722
1979	13.31
1980	-13.17
1981	13.72
1982	7.567
1983	29.47
1984	18.59
1985	3.746
1986	-6.297
1987	14.1
1988	-16.7
1989	-11.28
1990	5.859
1991	-9.617
1992	12.92
1993	1.107
1994	3.38
1995	-5.942
1996	0.3842
1997	-3.779
1998	19.7
1999	-46.75
2000	-43.4
2001	28.16
2002	-18.46
2003	4.169
2004	26.94
2005	-1.31
2006	-9.668
2007	-14.07
2008	-20.55
2009	4.992
2010	15.24
2011	-26.87
2012	-42.2
2013	-4.477
2014	-18.38
2015	-4.326
2016	23.34
2017	-2.802
2018	-9.533
2019	15.69
2020	34.47
2021	24.86
2022	-12.83
2023	25.85
2024	-8.766
2025	1.094
2026	0.8788
2027	-4.284
2028	-19.37
2029	-4.265
2030	7.497
2031	30.22
2032	2.008
2033	8.738
2034	-2.314
2035	25.68
2036	2.885
2037	13.12
2038	6.546
2039	-3.545
2040	7.352
2041	-16.66
2042	6.258
2043	-17.69
2044	-5.755
2045	-3.175
2046	7.253
2047	-40.14
2048	11.51
2049	19.03
2050	-19.94
2051	6.674
2052	2.299
2053	45.58
2054	-23.17
2055	9.407
2056	7.364
2057	-0.662
2058	-16.03
2059	11.91
2060	12.05
2061	13.2
2062	19.25
2063	-10.73
2064	-10.09
2065	-15.76
2066	-10.57
2067	12.68
2068	2.796
2069	12.19
2070	1.178
2071	-15.82
2072	-10.17
2073	13.05
2074	19.36
2075	35.15
2076	10.75
2077	-3.575
2078	-23.87
2079	-10.57
2080	-23.97
2081	-11.95
2082	-31.28
2083	-7.782
2084	21.06
2085	-22.16
2086	-9.944
2087	0.8428
2088	1.288
2089	1.696
2090	-9.264
2091	-4.669
2092	6.565
2093	37.0
2094	-26.44
2095	-17.83
2096	22.52
2097	7.766
2098	18.7
2099	1.149
2100	13.76
2101	-11.13
2102	-5.032
2103	16.91
2104	10.9
2105	-7.735
2106	16.94
2107	-15.94
2108	-4.848
2109	-2.558
2110	43.4
2111	7.85
2112	-3.754
2113	-8.489
2114	-6.562
2115	10.88
2116	6.026
2117	4.384
2118	18.22
2119	-6.522
2120	2.568
2121	-26.04
2122	-4.178
2123	-3.956
2124	-4.373
2125	-17.56
2126	-20.6
2127	18.1
2128	-5.54
2129	34.92
2130	34.11
2131	-15.87
2132	-20.32
2133	-41.21
2134	-15.15
2135	-8.291
2136	-4.989
2137	10.81
2138	13.06
2139	0.5963
2140	14.29
2141	31.54
2142	6.063
2143	-70.25
2144	-2.459
2145	-2.066
2146	-21.94
2147	-13.54
2148	-0.5383
2149	-0.1484
2150	-1.001
2151	-21.17
2152	0.8711
2153	-8.732
2154	-13.91
2155	-7.641
2156	22.13
2157	20.56
2158	1.011
2159	-20.14
2160	-6.137
2161	-7.238
2162	15.99
2163	24.45
2164	-8.343
2165	3.151
2166	8.143
2167	-16.55
2168	12.15
2169	-15.94
2170	-1.466
2171	-6.256
2172	-4.257
2173	-12.21
2174	-55.58
2175	0.1842
2176	-16.04
2177	5.737
2178	8.253
2179	21.79
2180	-1.855
2181	2.706
2182	-15.67
2183	4.275
2184	-5.388
2185	-9.537
2186	6.767
2187	29.86
2188	-5.2
2189	11.72
2190	12.76
2191	-15.4
2192	-19.89
2193	16.03
2194	7.833
2195	-2.707
2196	11.02
2197	-27.41
2198	6.239
2199	20.47
2200	-6.094
2201	-6.827
2202	-15.96
2203	-12.71
2204	3.101
2205	11.53
2206	-37.02
2207	-3.933
2208	-33.78
2209	9.462
2210	8.831
2211	13.06
2212	0.03452
2213	-1.392
2214	30.42
2215	-13.23
2216	5.648
2217	-11.31
2218	15.14
2219	-11.27
2220	-9.706
2221	-33.1
2222	-0.946
2223	16.56
2224	-5.329
2225	-0.1615
2226	2.706
2227	-12.46
2228	34.71
2229	-5.236
2230	1.131
2231	15.34
2232	0.4382
2233	-5.947
2234	-19.13
2235	3.896
2236	10.58
2237	20.45
2238	-1.307
2239	4.884
2240	-2.403
2241	26.89
2242	-23.75
2243	-2.456
2244	9.827
2245	-2.275
2246	33.62
2247	13.29
2248	-25.28
2249	-38.21
2250	-11.42
2251	-1.804
2252	-33.26
2253	-15.96
2254	0.2492
2255	21.75
2256	3.58
2257	-32.0
2258	-2.348
2259	-6.604
2260	-42.28
2261	-24.15
2262	-18.79
2263	-0.2368
2264	-16.43
2265	21.93
2266	17.58
2267	13.1
2268	34.77
2269	1.937
2270	0.8992
2271	-10.82
2272	11.31
2273	14.51
2274	-14.93
2275	-9.871
2276	0.4515
2277	-7.225
2278	-14.34
2279	-29.58
2280	10.55
2281	-23.08
2282	15.17
2283	-14.03
2284	-17.21
2285	3.913
2286	-21.66
2287	-13.22
2288	6.546
2289	-22.93
2290	-0.1669
2291	-5.944
2292	5.355
2293	-29.19
2294	-1.706
2295	-16.35
2296	1.85
2297	-13.41
2298	-21.91
2299	32.64
2300	16.18
2301	13.62
2302	11.15
2303	-26.6
2304	-16.96
2305	26.32
2306	19.62
2307	-6.755
2308	-24.26
2309	-21.79
2310	-16.64
2311	-10.67
2312	-15.95
2313	7.557
2314	-19.27
2315	-16.82
2316	-27.84
2317	19.38
2318	22.44
2319	-19.93
2320	3.112
2321	-7.744
2322	-12.93
2323	-38.27
2324	-2.079
2325	-18.71
2326	-6.381
2327	-10.21
2328	-5.23
2329	-3.566
2330	11.63
2331	-25.84
2332	-28.98
2333	9.934
2334	14.26
2335	11.68
2336	23.17
2337	5.546
2338	12.98
2339	5.328
2340	17.74
2341	-16.96
2342	-7.394
2343	4.149
2344	11.83
2345	-10.94
2346	7.724
2347	-46.09
2348	-41.81
2349	7.489
2350	0.9684
2351	-16.54
2352	-14.85
2353	-47.68
2354	-40.49
2355	-57.41
2356	-40.45
2357	-14.42
2358	-17.27
2359	11.96
2360	-29.67
2361	0.0213
2362	0.9206
2363	-24.11
2364	11.48
2365	0.3715
2366	-3.062
2367	-2.503
2368	6.951
2369	3.676
2370	14.54
2371	8.621
2372	14.75
2373	-11.58
2374	-6.742
2375	4.986
2376	-9.491
2377	9.055
2378	19.9
2379	-24.45
2380	-40.11
2381	-9.17
2382	-7.925
2383	-11.04
2384	-10.41
2385	9.588
2386	-34.01
2387	26.68
2388	-17.19
2389	-16.6
2390	8.625
2391	-17.72
2392	36.76
2393	4.63
2394	13.74
2395	16.75
2396	1.356
2397	-6.001
2398	-6.763
2399	-17.03
2400	14.42
2401	0.8058
2402	-5.96
2403	-17.06
2404	37.44
2405	2.738
2406	23.04
2407	-2.818
2408	-8.164
2409	-2.145
2410	15.61
2411	10.82
2412	8.077
2413	18.73
2414	24.82
2415	19.32
2416	-6.477
2417	15.97
2418	-19.7
2419	6.471
2420	-29.8
2421	-11.37
2422	41.57
2423	-16.27
2424	7.083
2425	-36.96
2426	7.743
2427	-18.79
2428	0.4235
2429	-10.76
2430	-0.5225
2431	17.36
2432	14.5
2433	2.881
2434	25.22
2435	15.78
2436	2.739
2437	-11.72
2438	-38.06
2439	-47.82
2440	-13.27
2441	-2.626
2442	-2.332
2443	-20.71
2444	-13.95
2445	-11.53
2446	4.181
2447	3.57
2448	12.87
2449	-24.62
2450	-17.74
2451	-24.43
2452	-9.233
2453	6.661
2454	11.51
2455	13.46
2456	-22.65
2457	2.546
2458	-17.1
2459	-34.24
2460	23.16
2461	-1.159
2462	-0.1652
2463	-0.2558
2464	-3.034
2465	-34.21
2466	-57.85
2467	10.51
2468	-24.82
2469	8.577
2470	-16.53
2471	-0.2124
2472	2.949
2473	28.16
2474	-11.14
2475	5.288
2476	-41.04
2477	9.932
2478	17.29
2479	-31.92
2480	-2.958
2481	25.61
2482	4.247
2483	14.62
2484	-42.74
2485	12.4
2486	-23.47
2487	-16.32
2488	-4.636
2489	3.764
2490	-21.55
2491	-9.141
2492	22.45
2493	8.173
2494	-16.99
2495	1.191
2496	1.069
2497	15.23
2498	-0.9007
2499	-9.215
2500	9.654
2501	27.03
2502	15.07
2503	17.1
2504	25.71
2505	6.125
2506	10.22
2507	18.39
2508	-3.492
2509	6.52
2510	16.39
2511	-4.49
2512	-6.801
2513	20.86
2514	12.24
2515	-30.73
2516	-9.88
2517	10.8
2518	-5.657
2519	8.842
2520	-33.83
2521	-5.249
2522	18.14
2523	12.57
2524	22.26
2525	11.39
2526	-17.38
2527	-22.99
2528	-20.73
2529	-32.17
2530	-18.39
2531	-74.67
2532	-27.08
2533	10.84
2534	-20.8
2535	24.07
2536	-3.976
2537	-0.3249
2538	-1.638
2539	-0.1037
2540	-14.29
2541	-18.05
2542	-8.965
2543	17.06
2544	-5.425
2545	-6.665
2546	14.35
2547	18.23
2548	26.31
2549	-0.7602
2550	-11.26
2551	2.107
2552	3.817
2553	7.163
2554	0.8362
2555	-27.74
2556	-5.221
2557	-24.4
2558	10.93
2559	-2.43
2560	-6.144
2561	-20.14
2562	-10.45
2563	2.787
2564	15.27
2565	-11.19
2566	-15.7
2567	-7.87
2568	-28.39
2569	9.959
2570	-11.37
2571	-25.18
2572	-23.1
2573	16.58
2574	13.55
2575	-23.14
2576	13.16
2577	27.61
2578	-19.27
2579	-1.964
2580	23.45
2581	-3.761
2582	13.02
2583	4.41
2584	21.65
2585	-14.61
2586	17.28
2587	-1.808
2588	6.346
2589	32.46
2590	24.2
2591	6.233
2592	7.135
2593	25.25
2594	-2.062
2595	-8.094
2596	1.468
2597	-16.3
2598	-37.32
2599	-9.914
2600	-14.16
2601	-29.6
2602	14.54
2603	15.62
2604	3.628
2605	-12.86
2606	-10.98
2607	0.2076
2608	-1.048
2609	-3.176
2610	10.4
2611	-21.11
2612	6.764
2613	9.442
2614	-23.62
2615	-21.85
2616	-66.25
2617	14.01
2618	24.51
2619	19.13
2620	21.68
2621	-25.38
2622	-1.629
2623	30.96
2624	-30.75
2625	22.28
2626	-4.005
2627	2.079
2628	2.769
2629	11.78
2630	10.92
2631	2.131
2632	12.14
2633	1.219
2634	29.74
2635	10.47
2636	-37.59
2637	5.817
2638	-25.94
2639	-0.1684
2640	-7.186
2641	-15.41
2642	7.652
2643	20.69
2644	-40.88
2645	2.715
2646	-18.13
2647	14.61
2648	-10.83
2649	15.97
2650	21.17
2651	-5.008
2652	9.207
2653	1.314
2654	48.01
2655	-21.08
2656	-10.84
2657	-1.812
2658	4.588
2659	2.18
2660	-15.12
2661	4.367
2662	11.75
2663	2.972
2664	37.03
2665	-14.34
2666	-30.23
2667	-9.227
2668	-2.314
2669	1.062
2670	9.197
2671	9.007
2672	-35.54
2673	-12.48
2674	-47.42
2675	-13.73
2676	17.88
2677	27.79
2678	13.52
2679	16.22
2680	21.64
2681	8.338
2682	6.993
2683	-6.665
2684	-17.77
2685	-3.354
2686	-22.09
2687	18.05
2688	-25.13
2689	5.782
2690	22.34
2691	17.25
2692	-2.136
2693	13.53
2694	-8.885
2695	16.32
2696	18.38
2697	10.86
2698	-1.33
2699	-32.0
2700	-11.38
2701	8.446
2702	14.46
2703	-6.067
2704	-22.71
2705	-0.7563
2706	-12.86
2707	4.194
2708	2.742
2709	3.573
2710	53.58
2711	-29.09
2712	-44.92
2713	5.072
2714	-7.188
2715	-40.43
2716	15.66
2717	-3.996
2718	-30.72
2719	19.73
2720	12.41
2721	-11.44
2722	-9.402
2723	-11.3
2724	-12.48
2725	-23.9
2726	-15.52
2727	-11.84
2728	1.488
2729	-39.98
2730	-6.57
2731	17.49
2732	0.9673
2733	-12.54
2734	-20.65
2735	1.587
2736	10.75
2737	6.645
2738	16.11
2739	-4.686
2740	-24.75
2741	19.5
2742	-16.05
2743	-4.743
2744	2.725
2745	5.248
2746	8.63
2747	14.22
2748	-0.4379
2749	-16.53
2750	11.52
2751	30.42
2752	20.75
2753	-5.955
2754	-8.583
2755	8.595
2756	-7.107
2757	-15.51
2758	15.79
2759	-17.2
2760	18.73
2761	8.974
2762	10.25
2763	35.55
2764	6.4
2765	-18.49
2766	-21.47
2767	26.32
2768	-22.76
2769	-33.3
2770	-53.03
2771	5.784
2772	-9.411
2773	-10.29
2774	23.75
2775	10.3
2776	12.17
2777	-29.59
2778	0.4945
2779	3.734
2780	15.42
2781	6.086
2782	1.668
2783	-9.763
2784	1.006
2785	0.03442
2786	30.75
2787	2.08
2788	-2.218
2789	2.088
2790	-31.48
2791	-1.356
2792	2.883
2793	-16.84
2794	-25.92
2795	21.23
2796	5.524
2797	-14.41
2798	10.99
2799	8.555
2800	5.523
2801	-3.455
2802	-7.949
2803	-16.3
2804	1.361
2805	-2.902
2806	-28.49
2807	-6.911
2808	20.95
2809	29.66
2810	-15.4
2811	25.05
2812	8.582
2813	24.38
2814	5.528
2815	17.02
2816	9.876
2817	-44.5
2818	9.816
2819	17.77
2820	-15.89
2821	-30.2
2822	35.83
2823	-14.84
2824	8.05
2825	1.091
2826	-23.76
2827	-43.13
2828	-41.39
2829	-29.41
2830	-1.273
2831	-11.9
2832	-9.603
2833	2.313
2834	9.628
2835	3.476
2836	-22.31
2837	-5.151
2838	25.72
2839	-4.185
2840	-1.383
2841	-32.37
2842	12.29
2843	12.7
2844	-2.45
2845	-28.71
2846	-27.58
2847	22.72
2848	2.725
2849	-45.82
2850	-9.645
2851	21.6
2852	-12.04
2853	-19.98
2854	-4.413
2855	-7.112
2856	-12.85
2857	-9.159
2858	-6.0
2859	18.15
2860	16.62
2861	15.34
2862	3.933
2863	27.35
2864	22.56
2865	-33.3
2866	-23.32
2867	-9.178
2868	29.0
2869	12.93
2870	16.88
2871	-0.5628
2872	-21.49
2873	19.37
2874	-21.59
2875	9.973
2876	16.41
2877	19.05
2878	-40.94
2879	0.9712
2880	-14.79
2881	5.255
2882	-2.666
2883	-8.483
2884	-19.87
2885	-8.61
2886	-46.78
2887	-7.257
2888	-10.25
2889	-22.16
2890	-14.08
2891	-8.199
2892	-16.72
2893	7.679
2894	-3.277
2895	2.98
2896	14.06
2897	-3.607
2898	-5.486
2899	-8.67
2900	-17.16
2901	7.021
2902	0.1928
2903	-4.182
2904	10.37
2905	-10.09
2906	10.33
2907	-27.65
2908	-5.392
2909	12.97
2910	0.7429
2911	-31.56
2912	2.932
2913	25.37
2914	-23.12
2915	11.89
2916	-1.284
2917	-1.023
2918	-30.96
2919	-39.44
2920	-42.95
2921	-17.46
2922	10.16
2923	2.713
2924	3.927
2925	19.24
2926	4.792
2927	10.24
2928	-4.821
2929	-58.69
2930	2.253
2931	28.8
2932	-1.189
2933	-2.218
2934	-43.04
2935	-31.42
2936	9.768
2937	18.19
2938	9.456
2939	-3.26
2940	-1.076
2941	22.81
2942	9.64
2943	-14.13
2944	4.168
2945	-22.77
2946	-4.637
2947	3.983
2948	-9.178
2949	-10.59
2950	13.55
2951	22.4
2952	-5.092
2953	6.119
2954	-12.52
2955	-7.659
2956	16.8
2957	15.09
2958	-1.327
2959	13.38
2960	18.53
2961	0.7705
2962	14.2
2963	-18.26
2964	-5.671
2965	-2.438
2966	11.87
2967	-11.85
2968	-33.11
2969	4.568
2970	23.78
2971	27.67
2972	17.74
2973	-26.38
2974	16.58
2975	16.68
2976	9.582
2977	-12.97
2978	3.362
2979	-0.879
2980	-13.18
2981	1.021
2982	-0.6171
2983	10.75
2984	10.96
2985	-22.08
2986	-27.51
2987	-6.548
2988	3.211
2989	0.376
2990	7.165
2991	17.82
2992	-15.28
2993	-0.3496
2994	1.159
2995	1.141
2996	-15.72
2997	-7.575
2998	11.47
2999	5.737
3000	-21.44
