"V1" "V2" "V3" "V4" "V5" "V6" "V7" "V8" "V9"
"1" 2.27209760459007 1.63307568160479 1.97170294280752 1.74116794333618 1.54695993987361 2.50739758111612 2.44601598264261 1.35887744646155 1.16450536131659
"2" 0.867283078645163 0.175044776160016 0.503425923460284 -0.256752756432942 -0.201977176972218 -0.182090529420825 -1.46130726874548 -1.63343772264559 -0.48219127043256
"3" 0.788173855459802 -0.94361694853178 0.47835158939667 0.00405533413232456 -0.476594644986402 0.89341770911874 0.87479930146277 -1.36665659140358 0.366567725456915
"4" -3.81486568020859 -2.61121083698721 -3.28278836178534 -2.81696512803485 -3.87613812220495 -1.49892714001272 1.14045409254311 0.102962436074644 -0.231225281197994
"5" -0.197658755533212 -0.97195990616702 -0.0249667872105843 -0.747698371956759 -1.67676580582194 -1.70795760599222 3.15787484580628 1.26372684816275 0.697235733661541
"6" -1.28442291351573 0.268087881282164 -0.918932223585533 -2.04536021309606 -0.951710760241771 -2.3248163469149 0.127512766922524 0.49536046905148 -0.557716729220388
"7" -0.495687934645772 -0.808612100862086 -0.825980538132903 1.14284710952513 0.792362553729197 -0.465682000460113 -2.01557792294208 -1.29577699503398 -0.217600966797814
"8" 0.599295237020931 0.849445552799801 -1.03585236844509 1.23224172133512 1.09268449853792 -1.29804832715421 -2.65742087990306 -2.27352945434765 -2.18065670693593
"9" -1.03154368647687 -0.905678059126598 0.641813128118723 -0.525968808063477 -0.0179456926168834 -0.0425266369645639 -0.250963231731583 0.11878737924925 -0.864933745481222
"10" -0.305871489030627 -0.0672758606992532 0.309809977246957 0.98928915902416 0.765014640498463 -0.021224233528479 -1.00475563638869 0.369803059606487 0.283746680280725
"11" 0.4833236436871 0.151246549749297 0.363910516530318 -1.17135155240504 0.392729765929674 0.149115519013897 2.03737168224432 1.37138481458018 -0.203789286826644
"12" -1.41247439958666 0.0718069907894413 -0.80461862460866 -1.06233397907993 -0.140362216250507 -0.0927013357467771 -0.973086601074871 -0.360211106023336 -1.10909225136957
"13" -0.289973093765931 0.545787506254846 -0.264040489699551 0.00473170914314608 -0.259407095579257 -0.703634620468141 2.13888238779232 0.907436988583049 0.238810843674208
"14" -0.32999745771796 0.389111067753167 -1.16886531474079 -0.126147715198312 -0.431920114374752 -1.13046248872559 -2.92985672599178 -1.38752670718371 -1.60549136804812
"15" -1.32834626067923 -0.155529312100964 -1.11225360536281 -1.01947978559603 -1.23190634195217 -1.52520378846201 -2.34672669677154 -1.38605347672942 -1.36381803676561
"16" 0.574992530280587 -0.325480302689289 0.443405908883562 1.1235653443702 1.49833813209689 0.130202517007669 1.01760067492588 1.24966166149832 -0.799592745072136
"17" 0.747425456776355 0.751380115551786 0.301196844610163 1.22016657170028 0.704862791984859 2.43058433412912 -0.710163844310213 -0.776608785735532 -0.79358738633775
"18" 1.92823360452708 1.1727893935765 0.198309925144768 0.829797353196584 -0.130789934484625 0.873272917682183 0.338723250027739 -0.251193962915391 0.0753395191235545
"19" -1.15665209354373 0.322518425604227 0.286225861043171 -1.45446196720963 0.777380746940857 -1.09251605396177 -0.859613376844135 -0.484742651874812 -1.33230978334146
"20" 0.852233180699603 0.656296243937471 0.977227307698384 0.490173896564723 -0.0910944905335239 0.906546780912508 0.813625052003899 0.219498720437891 1.4413247635705
"21" 1.65011300529092 1.57614337351246 1.66381788614487 -0.20917574178785 -1.61013495931221 -1.11071945292056 -1.20590551801728 -1.59169254723975 -0.672185366424283
"22" -0.0351706978989698 1.32813878601298 0.246374246712357 -1.00357233577449 -0.446637928709106 -1.11031938899224 0.291910028639951 -2.49406908501922 -0.25253582928022
"23" -0.340160084104532 0.226371266263193 -0.193292736481589 -2.27395745267777 -0.500211756370776 -1.80866290727851 -0.136101349016023 0.558570824735015 -1.23456628017386
"24" 0.832861058571058 0.873494688058685 -0.165119872619414 0.67152957019548 0.562307927599326 0.664287100341665 -1.48750614497015 -0.585789976610272 -0.793466067651908
"25" 1.47291995322596 0.590481548747027 1.48678580924041 -0.207222851963221 -0.727902293038757 0.26034961742195 2.527200242515 0.274663732241225 1.94382770896701
"26" 1.50736870561335 -0.038618957813775 1.97669687470057 1.42071137949049 0.943439785052824 1.70441152479097 0.459225372218988 0.117534916729677 1.86441497292944
"27" 1.64698721399743 1.50473623585184 -0.094295504938449 0.746915459329855 1.52398078887636 0.589143547778842 0.597230984769956 1.62587166239308 0.27662988893297
"28" -0.0644783324164229 0.782935512699906 0.16834641186476 0.804659080112852 -0.196752274600789 0.0628206388684244 0.348062180388529 -0.206584452736626 1.19049329260818
"29" 0.450145982811173 0.249514734222122 0.391463816122263 -0.86406663246693 -0.326668837155395 -1.26957937093797 1.88676253113874 -0.226149297134448 0.505588775037983
"30" 1.44839746549204 0.314714158502149 0.868605084315081 -1.01244880578023 0.389173641609796 -1.09202247390885 0.56928737505326 0.825179470963134 -0.495232994289105
"31" 1.43284209889015 3.04819297507947 1.06221219188948 -0.944256975232025 0.124294692789274 -0.281303414285413 -1.88591155472732 0.146752730278931 -0.932579681756908
"32" 0.0131283905671136 0.318969082402432 1.9457660300365 0.0969521612500366 -0.617723169535214 -0.244558233096454 2.41377025799654 0.29048295679995 1.48018210343392
"33" -1.23908244457281 -1.01053515849996 -1.33690593260208 0.803090766143594 1.31433021368513 -0.877024881568355 -1.10951181553445 -0.548436712665031 -0.175397966943583
"34" 0.494751946628339 1.02738622460875 -0.0300626258674391 -0.690242012101247 -0.511388922873971 0.285246158067636 1.31588027523379 -0.0135641787839221 0.342347291045047
"35" -1.59963362537606 -0.571043440346737 -0.543954536602967 -1.341762985263 -1.5439312939982 -1.39733612977063 -2.24930930917493 -1.24228967644629 0.410292258662638
"36" -1.22012313234782 -1.14278295414589 0.12442293798746 -0.468402253657044 -1.56714048856797 -1.90337468284586 -0.992609865382921 -0.54848773725423 0.126769631806071
"37" -0.382793927238655 1.03171623236871 -0.575488688374701 -0.488749706544496 1.48481629485864 -0.884674608261561 -0.183529736395657 0.348626182513753 -0.96839164759403
"38" -2.4377337865721 -1.13864208405988 -0.60410490314917 -1.47479726467878 -1.05364175150128 -0.415927641407474 0.869827612779985 0.907032754775877 1.89949446385267
"39" -2.41843248064702 -0.877009565081858 -0.845685884036398 1.74044437994123 1.06441412015467 1.14969921658888 -0.804751011279416 0.160201588098257 -0.734067370039801
"40" -1.48102465817818 -0.908450534195465 -1.66635980504528 -0.108536131293225 0.855557002211093 -1.45149995170895 -0.191038826780429 2.92821515489389 0.08323336529992
"41" -1.57106696741605 -1.61301164337379 -0.771645402651852 -0.465777649547748 -0.541661781343328 -1.00150853200829 0.821905496071192 1.096764844218 2.00449390875557
"42" -0.1400778752423 -0.93452133694022 -1.15225921509649 -0.314306822802006 -1.16007072521174 -1.17866008475871 -0.684027270021754 0.358409204999031 0.411030431242418
"43" -2.33007464059883 -0.0318527443111296 -1.57128628071386 -2.94836676828484 -1.6975123598853 -2.79196806594795 -0.690698064817877 2.04472089423032 0.194644136599579
"44" -1.05225824421558 -0.619871804368072 -0.152020367414768 1.60806190994591 0.364996030856208 -0.546856647267028 -0.360013992992689 -0.76697138068021 0.0525611967637506
"45" -0.401595191734153 -0.839439495021458 0.514255470248493 1.42113049167484 1.28032694122784 1.59867036750583 0.865271278261031 -0.462713919222071 -0.170755287496211
"46" 0.148273761490234 -1.24281934009282 -0.815607098470912 1.47439664525565 0.667480129875005 -0.719558202407416 -0.256838761032278 -0.60184261115308 0.7637104030895
"47" 3.0685349055138 2.14388236871407 2.7634254251824 1.96047153269094 1.75991744141106 -0.119381442632561 2.65458691807053 -0.103358696494478 -0.465709851043728
"48" -0.322434449248912 2.09917870742629 0.467105634948004 1.11174367684944 0.882716299766595 0.381398156079991 -0.238692706946696 1.65633247595298 -1.39343966610272
"49" 0.166992881616213 1.05563449126582 0.384717007128739 0.443004563476006 0.716296434096353 -0.561132610510533 0.644324488368073 -0.203041561219754 -0.184002822897816
"50" -0.0269392284591914 -0.298887964187777 -0.156126803380932 1.95551167629508 1.21419989802572 2.1853275699354 -0.882549855790309 -1.61902859877944 -1.4167251539906
"51" -1.66450992443023 -0.512275798019218 -1.93713390771413 1.59656422999031 1.5497565058477 1.35049083373048 -2.57270960230885 -1.7358615281855 -1.33547130346262
"52" 0.252203733493691 2.76355380050352 -0.103224948266148 -0.340034782299444 1.21687444246541 -0.826951925596591 0.322879185672526 2.46371570169223 -0.745979652581216
"53" -0.903278391039086 -0.529844219618105 -1.27203205939053 1.19303568208608 -0.00784703119522754 0.45223434920993 -0.611056115750913 -0.794937488930481 -0.917316822076059
"54" -0.102139372152399 1.06165091093803 0.434401449613756 0.0344186118934612 -0.47904172073398 -0.107463674462827 1.50196024225359 -0.371332855925284 0.909537165648906
"55" 2.0444356510833 0.226054134912354 1.80256502129505 0.546308011840917 -0.675111130080955 0.376291296443312 1.80196089898115 -0.141874585932517 1.94569429703595
"56" 1.8829861265004 1.84000230770827 0.559842253380917 -0.583909913215845 -0.548002391624733 -0.737758912713793 2.60999812426892 0.982016200770425 1.00233075228584
"57" -1.14335396034842 -0.37190895147332 -0.837014776753258 -1.88296330448894 -0.403360760445394 -1.52586467827028 -1.70842158883849 0.152354653935623 -0.515497310083451
"58" 0.461882308702557 1.40236735572996 -0.430564176289547 0.68841985874598 0.249271802234227 1.1243085747731 -0.753056012894537 0.446528957629328 -1.29066937110001
"59" -0.409603241152402 -0.564267512552377 -0.620251170422339 0.400012743216187 -0.574703087735179 -1.92022266365879 -1.8721915311785 0.483656586806747 0.469619596631465
"60" -0.815744398159425 -0.194665835226942 0.343895005764716 0.477396905414652 -0.0905758857543393 -0.427530181996955 0.31147924331194 -1.0120901688981 0.265121002163524
"61" 0.618915941067549 0.488371520247021 0.386319495338168 -1.71741727294503 -2.40741999008425 -1.60645917771169 0.713578835735346 2.00290679851878 1.0677705690334
"62" 4.08798759414643 3.04830187647004 1.08111210226884 2.61306084285512 2.02507119295799 2.22249199447541 2.17105805309072 1.32369568125951 1.98629893290578
"63" -0.305051049582979 0.952254061351231 -1.546543108408 2.15800546642744 1.54411663286339 1.70244181249882 -2.69993399312972 0.391213183746931 -1.26145641533594
"64" 0.578543425827222 0.253320056201437 0.152798465622424 -0.268226164906353 -0.263105474370317 0.555514866029126 0.149471178449221 0.271999719621797 -0.252883028424465
"65" 1.07295140852932 0.438532998104096 0.376477692139862 -1.1464633566709 -0.575880921903243 -1.39810645210766 -0.519524329839925 -0.197068361693832 -0.966405727449917
"66" -1.21162697092312 -1.04108441962366 -1.64901977336955 -1.60132166905842 -0.271522780480638 -1.47375565611494 2.37102392000819 2.94173169469276 2.85154478743785
"67" 0.386234079948477 0.765108822753281 -0.419542609900059 2.29291626958402 0.864787331271654 0.8995447887396 -0.890394154297226 -0.385869667941891 -0.927733654543996
"68" 1.53638869198006 0.752835973504194 -0.239345067588032 1.0635664505427 0.717763929479938 0.832040349296081 0.364771035667464 -0.709610100307361 0.728650370292875
"69" -1.12491124795254 -0.896980957352618 -0.877352459112507 -0.319453069349621 -1.61565476968323 0.398858993780853 1.03456864232193 -0.626567944043662 1.32069455845259
"70" -1.81819313175175 -0.726812450348628 -1.01652167733375 -0.489603427781219 -0.0470918986589463 -0.906245703947785 -1.44213991208236 0.595260953367369 0.251019871170962
"71" -1.07429593263266 -0.290833639391244 -0.0659199543887807 0.0655748314558344 0.85829813473244 -1.35696473956971 -2.62025270583296 -0.506678038131169 -0.885629948189727
"72" 0.588728577683144 -0.144717452966502 -0.986426418181344 -0.5490270804944 0.386496831165646 -0.117108926646399 0.777983456372524 -0.454571776286047 -0.360116270284678
"73" -0.297330052805679 -0.848360414238725 0.222117236386483 -1.82483291775333 -1.02262604244516 -2.23072736096893 1.15812710561654 -0.201426409413291 1.11431105039376
"74" 1.05531872227465 0.436980576485663 0.442670726148948 1.13770585582169 1.52100398171933 0.333219460329539 1.55535129242234 1.38434153869542 0.931777644861239
"75" 1.27269522399765 -0.146247825010197 0.615960994713136 0.999388765239954 0.405376810860429 0.818798313166373 -0.248978033876821 0.123289049871103 0.489537587984402
"76" 0.351852888308138 0.633478212718745 -0.351078005974589 0.135425158550877 2.09154057796013 -0.124418744717171 -0.717375906423441 0.551418628488275 -2.05609809291688
"77" 2.38595000435445 0.064770393587396 1.41155042393456 1.62405043223256 0.794861569713342 1.80716463752756 1.39583329320036 1.21361579398748 0.479731201451096
"78" 1.15255804416095 0.381923183337455 0.925595393195281 -2.59416494876462 -1.73947469605732 -0.549803277740173 0.851851135630274 -0.799272041414904 0.891500555859143
"79" 1.39471272019606 0.76329028121886 0.504141446523931 -0.718698783797763 -0.826557730307396 -0.285365317973198 0.457613789162643 -2.11004622310435 -0.532498962460177
"80" 0.27891217727202 -0.52767144501307 0.253045155115636 0.717792129532857 -1.01706252684802 -0.412572133418468 0.0742442972678013 -0.48207022260165 0.432980864426179
"81" -0.573357218318897 -0.285666986350505 0.297257371336018 0.243137182417635 -0.33556290133756 1.12990243426287 -0.596102786448213 -1.20969424424536 -0.0399192499883543
"82" -0.57671967627199 -0.789374924970854 0.457956714542361 1.5514203324429 0.90208923905987 2.75187162358815 -0.963501116097963 -0.511822322594827 0.612173496707882
"83" -1.30232960506927 1.21235006321619 -0.92382739821905 -1.38718780394 -0.516290964887039 -2.48880749448707 -0.0533957209282883 1.31751553052397 -1.78034511914906
"84" 1.70902415249472 0.490611540232883 0.585520750392808 0.147659162353011 0.153706150936834 0.565735909710746 1.55634044235688 1.12951167873903 0.0574456349900383
"85" 1.81634153841224 -0.136160067517533 0.726275002584688 1.18506167823867 -1.16474872108998 0.00355837210283705 0.157598131566097 -1.19159397718757 1.00909395917723
"86" -0.246122706538999 -1.40044363493071 0.623584860778575 0.0762021570838598 -2.15276251168909 1.10373250329639 4.45927933408794 0.947207349649544 3.36320102326414
"87" 0.289496895085708 0.189075891816541 -1.02722085772711 -3.7341673061978 -1.27051578121567 -2.76394961090358 -1.58403425636061 0.0380445027990536 0.87854061712169
"88" 1.66615834814813 -0.284227168940676 0.731293761474842 -0.0744632752670467 -0.405644146110638 0.908309733581014 -0.71334322498389 -2.81841152146361 -0.751616573694291
"89" 1.22683354732843 0.115153496605078 1.28873750568523 1.58386161284854 -0.285396434506179 1.75065685541291 2.09622345797657 -1.6171964463627 0.619594105719428
"90" -0.682401135563681 -0.526453136253047 0.141978666300803 0.949853735646859 -1.42693297544766 0.824352508678652 1.8716165659338 -0.285165042268527 -0.258300681672149
"91" 0.50183272866591 1.16789784833823 -0.970203897873242 -0.35123411614442 0.106071635480745 -0.343388153838867 2.3604579185522 2.51546361061998 0.900560743656558
"92" 0.23328889176256 1.58225414409648 0.0104871638484672 -0.22133588329706 -1.03728443447733 -0.146215591050524 -0.576834310367835 0.375313418492273 -1.2958068793426
"93" -2.09498681492528 -1.87723464114908 -0.166606127776395 -1.77653419211047 -1.39999041980887 -0.489963730475617 2.43741612345219 2.16330071972177 0.945442827323225
"94" 1.40156982585145 1.40514583162055 0.629152380584154 0.774489257949599 -0.677905449731337 0.51695651905103 2.32042882224434 -1.12820820315241 0.316920599699349
"95" 1.11910407506813 0.620110337193634 0.257312509149409 -0.352314282395815 0.271242735609044 -0.309386550111325 -0.641183509051 -0.66560416137098 -1.60986192786206
"96" -0.0298113507580169 -0.0666715398501414 2.84838835820266 1.73994355202377 0.68014648489522 2.29121327865213 2.41569702849871 -1.33761291549503 2.25401668819349
"97" 0.909220286895476 1.47016800246196 0.171610894832505 -0.741194143563188 1.84712822144464 -0.220314844653118 -0.935123065809697 0.597531955843679 -1.14339448230745
"98" -2.08654378523542 0.912939755697693 -1.81374168599356 0.253730975884292 2.71788918872383 -0.0478285326310655 -2.40941230812798 -0.157912709130571 -2.40448751543335
"99" 1.75971280452474 1.39387592183051 0.822832247669371 0.346382599306542 -0.168548024809728 0.601388431949907 3.19431172643175 1.33074980145052 0.751179283380396
"100" -0.763622318594121 0.122217168313141 -0.456742043106668 -0.691182755558602 0.524173912323546 0.712054721612592 -0.315421256130042 0.562362980191266 1.68023911871657
"101" -0.388615692720847 -0.68957660946649 -0.291894661516146 2.22712518654798 1.5517916272867 2.89898837023609 -0.200282900394312 -1.6849511410835 0.190234883637044
"102" 0.845861265450272 -0.286872679599627 0.52448296110254 -0.634809494637552 -0.349193248623246 -1.11657489687989 -0.824197389045329 0.692140893000075 -1.03700217986421
"103" 2.23034932240062 2.05031566026313 0.433582461713265 -0.104728493335858 1.3049911652877 -0.554162773490018 -0.894327398106597 0.536312792521357 -0.618193135608447
"104" -0.385659410903586 -0.0202291115557459 0.00729084942674574 0.196894720777458 -0.511209215794345 0.464144721701656 -1.23307872819408 -0.153867243297618 -0.301723357668422
"105" -1.78423646093644 -1.56185086038353 0.247237893204343 0.868615146108886 0.800206447643143 0.511248350299316 1.44817140375809 -1.28560757683225 0.124217361943139
"106" -0.955855441856215 0.381701730910118 0.467957156164873 0.144438606545366 -0.145184888466967 0.0699349124786263 -0.0863575008792798 -1.23208811371166 -0.260152578545136
"107" -0.576620996284365 -0.243082339514347 -0.795416730692322 -1.20666115032367 -0.101630304574258 -0.0475000732970199 -1.90499631992157 1.10967767876276 -0.942611277135496
"108" 0.0388364340564102 0.0383823011477492 1.30871018511126 0.596687588602528 1.14498139405289 0.980593202652779 0.620160716413586 0.199904126882146 0.40974794161553
"109" -0.533863990472556 -1.48183464122192 -0.961436093457451 -0.307559303192554 -2.2176400438366 -0.285826054182604 1.77466403770876 2.0815808032655 1.12050493568939
"110" -0.301168927471358 -0.100532151404075 -0.60257926129734 -1.08537243909159 -0.102266150978345 -0.183386889015846 -0.0354914817538167 -0.162224075273903 -0.154210364912554
"111" -0.56239609059586 -0.664290981047174 -0.452600272698316 -2.21251924303708 -2.12886743879725 -1.65849532201041 0.487886855293052 0.0858144373211981 -0.486224298934687
"112" -0.847689120525283 -1.1332105514501 -1.25307350066249 -1.14184107468986 -1.23303907950954 0.254350036022351 -1.09432854747579 -0.377036359874899 0.11141849432654
"113" -0.194763456831979 -0.7217281195629 -0.394386745713198 -0.307761797310238 -0.600967195575787 0.23377129827439 -0.123814388025927 0.555762712261425 -0.541375240486083
"114" -0.904952195482357 -1.23821725770019 -0.391334554354076 -0.724620091140851 -0.684352996063311 -0.25922286727388 1.99562920842943 2.39382836300034 0.222248853417532
"115" 1.10647031251824 0.577929844228932 1.44843313281477 0.605572550448573 0.811106038143969 1.41861789027047 -0.957492009350485 -0.50642350144427 0.309461425051266
"116" -1.14485562694902 0.129812208752022 -1.10727258495183 -0.329976994026954 -0.0392606916064137 -0.600426292826426 -0.801368857225699 0.525450768932319 -0.370483305430122
"117" 0.507283167908687 0.126711056722819 0.789499143107366 0.719981535361436 -0.605394750489776 0.824932368996688 1.079520959511 -1.17834157960055 0.32887399463781
"118" -3.00957859280635 -2.64495419668213 -1.96815869544269 -2.25603569184874 -1.36160472439452 -2.166721569359 2.75055793963724 2.35654040239267 2.23879660372529
"119" 0.134617977335414 -1.16097935929114 0.981882457510034 0.485417125187523 -1.1872045231635 0.54786046927391 0.637391506647648 -2.19425071880616 1.02704612761116
"120" 2.39738698769713 1.21195740696641 0.230380106966952 -0.133773394869619 0.669856681703505 1.40009719566549 0.665741993079883 -0.881107790428481 -0.639525495751438
"121" -1.94997725447739 -0.368330288133787 -1.55802059735876 -0.667323611752821 -0.742305317559014 -0.884093967612227 -0.682443764616513 0.112641688428416 -0.46315443514504
"122" 1.48375686245577 -0.788247197663275 2.1167623757872 0.947568991253157 0.376075103252214 0.484221231395771 -0.504947436956924 -1.88248034524381 0.852533804631501
"123" 4.58005365657274 2.16246477007603 1.99047330576119 1.51000927700872 1.05879733719183 2.0756931680209 2.4093121773089 1.29801391723163 0.84455994045998
"124" -0.188169969434024 -0.224352132677325 0.172117631299052 0.212004166848061 0.452124431049246 -1.03703174593841 -0.324600578527127 0.809427466805188 -0.990506817814776
"125" -0.936613971479623 -1.54782572130251 -0.126706061862405 -0.791562092486601 -1.19447783390907 0.430600980208186 1.42022478337413 -0.0930392750143247 1.94466389481373
"126" 0.280510790090262 0.360752757661692 0.836880853528754 -0.15726255520973 -1.49234368525718 -0.704582204508368 2.25203498010148 0.398831133273397 1.41719621965506
"127" -0.0704856727157238 0.762783684387441 0.375605966546063 -0.887784914792034 -0.351005276571502 -1.60466175132428 -0.056341848875517 0.29201707372378 -0.338286028852594
"128" 0.550525511058453 -0.87298203491913 0.364179922955059 1.31557465080599 1.09153796211597 1.16692397454456 0.995732362362236 -0.535679446896824 0.291306747872707
"129" 0.65742754227686 0.937592319176936 0.826639141998919 0.220803265866767 0.915672827663683 0.36351286679154 1.89476229386146 0.0190393022613163 2.77090410856197
"130" 0.184634046075159 -0.64711258267846 0.801707698158325 1.54053929019234 0.41666879087184 0.795707971870734 0.0906335663839403 -3.46612085625137 0.189004538508192
"131" -0.358292042243847 -0.812004288504363 1.0666842617496 -0.0875582005708561 -0.443873278717734 -0.2914673741046 -0.490714168142902 -0.433460825939877 1.52904990558874
"132" -5.40652355558236 -4.09571115195655 -1.75129953879041 1.63185428322948 1.2320752450948 1.70242104610623 1.26262066513011 0.411810265876307 -0.4965524065828
"133" 0.719140777658942 0.193128999941366 1.51031513486715 -0.916486021490191 -0.0843661767656567 -1.02509051325295 0.100682739575698 -0.342571200731462 0.117949570530698
"134" -0.694481248956171 0.567237945925094 -0.466665030446677 -0.0287727932897577 -0.103542766490777 -1.26983392782343 1.08968432545007 1.25461753909265 -0.120269632411012
"135" 1.02892851666849 0.395482029888372 -0.148421654379912 1.0441481754514 0.882644411687983 1.4377268587911 -0.366984422698026 -0.756657805368178 -0.836593563981371
"136" -0.202222531198311 0.660242351791386 -0.260483223654834 0.535300075755248 -0.383831048618224 0.587255743433991 -0.557316376215203 -0.503427872908928 1.94303260547002
"137" 1.13789671416744 0.881858268855364 0.3960296445664 -0.203729601706873 -0.0135049798721786 -0.461210566105798 -0.112518182524605 -0.0155499953589862 -0.637030574365102
"138" 2.62523466710053 1.87704693784259 1.95934610511834 1.81734547249297 1.00395488299954 1.15641017888833 3.14524545717736 -0.236917291624769 0.947249584563261
"139" 0.0499134036285687 0.364044339976332 -0.438342408103972 -0.767815387427967 0.676835241438488 -0.474167918721163 -0.673126480611048 0.0449126935643535 -0.267353299028666
"140" 0.603862923280305 0.11659497344069 0.973483371018727 1.76990711577677 -0.0342792253264377 1.68576319649684 0.600835595433852 1.34900451187781 0.766186444219053
"141" -1.52100940322498 -1.35352394175008 -0.347605682602562 -0.948362690967228 -1.50079598109577 -1.28233511464926 0.357168526492431 0.483496301761324 0.136365604084923
"142" 0.228032339703061 0.115012850720782 0.336061692761993 1.54294771235722 -0.866801327329729 0.485912353755433 -0.27198201187126 -0.0350301234850027 2.2010350929241
"143" -1.6790687335752 -2.36589753265968 -1.38465962891474 -2.43393679128356 -0.835699260028673 -1.85233017365656 -0.147346952817595 0.268569714900433 -0.673068497007761
"144" -0.437678008776169 0.313522446219065 0.0922919004244217 0.450685313481585 0.129740535379058 1.00674192110857 -0.279729543076259 -1.25745216819018 -1.32797642482666
"145" -0.0882976833949225 0.81252652199137 -1.30611353309156 -0.890737445833037 0.136579791227329 -1.36470640047023 -1.01385583843764 0.105008461116907 -0.41848250099011
"146" 0.27001282799623 -0.785796896295058 0.127103360086599 1.86577506215122 1.58728273509894 2.79682470444587 0.0397711198354772 -1.14178318217833 0.346400999763825
"147" -1.05045610049448 -0.462164574741511 -0.244978358771337 -0.503863459229995 0.00545385395051401 0.0110594391310684 -0.0130492478247111 0.663332503853842 1.08443915875676
"148" 0.128256038180706 0.301594065021593 0.531493094582934 -0.460896042584287 -1.02718750797228 -0.133503270193778 -1.83254875074173 0.428346543365208 -0.266882146645699
"149" -1.12130960995779 -0.422106132856564 -1.99070418865548 -0.461310784584557 1.3288552150101 0.680362377103279 -3.54995066960208 0.470722867213709 -1.06202125614418
"150" -2.59656228933706 -2.0762115006322 -1.60601177694224 -1.26450766228563 -1.35063764533583 -0.379344047775005 2.15651654999104 0.583903460282937 2.03709587435833
"151" 1.42718918060988 1.25566657922001 0.49203964811312 1.35526582496701 0.271466590435291 1.99658070040003 1.37873182652326 2.0746839116904 0.131061056440342
"152" -1.88010398052387 0.190402326978514 -1.60476554267164 -2.50030901463068 0.967970980917722 -1.43196374640127 -0.873785347863397 2.00088377713952 -1.89664418295245
"153" -0.0210026719854791 -2.33714478790062 -0.0765284289787213 3.22504135429207 1.94690923441567 3.77192845199701 -1.46349411675965 -2.78265329687302 -0.533666906469553
"154" 0.215782231138123 0.345407111042046 -0.089755270193926 0.764899045259086 -0.112503102923416 1.08482280085923 -0.343158847588338 -0.288525799932403 -1.28088245765925
"155" -1.12214729997864 -0.835294278127201 0.27470481453536 1.16536185542551 0.162721147098229 1.33833208290704 -0.0534294556936189 -1.47321382349581 0.027836486492131
"156" 2.36009693941925 0.30491959784639 2.38620679005741 0.982835504624206 -0.74498242317908 0.507989200111366 0.759137734876446 1.28951669386282 2.30569693263091
"157" -1.66884989189109 -1.94699228098674 -1.17072287143539 0.310989372113864 -0.0753046166899993 -0.425367978614875 -0.749306746276473 -0.293192198541738 -0.227848090345305
"158" 0.651104321094126 -0.224927213240565 1.73024728852551 -0.171832232794142 0.959787042928525 1.53976295148711 1.2648501681986 -0.498662574527988 1.35211183408124
"159" -0.277719431431108 -0.813478423950994 0.302528944364287 0.884429150051172 0.793245473800677 0.778432235837156 -2.71644448412058 -0.502843560083237 -2.50531997307566
"160" 2.60577706234626 2.32954310333696 0.416686510153291 0.589411102136288 1.82744730930572 1.21649375802942 1.75713229987916 1.34516373791003 0.469068982585994
"161" -0.751245005474046 -0.570007046387241 -0.256351899337588 1.28809999217121 0.0599055745878151 0.919874372453264 1.79493571232477 -0.439497596906711 1.68300720753372
"162" -3.8314814426327 -2.88996736333501 -2.70767954166849 -3.21148646734462 -1.2551154509689 -2.63148320786874 1.53089675301966 3.33060600712731 2.36407184707464
"163" 0.236049895774509 0.379357813963143 -0.947431306510694 0.357544416431559 0.277679205242494 -0.291939525401416 -0.716341408024565 0.728458136778029 0.343288400135291
"164" 1.43008509378884 3.80341357265026 0.583254818788394 -0.421759357908878 1.46356705925773 0.76876622951162 0.553536589944943 1.9358150887538 -1.42621678326814
"165" -0.166272651683052 1.00256840537928 -0.399337530406848 -1.49044949525006 0.571492376632525 -0.957602138718048 -1.30740337085141 1.38934405058935 0.881727633031516
"166" 0.681734550303658 1.55852756955229 -0.19445084252685 -1.29701709690086 -0.504545917703592 -1.13183768306266 1.33099390547433 2.52676694764559 1.65031176267905
"167" 1.14890665282138 0.62819783162459 0.0839897955231163 -0.192601776954557 -1.13608346038735 0.51695792394458 2.09428128218001 -0.287887063848463 0.552193418082155
"168" 0.349538809400123 0.430891187592511 -0.51889180358439 -0.469170086119517 0.326326737860123 -1.06454953102252 0.633423453090406 0.702276714499544 0.179015455142786
"169" 0.971300289259729 1.01415562958395 1.06004672470783 0.367358012323576 0.0440155470049892 -0.403766972905375 1.07089709568778 -0.161145318754676 0.79577197193633
"170" 3.50339288620281 0.543938027633478 1.69345613596037 1.41710497549297 -0.987643221168291 1.3119173329281 1.91208440386806 0.73662707444347 0.0663071135505
"171" 0.504127253910473 -0.0347121680362497 0.828298134509564 0.400962414060607 -0.175498956804747 -0.782626106341388 -0.786556891605172 -0.917589699287893 1.34731035716332
"172" -0.00423029297127298 1.25321660168261 0.390895708183139 -0.464513906952578 0.177904431249632 -0.254446413129416 0.196427118500071 0.415758028709771 -0.745493756686481
"173" -0.658522756229895 -0.0726862175821843 -1.2109205904432 1.54134891328422 1.86681378317493 -0.405748802673121 0.261569127700353 -0.624123448459229 -0.0495491936480683
"174" -0.255127911433093 0.00620425200846397 -0.468876004338118 0.701009484159984 -0.433503155650417 0.647459457893941 -0.717664675078126 -2.07263480689089 -1.28102933220349
"175" 0.342946712380987 1.07617688511739 -0.00233854729096439 -0.380729539174698 -0.420090814724563 -0.250013745161073 2.51236574903199 -0.876373536171564 -0.333851701664003
"176" -1.99822772130656 -1.99259277544421 -0.802252236111574 -3.4150018188027 -3.31040902953631 -2.88668296216129 1.24269561632209 1.00559740210097 1.53720265414039
"177" 0.895037448070005 0.696898410998687 0.921857863151095 -0.0100786376188592 1.06321621042273 1.39452326836297 -0.445162861863094 0.261104821948046 0.642579477980899
"178" 1.23573373298998 1.56864094719519 0.888193008900303 0.746081900803395 0.466528397229704 1.34015970808863 1.3483527688871 0.893265355162279 1.95544127315322
"179" -1.94427119576188 -2.22820233556521 0.0624448453225528 0.0596579818839524 -1.53352429249086 -1.69508665116523 2.91872235435753 0.296261716464982 1.83613496867522
"180" -0.404825497208483 0.798541777833035 -0.886693827822653 0.588637429128484 1.76515504644516 -0.880174526679121 -0.103544258148418 1.4747302221959 0.854958999814028
"181" 2.10753495066328 1.05744123487493 0.977557336206376 -0.256676272734536 -0.597329046683749 -0.890780346924028 0.120204598580837 -0.239466361124005 0.16355464735981
"182" -0.33007916724832 -0.00577462553164908 0.353249885741226 -0.144876470670331 -0.387439889394845 0.797612989060204 0.582270967329638 0.514547593477017 0.768820921203903
"183" 0.804057254208968 1.22899663388744 1.29671156179324 0.8434450627934 0.0125482262227995 0.856340356564035 1.58835785596595 0.365430968960276 -0.147010022448293
"184" 1.89312394636341 1.34133497860829 0.485584907259551 -0.935066943946956 -0.974132427969025 -1.91569058765446 -0.299695604249924 0.990870181691177 0.168272730666861
"185" 1.01456572947468 0.467422903456123 0.32848630926901 0.180918404099534 1.72530967083581 1.69803216715545 -0.580759139609757 0.0136056651554458 -0.513058047278566
"186" -2.75846209952634 -2.60249595689681 -0.37427565847083 -0.863830288891524 0.63407429842841 -0.710155302569706 -0.416562541838447 -0.59951326165035 -1.97941696905785
"187" -0.0607959417569312 0.262926097330343 0.814631205061894 0.827138995805627 -0.0567935783658703 -0.840081451927755 0.209237537911667 0.945811556544685 0.861436439694076
"188" 1.29681148397888 2.37885489651231 0.924916273406426 0.356347280738315 0.190290025933576 0.871824319472828 1.55191223805637 2.30410802619766 1.49733784456634
"189" -0.307000350457199 -1.84175571927259 0.854811790765096 -0.748909317959627 -0.14898643810565 -0.547953111688759 0.982163932405899 0.667885846486494 0.22303389848244
"190" 0.735184255825664 0.759645822437396 0.495943216523796 1.23824148496367 1.67974190358248 0.733945410915262 -0.925078313389171 -0.906340680843091 -0.405969945972287
"191" 0.410972193478775 -0.153536732877149 0.134990304573857 -2.43327741538112 -1.20745409052023 -1.71483461934678 0.404838706814886 0.506318382008495 0.225613479687527
"192" 1.34820265371549 1.53819888898418 -0.535726566191116 0.0999236871515538 0.2708422810018 -0.389120151318869 0.746441179581309 1.10806728595895 -1.04103002834649
"193" 0.767840167773989 -1.16995623394225 -0.293868710707947 0.487666577277167 0.191535476330262 0.288273106759291 0.439058489151674 -1.13466566249089 1.35175898711098
"194" -1.27934174602223 -0.313176529674986 -0.852867021619648 -0.80145846990995 0.259666087084192 -0.233877749166499 0.230222009270145 2.97761279977093 -0.592245265877601
"195" 0.660793884195213 2.10833630781215 0.163285012554476 -0.911119127166047 -1.01939849017716 -0.173140316908613 0.838193845778616 0.0973743922084488 0.053154490229958
"196" -1.14793557772529 -0.216955035638467 0.453016848480244 0.216663101853117 1.15475284987679 0.12975552168853 -2.16608865709408 -0.584741422410375 -1.346735785181
"197" -0.838586477793662 -1.54088935556371 -1.74020505306715 -0.598604974875401 0.0420991188502549 -0.241969813172745 -0.627670774262637 1.46191244880689 -0.485522641156748
"198" -5.31602402493177 -4.27749480937031 -3.57316106833125 -1.67343778863635 -0.0430302005442642 -1.46074983327599 0.168507401440275 -0.367423644518548 0.491859552666023
"199" 0.139231234183019 0.420811551474735 0.61440979109882 0.0571834495229374 -0.762736879308846 -0.160949120193775 -0.718646001521856 0.868784380177359 0.100309985405068
"200" 1.097759695422 -0.0754992125038446 2.12419595523326 0.381337475035489 -1.13838615171797 2.02565445237266 1.26172951558166 -0.723184497209618 1.09680763368914
"201" -0.652029319212446 -0.448297379363274 -0.627240763108989 -0.963499235136565 -1.19961933857921 -0.396206634332735 -0.188223854829033 1.14176080746937 -0.0599043816060109
"202" -0.396186500161078 0.0828761597078959 0.500010720332492 -1.24815683356026 -0.118693299177426 -0.99127778353718 0.434361846260451 -0.213973752804086 -0.846136967139971
"203" 1.95679383823948 1.05793192151405 1.42936301601737 -0.442015139758313 0.0253378020217394 0.501442605002668 -1.63361484641685 0.326385479252543 0.484594894970235
"204" -0.452263766542467 0.0916926157486052 -2.07277021413196 -3.47914119823938 0.250784493239643 -2.09698067724515 1.46921852981499 1.23007877985913 0.309491212632797
"205" -0.534789788847715 -0.126052939428407 0.250693363489636 -0.493284794242571 -0.101513195350228 -0.497973303783788 1.34650459369586 0.499589699872417 0.225558722681624
"206" 1.30162529789429 0.830611087470163 -0.195780099323306 0.717437540139445 0.777322025491629 0.622619453355722 0.00818164091970328 0.576959059420791 -0.627297731145049
"207" -0.126246154251201 -0.361585662961734 -0.339411860127747 -1.18791164409104 0.000173364501464768 -0.159939367024269 0.794197650891243 -0.567432390645253 0.036745715891995
"208" -0.0423462172653795 -0.359459161533259 -0.557359477663607 2.93313936969746 2.61074943763848 0.908865634040625 -3.00879811728389 -0.587883163807261 -2.28236536458658
"209" 1.57537354565404 0.844903519532345 1.60285305088747 -0.625919954391005 0.373529416167917 0.0329297108680155 -0.848087880599517 0.282120199921013 0.840181935199273
"210" 1.90660881293561 1.59952720681292 1.38400000385164 1.06094848858947 0.0575844615935182 1.56171600436894 1.89842159176805 2.16290947014545 1.79459698662372
"211" 0.13733667059242 -0.462985427996902 0.329093988392366 0.909722433133975 0.708266544261334 1.34723691758948 -1.1911979758248 -1.35189905919892 -0.68867409000866
"212" 0.350770039903257 -0.441729460865943 1.73045828638711 -0.511141967886534 -1.39617006128342 1.69695747078025 2.6172825679033 0.124290220074587 1.09102712712364
"213" -0.046416979114875 -0.962098135157123 -0.703971149857988 -1.14151593695698 -0.309250558849355 -1.16237224269974 -1.42843022790363 0.889190442233052 0.0195607410105492
"214" -0.310671244837126 -0.227588358337522 0.522257529588908 0.736555012817769 -0.885521863430629 0.36760583624332 0.845036010772944 1.53965731325535 0.527152479981866
"215" -0.755065727584419 -1.9428687927495 0.463032900243438 1.26476700861406 0.0105249030173227 1.93867167843038 0.173759263893342 -2.06240112751989 0.00518032962001771
"216" -0.29355240184614 0.392798802435755 -0.545787577431109 -0.212109833861919 0.0911977262459294 0.237103120260382 1.68408555615854 -0.540376785974472 0.546432569660578
"217" -0.42757555627851 -1.54740652749946 -0.93082001776819 1.36807648284557 -0.724070109497104 0.58663691783463 -1.16920685104137 -1.25145308984596 -1.24699830469879
"218" -0.987226076445084 -0.571315147068743 0.465511289709004 0.130161615887255 -0.676289525925734 0.298433415372952 1.28727174188563 0.847390483967898 1.82604059128529
"219" 1.36769528015199 1.65708315043845 0.935493203744763 1.50595492575981 2.02468273695386 0.6476207085793 -2.06028013874378 0.990526163164108 1.14841617308765
"220" 0.282523843326355 0.0232284386653536 -0.689213841727254 0.724304375930806 0.653082034587355 1.76324960894071 1.09446069053582 0.459389593829006 1.25323156641437
"221" 1.92999098058672 1.57549618613747 0.551474240430305 1.43654799039638 2.08344034487181 0.355361905697894 0.430585549227967 0.892338626352558 0.592346081443979
"222" -1.44108686876991 -1.23423738512474 -0.310992099132354 0.16867417078595 1.07821941454097 0.129424751633475 0.581551842310188 -0.496686995834451 0.331899012653432
"223" 0.470486186291715 1.6020718546006 0.44904649897056 0.309144345255285 2.59201556684282 1.49414661046589 -0.803162578851035 -0.469169037521247 -0.522941127790739
"224" -0.738895918988505 -1.20603613449352 0.420508861634323 -0.764574141288066 -1.23546541845827 0.70993775436553 2.78819986454865 -0.776872942801788 1.59288582793907
"225" -0.27011290195394 0.767847917650845 -0.227432232884137 -1.33920617930423 0.243460277656687 -0.492005152137848 -1.4952608815741 0.114400726709012 -2.03850036080156
"226" -1.08482132051131 0.845883264802302 -0.591078890552471 -0.656458513931111 1.67187152729082 0.0120574505776542 0.191413905091492 0.0864601513358348 0.123926799107388
"227" -1.32860253243315 -2.12682597340948 -1.38262623945013 2.14469079476372 1.34165366362336 1.84172476864605 -0.948976455875845 -0.949913842067242 -1.83469549085314
"228" 0.757892428067125 1.26879238175314 -0.0488371727640367 -0.203808997582648 0.747302410431806 -1.01909341609003 1.68121867467209 0.756779433957271 -0.614168085725532
"229" -2.009545963804 -2.23032773605427 -1.18915430641229 -1.55656974518678 -0.760095870047053 -1.39134284081401 0.113399181176051 -1.43093471033126 1.32785883267225
"230" 0.379011624807156 -0.356788974703423 1.57044149718811 -0.10666279841196 0.627099257291514 0.429877605819766 0.905126350756508 -1.30208635401469 1.62077875966324
"231" 0.327390120749024 0.0181432430538587 0.0409108378207776 0.140769899233979 0.176913916241973 0.0340816188241314 0.69308416027093 1.33542248169008 0.848449120654486
"232" 0.292380012771053 -1.14317366308145 0.462234098950953 0.704314252578977 0.0468011879466574 0.546532670639211 -1.95568850803091 -0.605136978511312 0.193128390765734
"233" -0.663354977982292 0.126190960885938 0.506659354750683 -0.0356300241012959 1.2049087111407 -0.501627082240477 0.364438987791412 0.220940854266692 -0.0966178950129913
"234" -1.65972154067027 -1.26495416252384 -0.317333477262491 -0.59074839538294 0.472708540105932 -0.143954963804309 0.898644993806065 0.711715068856625 0.109061604274581
"235" 0.0899991232065433 -0.733001055796608 0.602646725320508 -0.315941208797018 -1.23480716548873 0.0792564097421788 1.06465294805241 -0.271295301408043 0.58102258229721
"236" -0.422474983041205 0.768448113934736 -0.247418117404022 -2.63655947468393 -0.552580304441327 -1.54189827899961 -0.801144316542035 -0.945121191920023 0.442414108194736
"237" -1.24702477372568 -1.11894904405249 0.0505266850849423 0.760294823190538 1.14072801277423 1.57055470704938 -0.602985207146402 -0.739009308695212 -1.52707266051889
"238" -0.177115189586408 -1.41923806230234 -0.629698264165795 1.44684830704301 -0.146764385314831 1.07498559534234 1.28883676728167 1.07656663761848 1.23428257745976
"239" 0.101402022688261 0.686120460277215 -1.23989190967083 -0.407604980472011 1.11794142726107 -0.125213948313311 0.23454745259923 1.89142999787984 -0.125168562265695
"240" -1.68818659108433 -1.84466114773959 -0.926971292423102 -0.559424387173878 -0.346299684050246 0.319584931014799 0.966165601870833 2.19911742501536 -0.515800576134507
"241" -1.01802314797689 -1.44933006984346 -0.642054721267608 -0.476105853414657 -1.83692504283217 -1.0617830367311 2.22384822947207 1.72269324909184 1.10226869450438
"242" 1.57183372767222 2.29013808680748 0.381156950808868 1.16363086826723 1.59771323950208 1.27383310881074 0.956590385031759 -0.559546971442662 0.790001580392782
"243" -0.204021543856106 -0.307828705432281 1.06517475835295 1.19064284157499 0.0492390233277833 0.654819542428737 0.872394781777294 -0.324347955323105 -0.126940002925214
"244" 0.76115541927684 1.88739240257582 -0.0544066911849426 0.458947123487229 0.611591859823991 0.510928112533906 -0.630023336660768 1.18287494945253 -0.656916149530608
"245" 0.830542193057101 0.0907424246482759 0.0814129707176562 1.27717911844544 1.14476363072709 0.363843346066413 -2.15963428377131 -2.3902280788072 -0.604713356888564
"246" -1.10901689048022 -0.0950439588449871 -1.59761531609259 -2.11449273787035 1.22643621499356 -1.9938793370019 -2.51191965751776 0.230352443075862 -1.61289195168866
"247" 0.524063110303811 -0.46917360024666 -0.110979081596507 0.301927635362708 0.898573301524948 -0.348711084272983 -1.47669254807723 -0.423848456726561 1.14599974794411
"248" 0.176396419529718 -0.797924801448771 0.380676545475933 -2.21653473059697 0.383183122830164 -1.50444293151263 0.406809755649196 0.183480299842934 0.433088611698838
"249" 0.539964006016038 1.20056391533032 0.604874561486459 0.966664980940434 0.593802551837122 0.56969159912675 0.162069664802558 -1.09362497430867 0.798061955432683
"250" -0.99556176101286 -2.39776815517372 0.928390704732065 1.2102414871789 0.403202737068985 1.86235468264986 0.843965189625213 -2.22863260889963 0.707486560582998
"251" 2.25913030634164 -0.807543922666377 0.561955447863463 1.90734861012385 0.442471227497186 1.92357469919588 -0.824994265145628 0.478193640895372 0.409185733177961
"252" -0.96135938190763 -1.44121884963109 -1.05941505903413 0.542836110885122 2.80532618967836 2.76170189647931 -0.31411500543834 -0.0157835475466773 -0.100704059542463
"253" -1.53886983213198 -1.29159218202397 -1.22999215747537 1.47341162454174 1.05896673536459 0.860723418557678 0.622426758328375 1.57991486368852 -1.49474775882824
"254" -0.206149672874303 -1.03122970953703 0.031861284954527 -0.625122693516077 -1.00576992707823 -1.31544918854179 1.09998385921365 0.305958164061304 1.08982148550114
"255" 1.98535925150462 1.78666252711383 0.958588963230025 -0.618980291154405 1.1645182573592 -0.91530224428676 -1.66695447740746 -1.42130894288731 -1.85275658679225
"256" -1.07398918508046 -0.762625282695285 -0.255958800625898 0.483381707323972 -1.6270321111585 0.635119762135241 2.15933627125136 -0.0526865415907645 1.00872922745645
"257" 0.389089313783029 -0.342620767955326 -0.248334411840016 0.793334366400053 -0.228452223562676 0.244319847473304 0.914799902666111 0.0204814014452605 -0.197008461980676
"258" -1.17214725397684 -1.01753317540663 -1.21575948720016 -0.110951467775143 -0.892177228303232 -1.97794682670118 0.420671102238801 0.0816198265156442 -1.10216742623442
"259" -0.207410397361904 1.09105903821605 -0.0984183308194604 -1.18222429327409 -0.334069385326999 -2.47971160785008 -1.70564931905109 -0.442152111512284 0.431009704714448
"260" 1.75333789088727 2.68533460926051 0.106003368298153 -1.24269939793972 1.84525323949311 -1.78360784336672 -0.863533907372396 1.07309689147525 0.261413005976704
"261" 0.688960067682025 -0.159060064992373 0.440968707161639 -0.108935814982627 -0.850573848119947 1.16571690930417 1.9404194455804 -0.519817399470274 0.267337137952042
"262" -1.25228008647979 -1.7766508843614 -0.107928823097101 -0.360184706093558 -1.06347127808005 0.239377863198225 1.18455074981083 0.396395405591605 0.472199696650689
"263" -0.491075779183875 -1.35042936232434 0.980696731731711 -0.1796785623493 -1.38795678638458 1.48900679370836 0.464748777295216 -1.6127294573412 1.13854372156456
"264" -0.130498612629449 -1.02671213009931 0.051670346159421 -0.767808709477925 -0.268517939450649 0.932403705297035 0.847139237371794 -0.305142074507816 -0.446405929021842
"265" -3.14481548819627 -2.59534706757857 -0.363525125899431 2.8826361007113 1.10507752769975 0.737283161287058 -0.582975197653997 0.744442611248237 -0.880198962629018
"266" 0.104129407459638 -0.323794949345235 1.04628276934291 0.0424634745944241 -2.38636046398275 1.23906538402633 0.948706818439008 -0.491575561841603 -0.0379641810458067
"267" 0.790308993075448 0.0445774249929326 1.75244005967187 1.73052523813555 1.05514447460648 1.75101036747487 1.84432137016841 1.11205032468528 2.26569592647542
"268" -0.166805337517429 -1.30565738977503 0.136330731152141 0.487709866477246 0.6338261540278 0.463330264861808 0.522559075194063 0.0576129531844835 -1.07973223545621
"269" 1.11188025029411 1.13961427223831 0.705793937523601 0.305416729512813 0.439930624513439 -0.789694800750195 0.0795199427810759 1.34355826883677 -0.707842121477204
"270" -3.2110705431055 -1.81338864148746 -2.17544809409094 -0.541448888600057 -1.87448062660453 -1.0650515990857 0.699501967392121 1.14544664192184 1.57670612409715
"271" -0.931518830111093 -0.89621534602632 0.428167113715836 -0.120129905502492 0.700311287452599 -0.248474387774871 -1.98585877803643 0.599057072790885 -1.18894251452574
"272" 1.35107423937444 0.34165408540488 2.12928883298255 1.7794664388551 -0.585707207927556 2.1194452528704 0.51646760399227 0.407928254092157 0.804694764528929
"273" -1.35736182502116 -1.27052371366375 -0.714468869069824 -0.235446154798422 -0.11252461203973 0.710049888316126 -2.10201139958245 -0.578383356099038 -0.596751797524312
"274" 0.41619131867473 0.940600604649227 0.145681233992979 -1.99022840539424 -0.905421745116369 -1.49979559987375 -1.15211634557832 1.20164193631537 1.21583614082502
"275" -0.457339413207754 0.090616803622759 -0.477248685376209 -0.747554852582827 -1.38914668346941 -1.89415277333461 -1.64526473787658 -1.25921439336148 -2.56081719392077
"276" -0.0588670865019257 -0.0673025620787097 -0.515004417259482 1.71750638040797 0.746567128299189 1.24691448044401 -0.116420567208944 -0.92972026886591 -0.344023295756523
"277" -0.165930775295973 0.204777460839888 0.270572727743401 -1.8331405345335 -1.08916608296098 -1.31574803395533 -3.64945493084659 -0.433325641928865 -2.47067732552418
"278" 0.615186754808088 0.275743792308989 0.700076795457772 -0.974498721145125 -1.28394305197088 -1.2537913091306 -0.51404808205603 -1.26706929474923 -0.326584361574362
"279" 1.80629366228249 -0.641696961932331 0.37616523839997 0.748119499412347 0.538926548336795 2.21735409755279 0.711407132632432 0.463034144024587 -0.0699070575005991
"280" -1.2114529845556 -1.51550238114526 0.0276272075708877 -0.53903056282815 -1.19315170608343 -1.32669227139475 -0.00570131336569413 1.24290421779294 -0.68033556840516
"281" -1.19362877846715 -0.839157060418995 -0.556312222389355 0.780100055657053 -1.02344969743318 0.256245788756245 -0.331758984851014 -0.171162519196904 -0.0202720138191516
"282" -1.3282529270854 -1.69328914197934 -0.219849461283563 0.0283952101995486 -2.20534729376608 0.630343116413614 -0.360715617289529 -0.938254057714466 0.852196011010619
"283" 1.79053929498876 1.14326178431091 1.45709885832028 -0.734643079970407 -1.09432522578003 0.0536896868809561 0.255670036718744 0.285420940637934 -0.279061186863913
"284" 0.488118374815492 0.441616791350493 -0.150225133372454 -0.240964740766802 1.13024849244073 1.06459694552811 1.39218840894458 1.68084689818488 0.639189015590809
"285" 1.03685868534594 0.848956123428543 0.228000701428344 -1.19530994900079 -0.692262038974888 -2.23584266240522 0.250866836690407 0.558949369565088 1.05469331539389
"286" 0.27680284889068 0.838465114435831 1.38202126222484 0.425210860473869 -1.08389606522471 0.0657589459741647 2.05703816006854 0.116559981183602 0.233802000109317
"287" -0.876341207768442 -0.373222612255517 -0.0494348032706938 0.842816064617577 -0.0176985231494178 1.20931359309214 -0.281767623518127 -1.58201225371318 0.544782722057642
"288" -1.06787753515595 -1.49821396369065 0.956992198194795 0.503446375781018 -1.54754256212004 0.636665894466959 1.08414546476215 -2.38987215312003 -0.0397958022241631
"289" 0.272522782022876 0.801973883451859 -0.353649579037132 0.132106724723918 0.0257925308618632 -1.36514859143239 -1.80199092985856 -1.07486536799655 -1.57308144770814
"290" -0.0651689791646372 -0.0100547362834986 -0.222019765216491 0.519278209096613 -1.3130135019811 -0.768182444852422 -1.14172203889608 -1.5170589483739 -0.897822224344207
"291" -0.66224618406732 -1.19661746905754 -0.473532542320092 -0.607452150141406 -0.00848323848490258 0.380982560551212 -0.776773720372658 -0.810297542617125 0.400537136262281
"292" -2.06905598153448 -0.323142523391774 -2.01317285544011 -1.55785734631861 -0.761568610158847 -0.293021743119368 -2.42743872864883 -0.885493926177816 -1.48625169398983
"293" -1.21256386211682 -1.06491314659615 0.417486689518656 -0.516109178178586 -0.407034131291907 -0.654505913539173 0.198032005894641 0.949149549801501 0.843273664044847
"294" 0.302157086136603 -0.229821805375681 -1.19365859829383 -1.26775304464477 -1.00956901659091 -0.632926345204387 0.00587403946505005 0.0908931310172075 -0.354902621732931
"295" 2.26238020505354 1.43318726888304 1.61730636874699 0.921441887996271 0.739327014419012 1.59910147923358 -1.00224730190072 0.203177211647093 0.167570215649618
"296" -2.65868734442444 -3.00842365306704 -1.13706139164184 -1.35027651325339 -0.792741130210952 0.169023332939906 1.11353542496918 1.35734415176549 1.48314328795303
"297" -0.269005845423442 0.32234605007993 0.188955423050264 -1.68050251643135 0.534941715251249 -0.263825018244337 -1.60078781518234 -0.801145541500833 0.333060052960841
"298" 3.23336571137553 2.58888143354896 0.437990925874787 0.121636848235568 0.522528866012903 0.190421399492546 0.266614620511934 1.21315798465534 0.593590777515836
"299" -0.183732284201643 -0.453865890853563 1.16810348742699 0.577542564843219 0.61414034399825 0.27632789099783 0.715868532649736 -0.819489026221809 0.391966483355929
"300" 3.28952042317351 3.19785569400929 1.78419022619296 0.43275941998835 1.76242311089663 0.464566512888621 2.0941395587617 4.20670463261472 1.13958282033104
"301" -1.15293740191885 0.728152257127449 -0.922310005556927 -0.612151899446618 0.264738588520009 0.114521104732308 -1.9549941697307 1.55622185585171 -0.230281566496806
"302" -0.331442595082278 0.894552428359619 -0.369881560637528 -1.69933424273393 -0.00276463954333472 -0.382850866710711 0.0588772011445102 0.665483785479475 -0.689396199872947
"303" -0.294163798076867 -1.41908478106571 -1.02086350452591 -1.30839149893324 -0.617734120869235 -0.318657220452145 1.42187907444233 0.110798584813218 0.060015834347079
"304" 1.31325772065885 -0.308808250566319 1.14299026245387 4.24906613575985 1.88767855424441 3.44838210872587 0.217711589075208 -1.90159051110637 0.791845032403851
"305" 3.56159653379274 3.05409369092611 2.56391619150236 0.484282914426233 -0.351827134022469 -0.256255057412967 2.60086068680075 2.0768603891977 1.71615890421328
"306" 1.25271836273625 0.385900273949522 0.828420121588598 1.63999712460162 0.772911190770083 0.805658689710085 1.15959678338124 -0.639462299897001 0.663729059439386
"307" 0.666984776064762 0.370539000560385 1.06438612112806 1.51661945210655 2.50232527079439 1.76529488238347 -0.106532915077997 0.137586746544831 -1.29916029106222
"308" 0.98546043383705 0.358920520854727 2.07473115385711 1.14863221851075 0.256298679497218 0.621831305400807 0.560482337663767 0.36767962175798 -0.353638430716761
"309" 1.03301598204631 -0.767578543117593 0.502517275370333 -0.561731656926251 -0.704839524152975 0.563321219638001 0.198052920188496 -0.978519095405067 -0.575329516672557
"310" 0.231382515569691 0.291394843621908 0.0290456117284035 -1.33042756651467 -0.045855454928261 0.0901746490422142 1.30347572849925 0.622317688584453 0.769666355136915
"311" 3.80604761334834 3.09250863972887 3.41171013873553 2.81399042555342 0.813505549578811 1.46120984380128 2.38941702943651 1.04779477033699 1.15839486526885
"312" -0.239953513662721 0.598195389886833 0.525984645006798 -0.263414896947866 0.88217794776122 0.50263086411962 -1.07154121496504 0.709223739572749 -1.27997063479408
"313" -0.508317313293696 -0.311548435648946 -0.328600985073565 -1.97033199893128 -0.168313470069414 -1.74865064178652 -0.708726381615508 0.372904298745972 -0.259474454470569
"314" 1.46910866796632 0.362058224419036 0.233500995965039 0.50101901884846 0.825404569266842 0.0159308185859295 -2.63715245469183 -0.956501199851009 -1.28150665363358
"315" -1.03996684504899 -0.35849904868285 -1.50869529190453 -2.07521709222197 -0.482491613460639 -1.44452571659989 -0.201454275492299 1.4079043625804 -0.517929818582178
"316" -0.224581452353714 0.954362282360727 -0.2049268678496 -0.652411734757227 -0.020946193013817 -0.902805080095875 -0.975573838688124 1.73071477964732 -1.38135112893527
"317" 1.05058779279995 0.280257645033988 1.58727503669596 1.6047162841493 -0.392818157129212 0.874232893355227 0.795389532265863 -0.338907317866704 -1.45409400503002
"318" 0.509757499461425 -0.414930182119981 -0.886524480083545 0.730583943267282 0.741883663864026 -1.07508764752761 -2.30567540522394 1.44907412658774 -1.17961519720722
"319" -0.418214089077055 0.357723073645735 -0.685352401686145 1.303490293033 1.71929167919482 1.78931141850204 -2.05477621925341 -1.30603881410271 -0.972535519604915
"320" 1.21445792595594 1.33081567800993 1.62168051205011 0.156841062250041 -0.280434650906066 0.286086251855465 -1.64348647260324 -2.90169080125281 -1.02461645401212
"321" -0.907613457978089 -0.0604980897937308 -0.513017626951127 1.63994005605353 1.35841886119385 0.757867718180981 -2.27106997645558 -0.107560197840159 -1.74558182196651
"322" 1.00432079946222 1.57654367519836 0.770159886263411 0.904304399772007 -0.804254426545843 0.988349447973583 2.90185259513618 1.00181220824985 0.773733413132032
"323" 0.72021241839976 1.5660187757637 1.28440579203301 -0.0414075289663672 0.531913918896132 0.0211270817968181 -0.112331197441304 -1.29039472380696 -0.655697091162835
"324" 0.903825977657134 -0.514424921640503 0.764955598968782 0.462249740615019 -1.0974924351052 2.28781949649157 2.74066997370664 0.647842340278466 0.85659743244306
"325" 0.373126936756861 0.495921249020468 -0.861955898000038 0.484598703692414 0.93480551621891 -0.0418778673264103 -0.586777331282328 0.95855360264474 -0.474440629069923
"326" -0.293929843722871 0.836889084540558 -1.05361961427005 -1.06093816603436 -0.322699714050763 -1.33817246504299 0.967219620008437 1.03435893079278 0.0179913172986129
"327" -2.72055580276885 -0.775692381337163 -1.37814952889442 -0.14744721600541 0.533334749591949 -1.15918145541276 -1.48853336674351 0.404718880824296 -0.114444007637592
"328" -1.59799122478133 -0.918748725959297 -0.417421252451856 -1.3623304404912 -1.10822600294453 -1.33129672266311 0.563424385903334 1.26386111955386 -0.260320772084792
"329" 1.46450091772944 -0.0942862018919666 2.02283463969674 3.37292144057891 1.08762066646999 2.83407256258579 1.5247875409597 -0.846425887286812 0.196012960962771
"330" -0.118386721470942 0.825271770170811 -0.227678192288852 -2.09785269511738 -0.546866074563604 -1.52066880768185 0.55295089668366 0.168814402341283 0.627429151736025
"331" 1.30863295764099 -0.821382739764255 0.211770346822828 -1.39331163912435 -1.29141752665679 0.354782867431603 -0.0941744437875815 -1.14611122254621 -1.36254351241364
"332" -0.000818547463242114 0.48604961957095 -0.153934808438637 -0.229746769970884 0.745137434735862 -1.05312622054872 0.091216856352817 1.26381112614677 -0.884965771392548
"333" -0.545414098823044 0.480788173528352 -1.94779089526133 -0.27352974337284 1.58429145283781 -0.163298888208476 -2.96296605427635 1.43868313205789 -1.08035332328686
"334" -1.86412376772279 -0.859276542005165 0.180243737434229 0.0316790975080327 -0.871024127971883 0.428641541317675 0.21967756365251 -0.622465151720094 0.385072528042496
"335" 1.37145117063305 0.548347616099661 0.309716254275565 1.04661984147803 -0.583957011483404 0.439251284854671 -0.127015627285104 -2.02796860087705 0.451250486322518
"336" -2.35191887784773 -0.456719763586947 -0.800922539340504 0.348575410522343 1.66838938462651 0.0641757455286105 2.27092922663378 2.92842535118312 0.734141440901208
"337" -1.32681949182742 -1.54531845278813 -1.59576357499333 1.44497485486425 -0.596528814152436 1.82197655359594 0.0288337078002867 -0.726680242747563 0.241637970164823
"338" 0.786603941952705 0.907900899045928 -0.786854953850062 0.505008030631495 0.765772493400968 0.182518288182351 0.458278150689793 0.10634298633854 1.16267970005396
"339" -0.778746025207133 0.0826788929794174 -1.58822848688743 1.70602596230434 1.84021435537596 0.427179531972337 -0.539445779755674 0.84031932810131 -1.23545791816312
"340" 0.608750257142056 2.07489245353438 0.208800947734136 0.607982848395296 0.415861286934171 -0.27807181424205 -1.04565385755735 1.51843898643288 -1.02324527209749
"341" -0.516056843189373 0.959854089506545 0.279276207432503 -1.92039924126029 -0.206743926449023 -1.33022964407469 1.78469177524824 1.229473355871 -1.06348481798139
"342" -1.8696820483921 -0.273704862399437 0.116207964434474 1.54159408267914 0.916675589065697 1.09366114000325 0.0801577593014238 -1.69907552969303 -0.0713568054403507
"343" 0.798785993707874 -1.1275482153606 1.28251339688495 0.235336634956972 -1.38896170059352 0.157708021421888 0.437097227061555 -1.84713620507474 1.09672186899207
"344" -0.560852824995738 -0.0450286743431257 0.437955857750848 -0.162815653427763 -0.505075888503509 -0.735123840508511 -2.31376392470649 0.504795612941794 1.10153710029075
"345" -0.389574862014294 0.294910373915935 -1.14676600341478 -0.461650886733762 0.659122780108639 -0.666408230918744 -1.63681552848015 -1.00152012486326 -1.46943952966208
"346" -0.31001958639119 -0.591919738778003 -0.166350168079492 -0.219862011221086 0.390400675833222 -1.79913484969259 0.0529149880081793 -1.32304301843064 -0.314500845045413
"347" -0.999224195811489 -0.592738645920693 0.235502219825357 -1.30283135902933 -0.998998493735093 -1.0552816687139 -2.19230960612556 -0.575937337873038 -1.2321915348135
"348" -0.590097560801846 -0.211869962138817 -0.238672329727638 -0.00359817255620595 1.73126967887459 0.107890256961543 0.326753299644307 0.446910078057091 -0.531320271953608
"349" 1.42111815846269 0.924312825513592 0.270462824722536 -0.984801968556853 -0.13100996067888 0.474531615036496 0.0292112397338876 -0.850488414353845 -0.842138477233656
"350" 0.146259237122203 -0.182230596150331 0.956768013081925 -0.447930265352161 0.45144084921568 0.966655356839097 0.938123521838107 -1.04401185870218 1.12805710004938
"351" 0.658686521615973 1.13860274501779 0.634661646700867 -0.133331858025538 0.405436285464392 -2.35472806505102 -0.584870459217056 1.65867840830378 -0.746092338322102
"352" -0.0414518703621946 1.91992724243412 -0.559411071945901 1.5745064427905 -0.0257498016426531 1.63279207046307 -0.736120660458424 -0.635052026551078 -0.673378316996523
"353" -0.652706382547191 0.108960120164729 0.141932213557748 -0.528678188392768 1.73474112987156 0.925716426755261 -0.77165995442851 -2.38873788400314 0.593627725323106
"354" -1.93145019441664 -0.179925212898384 -1.64469002516368 0.494313109823718 -0.34675377657925 -0.175796746136709 -1.42513198349101 -0.599468215297988 -0.0817149260923034
"355" -1.83862860921537 -1.15667516513619 -0.943870175376557 -2.78240316358443 -1.69580675628708 -1.23476392847205 1.86020953288143 0.792280327979715 1.50685766451483
"356" 1.14120204393702 2.09687936660613 0.606872040315259 -0.451784681956346 0.752715633257614 0.297881341263014 1.01919888340805 0.855357818545465 0.558132816530541
"357" -0.400393884752825 0.435451055116909 -1.26571058513034 -2.7752118972302 -0.288211722257581 -1.96656234234922 -1.42525622972424 1.42926798185883 -0.0686307241203075
"358" 0.121917246565673 -0.238637089263861 -1.07677975169016 -0.518919459386997 -0.666460242885659 -1.16577200019892 -1.25372224052286 1.87400897068234 1.84314038746645
"359" 0.580898199143186 -0.626198103801178 1.43111664471097 -1.85906873451211 -0.820678986061984 -1.23401351508376 0.145168223398672 -1.09367600074282 0.746517424618253
"360" 0.425308881059451 1.38315563790594 0.809600842812403 0.579415390416993 -0.44680562082094 0.432581259114498 0.23946523955643 -0.570175305847162 -0.450900777285306
"361" 1.22021824478039 -1.96109687365517 0.454770145646508 1.06545270321236 0.612893707894685 1.686638481779 -0.615848702094221 -2.14027212195972 0.966574051801976
"362" 1.5558517876517 -0.677217195455302 1.03832004024274 0.625937953250966 -1.6819030392579 0.548869863565366 2.96987258672774 -1.06498427162324 2.17775143655578
"363" -0.118125112289816 0.0817042722656924 -0.675059819890685 -0.123686109377842 0.582153245058575 -0.831477282746211 1.55094393051436 1.86401823120163 -0.0778802144966451
"364" -1.86108967456065 -1.99166819837652 -1.25770837661484 0.968016287413527 0.582831583627647 1.97484199965706 -0.470468391768016 -0.506681700953247 -1.68509709552736
"365" -0.697374420272423 -1.3484702333852 -0.434134863678931 -0.864679030983253 -0.562820858740127 -0.667589996055508 0.506148204129723 -0.515685212485943 -0.0901303277049676
"366" -0.373094948072065 0.300814086772878 0.346524553348763 1.97290621976366 0.377934908877113 2.88755343770235 1.64760555306657 -0.71093158548484 1.9385334613438
"367" 0.635078904199135 -0.376671069798892 1.07380648341888 2.12832804574106 0.0608034086729937 2.49777597716034 1.19364439661151 -2.08041324914225 0.42976095101603
"368" -0.71324835216655 -0.187951048589084 -1.07317870938737 -2.58977375553985 -0.796460272802671 0.310604368724225 1.76412591104999 0.88604499307187 0.596340915167791
"369" 0.133552822640118 -0.599820424074623 0.830800399633911 -0.44381494782635 -0.0802274246782121 -0.66774937481512 -1.14115318818613 -0.443521712545281 1.09824147667925
"370" -0.415845365966653 0.899815976084131 -0.30581941405975 1.21308574331223 1.9041514953755 1.79234418015505 -1.23240370652798 0.48293129659212 -1.81293470496498
"371" 0.788637123160317 0.923736028367171 0.807813867760168 1.18132881154515 -0.259960367406545 1.09874332577077 -0.814131731996194 -0.0023371710439456 0.959227764504901
"372" -0.411853146987143 0.229517765514308 -1.19521124138714 -2.41425669856415 -0.832761907224628 -1.30858121038906 0.485489149222128 1.92557181857229 1.35865240984002
"373" -2.54259786038374 -3.16409966210073 -2.31898621977296 -1.98122055049481 -2.32182179775416 -1.63078450932907 1.39715678313236 2.46807978680069 2.16862767753028
"374" -1.83758817925501 -1.69491772302111 -0.769799077200581 -0.696869100622097 -1.26221690019955 -0.846298518991132 1.19450938494415 -0.236187432712325 0.879024590324545
"375" 1.64283898624787 1.14784260839012 0.426446888057022 -0.267624851322883 -0.0374721846317022 -1.12105692101883 2.20630826956553 1.4884152351437 0.737176443578274
"376" -1.34999185712326 -1.87880536248239 -0.703425930814123 -2.3348466412319 -0.546479548517655 -0.753245017449552 -0.659828605529867 -1.41838883670107 -2.03229314976346
"377" 0.0846564039394424 0.26485212618844 -0.225815386561955 0.68016739711315 1.39186524310761 0.75349622654089 -0.0634104195287477 0.560776022228882 1.25033989679596
"378" -1.63888694288039 -0.369666325570371 0.289844511729674 -0.756112141808799 0.215063638297548 0.50049359984045 -1.17051972652137 -2.29048328412546 -2.47940085747922
"379" 0.2001522002299 0.417583183603885 -0.465269961101714 -1.01908996499431 -0.794776883192059 0.39839117745646 1.06766611978892 0.925565520897465 -1.07583693841148
"380" 1.96270835021512 0.771609215008814 1.19272998557988 -1.28201791141856 -1.76197613389701 -1.4564364072266 -1.004404266229 -1.48857168510022 -1.1226834218046
"381" -1.27782502131311 -1.23053956753123 -1.65860835960552 -0.836711183632634 -1.08449320171546 0.0434986281313249 0.158743245480835 1.79927539652997 -0.612883728653807
"382" 0.32444106539581 1.47711965404274 1.11259002888702 1.45552839285439 0.480786398147318 0.285028807251965 0.436731246931049 0.330242605207139 -0.803134044047843
"383" 0.0566105924920186 0.428464177764405 0.233437806007764 -0.492645907526666 0.632798932662109 0.287515834852435 1.16179882999647 1.98913124226643 0.610815329933417
"384" -1.06700564415181 -1.19778143414633 -1.25059634076586 0.764935853158726 1.06100530030464 2.02470493474667 -0.96336661377144 -1.54587023343131 0.302423170707497
"385" -1.0255649231019 -1.44417635958304 -1.59165654457765 -0.171444350908541 0.141557202197478 -1.68536928727468 -2.48917041601814 -0.126846347001209 -1.20535694060895
"386" 0.161041504572771 -0.223798624627096 0.0126220626941764 0.0410041841028318 -0.207242842900331 -0.079713775190269 -1.77681510362214 0.226229108479579 -0.281440556460802
"387" 2.43745700109341 1.22042891477947 2.1411653892351 2.7031052962569 0.7238596733017 1.79758495799531 1.83963260722531 1.29350533557728 1.60922943323438
"388" -0.165855132526456 -1.12108716535933 -0.291405354177095 1.1239244656386 1.7869063675375 1.29236177079252 0.452674811287087 -0.101479961175459 0.604028285275295
"389" 0.693738567179173 -0.401627384180646 -0.745488411973475 -2.35533055996204 -1.55903295996093 -2.56489477581397 -0.401854912935898 1.53230596820303 0.946440699675592
"390" 1.19570321809583 -0.291666209232859 -0.239473414268509 -0.238819588374562 0.474571474213713 -0.309230682395867 -1.50709417305743 -0.726854624547129 -0.557178360433444
"391" -1.17130111101759 -1.07162718997354 0.056046232882572 -0.599215560479245 -1.80181527329947 -1.68385747408143 -1.36144114252422 -0.861075684332373 -1.05121473308144
"392" -0.267626679129197 -0.627369154506931 -1.4001595857391 1.34423816526658 -0.469532747641439 0.173550992731692 3.26086298759906 0.653087948222526 1.86533020402643
"393" -1.53398266752685 -1.60899024066376 -0.553735289768108 0.786774815327227 0.568296186414436 1.07708606834079 -1.59048221927952 -1.59626305698888 -2.18192910614143
"394" 0.841840884740788 0.986412137873131 0.263677601926483 0.855568969168275 0.536619655712677 1.12464432104044 -0.250678045485533 0.331947521502288 -1.44005474732957
"395" 0.903458754649744 1.41883019897716 0.451542406273922 -0.18071120240721 1.92150613588767 1.08168926887885 -0.605633647717564 -0.163325290830839 1.15958672167812
"396" -0.641291151165969 -0.248822365796777 1.04302586404967 -2.08782096749396 -0.983093237401575 -1.56371964433415 -0.766857878993472 -0.21703983201404 0.459490297663812
"397" 1.51125673083419 0.902213215489643 0.628507599788441 0.88674174524549 0.596866386575845 -0.704148584868844 3.20248661680273 0.629800016781869 1.15167413228035
"398" 0.345423342404754 0.0192100731936672 0.247303646783075 -0.446928134939253 0.317155675024881 0.660436662148925 1.11208137207777 -0.425486937854113 0.0798838403959717
"399" -2.15446909512022 -2.23223918156102 -0.362592484911727 -2.09670756320597 -0.641796258168566 -1.24765215336653 1.2760334080799 -1.222231458818 -1.21854958984418
"400" 0.210405919390664 1.06033198698107 0.491287519125699 -0.260008864671101 1.60886563308269 1.06204921159582 -0.212232083694118 0.278286370057529 -1.3576493684799
"401" 2.40644469281163 1.66333360344055 1.58228234299382 -0.286954003230577 -0.910732827440335 0.213500652050648 3.10110521243116 1.96682012091441 3.09515026886029
"402" -0.711758529406787 -1.0634597014397 -0.738027016175515 0.113611099985734 0.250164102096113 0.63496690044804 -1.21022855225208 0.211670766876918 -1.28140834115121
"403" -1.60075695994569 -2.00373119973565 -0.825863012403723 0.056489558221298 -0.794494833670093 -0.519491823537186 0.152152016310921 -0.391443257623777 -0.147355239857021
"404" -1.6612634314613 -0.729570488628511 -1.10541463072003 0.948226517863837 0.830039466491204 1.88115721622945 -1.7309987086562 -2.191257286569 -0.636578892870965
"405" -2.37871512446697 -0.782461499773714 -0.368196336292206 0.0834047821810692 -0.529975138619341 -0.644937772308705 -0.189428666244608 -0.15244351547676 -0.869594078471818
"406" -0.00111270166421813 -0.975719807156431 -0.205854953392056 1.28413657158935 0.051358234543148 2.98407248779494 2.5515357761969 -2.87625545991421 1.62657171772656
"407" 0.559754372973614 -0.267522034421405 -0.484303581258121 0.618523185271714 -0.136208784528889 0.276475209370582 -1.90438720629082 -0.117317756624503 -0.487320648116795
"408" -0.310278936701331 -0.193684069805926 -0.168509657184955 -0.742661446726416 -0.21169404768086 -0.988622128665883 -0.354124117590148 1.93594216714283 0.181737970301073
"409" 0.73111831776057 0.218786761911452 -0.798621180205379 -0.132846813195619 2.12641840059861 -2.14061579682492 -1.73807992432748 1.01715026305888 -1.06696580731937
"410" 0.666771650503241 -0.443293318381165 -0.747334383087354 1.65626708851076 1.36793900270542 1.15102556822667 -0.2822081714617 0.980107368632974 -1.55150336616188
"411" -1.13002107813336 1.08673219767169 -0.848250736677339 -0.0719248889326933 0.737777160190564 -1.73506564733974 -2.31983406071668 0.365712075484638 0.340232446218868
"412" 0.99903999195688 -0.123225723769941 0.367469726798859 0.647505953936075 -0.418264609706523 0.937043543579539 -0.659740828539163 -0.730452430092565 -0.0134232719780127
"413" -0.059527388348387 -1.11105073584331 -0.852991022630548 -0.887802050516976 -3.36941791386429 -1.25797246433102 2.16258196366452 1.87872273218794 1.14029242121177
"414" 0.859000914237122 0.154883921723996 1.37064963368019 0.429042785764763 -0.143714160702623 0.283133823598977 0.459080064209148 -0.509457803389418 -0.88768820165308
"415" 0.566597415375256 2.12877061459533 0.171985555142402 1.35929451496576 1.05631829829833 -0.0141399585758728 0.551128645839708 1.26880391119032 -1.13220575374999
"416" 1.51309339842333 1.57076809472055 1.30985183253429 -0.171898275490508 -1.8290365536123 1.30620903459568 1.06977764731567 -0.0979630398358297 0.727791199030644
"417" 0.601391794144112 -1.0079480528669 0.933698127569745 0.434656074486319 -0.691471246406224 0.424436953583977 0.25735728236357 -0.410392741446555 0.0124412654649125
"418" -0.173685524785588 0.221461209157076 -0.317864672091239 -1.00754140765131 -1.23513029964171 -1.63811792939033 -1.80471218547094 -0.348093351627669 -2.10873406827958
"419" -0.148148967932891 0.0534360488364778 0.235445201058944 -0.510946533165355 0.924470809036344 -0.873009199134767 0.812073550333259 2.33920335056838 1.09172496071
"420" -0.115338043007546 0.094506149576082 0.292462438316005 1.60347358402059 -0.30048681920418 1.42062019963851 0.289030218950402 -0.158842986719717 0.987873100909206
"421" 2.70798325212628 1.77821611255478 0.966434235147945 1.01554460429034 -0.463735667928488 0.278641198464669 2.18503264010734 0.541475410761209 0.0710133569964836
"422" -1.04205604694375 -1.60764508682002 -0.893564750633506 -0.224946906308402 0.952929343345698 -0.821549284413486 0.545536126366715 -0.848610475895045 0.5225269662157
"423" 1.14278641981366 -0.721039123411995 0.187111289730396 -0.686647276641987 0.621182863388522 -2.08695983908199 0.193677740031971 0.52210678608322 -0.963660613472679
"424" -0.939440234704942 -0.0787764083008357 0.131937119444408 0.439030079414919 0.487790525495864 0.811272924772377 0.738955577172499 -0.426253716946604 -0.0689153660835068
"425" -0.773355240909009 -0.86216158261213 0.891239277460882 -0.962974299977848 -0.492173187718735 0.59323564235517 -1.33624861099302 -1.26729648371111 1.38178716308513
"426" -0.179742708549413 0.698915315245476 0.136510419601947 0.431754649473585 -0.421381659939428 -0.439708822065548 0.449906740805663 0.817635096899596 -0.0934749261196063
"427" -0.835835474875827 0.0722708822279372 -0.52067456645318 -1.57638384667134 -1.21958062147895 -0.212655669768752 2.77321915939528 1.83642598135246 1.7724628956246
"428" 0.827834275400371 1.93199103372669 0.579317922500115 0.653674311013613 0.908689384945579 0.0762825877826256 0.842297403014317 0.378891508613253 1.24797625037445
"429" 1.61080741740043 3.14476252633126 1.33541290333208 0.470980606273986 1.51503811727806 -0.0295272556807683 -1.39877841547952 1.00630426570261 -0.463424191449235
"430" -0.1576223752719 0.305268310107494 -1.53125502655981 0.253425343222178 0.969444264502578 0.100663152362313 -2.60799061359487 0.349244174912341 -0.0776534385200585
"431" -1.30615132401049 -0.152138912631027 -0.155526489001851 -0.661531865308242 -1.25202579220206 -1.03654439690179 0.259344373538948 -0.106362641945613 -0.0946329228378478
"432" 1.58847652453668 1.56074369224757 1.20774504070929 1.49431694333274 1.3511142567554 2.46546930718226 0.109097939128093 -0.725525946733266 0.745282692682163
"433" -1.09171445806059 -1.53116298026617 -0.0620947872111876 1.99426443852634 1.11699919789612 1.17610401141832 -0.636382561760284 -1.12808152507114 -0.506199577610911
"434" 1.87955858067447 -1.98949302799942 3.05040064771047 3.42653784974436 -0.281856420566787 4.2389972124735 3.6676452228915 -5.14023400031576 1.27487717323009
"435" 1.8792485749613 0.839426819528687 1.37996812465691 1.87023342494271 0.808862305006911 2.78015891929622 1.87385170973256 0.494367088550393 0.736634905120253
"436" -0.576596478565975 -1.05486338047631 -0.655212424080244 -2.02137875346199 0.498798822900563 -1.38200103646239 -1.7387747923585 0.915130205775023 -0.969186499589338
"437" -0.9762161991213 -1.10834407022908 1.4129366405897 4.86431224287338 0.182896842439229 2.78980257265174 2.56306616274329 -2.73196480333625 0.00792424649461998
"438" 1.41449528290406 1.42451981070398 -0.0977149838410754 -0.0473792496418125 1.41580453524826 -0.484417007127191 -1.57214087224015 -0.319418302693608 -0.506235804216675
"439" 1.82220771202565 1.39016951461748 -0.0519066801948331 -0.14652966456884 -0.273771712839425 0.584022972934161 1.51767070396931 -0.693211916777719 0.446989632100667
"440" -0.857743518863439 -0.740413510914627 -0.786642257508864 0.273824040533324 0.510535801340297 0.991756650108151 -1.71872913439651 0.201098829647477 -1.83505771453673
"441" -3.11967653767314 -1.7290082621994 -1.31702543760796 0.808962254991626 2.06191075198894 -0.434550927225497 -1.4279776447717 0.281048147661451 -0.742881937805337
"442" -1.23093341624897 -0.732792299169224 -1.06745014190136 -0.693414806872213 -0.87962016427711 -2.23693988684167 -1.11179412662212 0.87205837294192 -0.0667755361331622
"443" 0.123793767905494 1.41135391422038 0.490281983268337 1.53103001044042 1.62981821684389 0.54723931664288 1.40771243321409 1.23381213316778 0.723513110588706
"444" -1.91061051371114 -2.25026057121225 -0.227496979403456 -0.692161720995989 -0.850953259439642 0.379290424634613 1.43828852101048 0.0564341696427071 -0.524115228679357
"445" 0.178188440848239 -1.86586983603367 -0.115940977448425 -0.314752721549426 -0.842722729051561 0.191604521247397 -1.97529960071886 -0.979705740586948 0.0681917306815359
"446" -0.819411111273233 -0.142287232154867 1.29360113260354 -1.06263289707356 -0.438701738514197 0.0426483303192575 -0.546830516690187 -0.779306208272294 -0.0790618681440101
"447" -2.15168999525973 -0.337258910831832 -0.925469718008452 -2.34297585131779 -1.81979562402265 -1.17012235171732 0.344887846640556 0.192223592042124 -0.570247142905718
"448" 0.709915248870342 0.984049598025529 0.0632563491373559 -0.104177968185979 0.87380527518317 1.22199983192727 0.868409198415587 -0.156855886157544 0.82829836470415
"449" -1.43598623045822 -1.1950791455281 -1.10362859186865 -1.64443373392197 0.605582792637487 -0.620028516394869 -0.627006709500641 -0.343726631033585 -0.491985648056864
"450" -0.574796023032602 -1.67961994949626 0.540406308785039 -0.82832898270093 -0.97467811604082 -0.357030142559257 -0.613276809438654 -2.23461720208908 0.812462105302047
"451" 1.45966126060033 1.45661591565876 1.773229594294 0.456304272984883 0.21201789668147 -0.144296838717998 2.31175601987245 1.24078376162231 1.75869344680992
"452" -1.16395501000887 -0.238532154045491 -0.710533335709443 -0.242434472439419 -0.455155344221873 1.07695885615416 -1.01090135300589 -1.29577235383988 -1.09931649425325
"453" 0.57781559864968 1.03065150850644 0.415859396671379 0.774255362124397 0.601403078606702 0.0488389287026713 -0.035491027840136 -0.466288743542434 0.989100629027449
"454" -1.21409137745811 -0.818508071478908 -0.533223635154111 -1.36368397954831 -0.768618774708478 -2.42212669533091 1.38416426578508 2.00571798736507 1.42914967777289
"455" 0.823566445485542 0.491204293130183 -0.0430891246194441 1.02480018488469 -0.260541472539078 -0.598599837534119 1.20429977175904 0.000283048550196167 1.67637614051303
"456" 0.013783837098444 0.0679252361428879 1.24714179624816 0.571795389539896 -2.12112498694971 0.101938575096482 1.92776129047324 0.158084253309219 0.192709795879583
"457" -1.57547069239622 -1.22644693056272 -0.970537323376443 -0.0303455197962779 0.00405996375152579 1.01224773835238 0.478618670432059 0.718955813076565 1.28549432728149
"458" 0.195297888014488 0.491835105430072 1.29343331878401 0.0470396157065088 0.309177653883249 0.494171203712152 -0.248169527595154 -0.807831307288949 0.714869718891312
"459" -0.671762956593207 0.320989508310139 -2.06709007004115 -2.6224062555109 0.855117552505019 -3.38291928643411 0.525360702256249 4.27767993781401 -1.23157598778524
"460" -0.605695097784711 0.815320434695686 0.396646965042852 0.706755804128137 -0.43095214909444 0.580917817549014 -0.444922933112112 0.580086188923144 0.335138840867063
"461" -1.86404471277082 -1.38925414559214 -0.577552485864078 2.27639352674877 0.993542528453999 1.27521515030672 -0.941868013461764 -0.973258701609666 -1.18065521897889
"462" -0.405153191035146 0.015290062121037 -0.81714717794654 0.337691642192265 0.129528460655776 -0.130532977432015 -0.239140288742748 0.113412794407193 0.315225639604708
"463" 0.830173683093749 -0.0467419815620765 0.975129596259951 -1.391136369169 -0.363326309612533 -0.445806867665144 0.565354880335297 -0.916940544836207 0.988230154132563
"464" -0.599714873709188 0.0156118840677921 -1.22144530286354 1.24958346774219 -0.17697694515584 -0.00834807461394896 -1.84856973541284 1.15840279763209 -0.38270958834222
"465" -0.0867232899952835 1.53330134674364 -1.20183403719716 -1.42620191928517 1.01671742112349 -1.28663758318781 1.89314951025946 2.27552615107719 -0.391535131566611
"466" 0.520667156181536 -1.49934644954989 -0.976109867977179 0.552859687077839 0.879157230602041 1.4301184917443 0.935351504946575 0.224813641343694 0.593750014074365
"467" -1.2935333887123 -0.974930068249256 -1.12575116566273 -0.59734855216223 -0.993088332520086 -0.378129369213672 -1.10727515357798 -0.46056674553757 -0.29778855599972
"468" -0.702920002114545 0.169276177534783 -0.501123559007018 -0.547034987262716 -0.678751882119866 -0.876199072890043 0.350869550951851 -0.078426517204704 0.565572315843271
"469" 1.8571191967231 1.00451634836228 1.47662584274513 -0.911386256919182 -0.957984402159523 -0.531946406021106 2.50871784149937 0.476577169915474 0.616478404539684
"470" 1.38032172448493 0.516012249144912 0.274644259243106 0.877867027792456 1.40074452121033 1.29844738779698 -0.144966855115676 -0.757979644313919 -0.756443261916719
"471" 1.84939775392138 -0.00518499361088454 0.352343358417531 0.0563852103581634 -0.779208996350602 0.309211972508172 0.156171110754681 0.377106845107967 -1.1700791976509
"472" 1.19808598122304 2.14307895488277 1.04730637531803 2.11173883724611 0.504316114549263 2.29441969325581 0.743081472953965 0.200243526410259 1.88452769942458
"473" 0.0861558087500361 0.837906374555801 0.500088416405433 0.976838452785019 1.21297698918493 0.936742532714906 0.31585858347022 0.428750148376202 1.73748414515046
"474" 1.16278654533681 0.461954916539622 0.959322305536147 -1.83184509585608 -0.373267325130986 -1.20802097675659 1.2653432192011 1.13924329434313 0.366063211749929
"475" 0.757888309353884 1.18465319155772 1.54613052481714 2.67168732252765 2.21627851465852 2.68270127199974 -0.739835025683827 -0.853819250198871 -1.22160120205849
"476" -0.212598312296764 -0.436557529242913 0.0523693612762135 0.961253792998024 -0.405973176113773 1.24754961731899 1.2361741590907 1.04179917060292 0.220697611316794
"477" 0.238334657702289 0.330258002489486 1.67911642641543 -0.634297752671449 -0.876922971987055 0.72579210640997 1.08738651963528 -1.17409214044665 0.787136304075607
"478" 1.5645070696071 0.7165639216596 1.57688312075905 0.857677556500352 0.333502770828399 0.878365556245141 -0.733385141936767 -0.0364529523019214 -0.6875024389687
"479" -2.60108409264549 -0.621742790644824 -0.0233840108823995 1.1662470051957 0.067929396136425 0.57782761089838 -1.74787198324162 0.683280264557502 -0.678945573603665
"480" -0.600497744283149 0.85115032976388 -1.09535308770229 0.658304034334434 1.12882505624712 -1.16119537632975 -3.13245150038638 -0.516041621661222 -0.417024757561638
"481" -1.7680659327124 -3.7348667818979 -1.15634678696243 -0.903077698985564 -1.61986581513536 -1.25537267130391 0.219152332815283 0.296202757829334 1.83664687656631
"482" 0.357739058748341 0.352418578963229 0.232046706073499 0.714670891123553 0.164880573400072 0.101364976107941 0.814263317955438 0.419215776507815 -0.187329216317937
"483" 0.754412940944455 0.115969715793133 -1.062530489145 0.29734866936396 -0.496496293816772 -0.53912813648937 -2.15518036969734 -0.368171591871755 -0.54819825357833
"484" 0.91569341495486 0.751572796788322 -0.160619513272744 0.746588054499418 0.849322853354744 0.0804336977859862 -1.1395098704738 -1.86936922861648 -0.751145595033204
"485" -0.277778468426594 0.96789094285783 -1.3080864491005 0.284144524671421 0.0846799599901683 0.06312186583533 0.957111884751038 0.263273733215133 0.701760034795251
"486" -0.705937571145465 -0.253740977036794 -0.628815826487832 -1.55878073059293 0.0335602838205618 -0.354512721594235 -0.707871488936663 -0.492210827010303 0.469024073496093
"487" -0.413194755631129 -0.508224098393426 0.765890046125431 1.61694429195733 2.28709833262966 1.04307768153525 -0.176870888603001 0.0853028482901597 1.34983037748491
"488" 0.0918570372244776 -2.61260263392227 -1.55327215694875 1.63635471435859 0.184304841895656 1.90668696056431 -2.55250574719104 -0.894909095306072 0.292704953235764
"489" -1.73903669479949 0.102622917694013 -0.750744053681096 1.29167839425175 1.38153886157724 0.694976204636094 0.422181842764331 1.02115671361869 -1.84572361357449
"490" -0.40981204758756 0.177026439382569 0.859520655787325 1.89069501875551 0.14805633325369 1.87896301132993 0.715488220344857 0.11696327049211 0.336338961355658
"491" 1.7697643027632 1.02512485609406 1.46654249433078 0.881566847161136 1.33410228838998 1.25415390801037 0.274173666037289 -0.479937250100342 0.943946903681996
"492" -0.471608195936938 -0.609231112347282 -0.966657958059448 -0.498722425898141 0.264778953967483 0.00744533737707981 -1.89465875879159 -1.54242690602253 -2.10718348356134
"493" -1.24571074274534 -0.501422844053938 -0.941606058044519 0.513889319091319 0.333683717102655 -1.02862241468612 1.08918557520505 1.17836333588516 1.13966653519422
"494" 1.41342633272147 0.607108907032568 1.04358366394744 1.36426003566745 0.635683577601548 2.31101769409029 0.840676939201703 -1.03285594794361 -0.719967536085609
"495" 0.389762342186346 -0.254269799134999 0.0309815123282446 -0.158576316043687 -0.432620546923938 -0.619319308628817 1.10099153270484 1.66028189530697 1.11015640734719
"496" 3.13724029560333 1.67804029002082 2.02204640764615 1.94453018182249 0.823930972306453 0.503454847766727 2.47067079051739 0.719338769600381 0.750993116440907
"497" 0.689009911955951 -0.140316846482107 0.991023682995573 -1.27372389319603 -0.936752873968367 -0.152543904435619 -1.24767270194474 -0.368568818072712 -0.886470282001038
"498" 0.19622975624432 -0.189056853262145 0.802365122675576 -0.292073338791322 -0.147349343200266 -0.900534419278168 0.503416447783706 -0.401160639656214 0.0991403196886714
"499" -0.992390990815712 -0.873639812057841 0.222008337758134 -1.01253923537785 -1.76994196946084 -1.80297661506574 0.818686685386643 0.769946466010776 0.665981305016723
"500" 0.0328335299946573 0.305271669659776 0.845880390620156 0.729390298045675 -1.13802321849679 -0.472292650653716 1.45681017948743 0.164886091943085 1.04620636394175
