YO.dat

  -1.154,   -1.311,    0.322,   -0.465,    0.626,    2.125,   -0.313,    1.332,    1.572, 
   0.633,    0.523,   -0.976,   -0.506,    0.325,    0.347,    2.920,    2.346,    2.412, 
  -0.772,   -0.646,    0.550,   -2.058,   -0.311,   -0.969,    1.201,    1.920,    1.361, 
  -0.681,   -0.553,    0.833,   -0.247,   -0.564,    1.314,    1.548,    1.631,    0.093, 
   0.027,    0.642,    0.046,    0.266,    0.172,    1.044,    1.240,    1.038,    1.737, 
  -1.386,    0.149,   -1.123,    0.360,    0.212,    2.483,   -0.448,    0.864,    2.193, 
  -2.223,   -0.035,   -1.431,    0.333,   -0.873,    0.675,   -0.884,    0.457,    0.334, 
   2.480,   -0.125,    0.275,    0.408,   -0.714,    0.198,    1.545,    1.910,    1.917, 
   1.611,    0.650,    0.258,   -0.932,    0.263,    1.112,    2.432,    1.379,    0.416, 
   1.536,    1.067,    0.528,    1.998,    1.496,    2.312,    2.372,    2.555,    1.949, 
  -0.692,   -0.113,    0.924,    1.512,    1.052,    1.990,    2.819,    0.973,    1.654, 
  -1.860,   -0.590,   -0.830,   -0.320,    0.081,    1.157,   -1.072,    0.560,    0.711, 
   2.248,    0.596,    0.888,    0.074,    0.266,    0.756,    3.048,    1.853,    0.924, 
   0.273,   -0.155,    0.437,    0.551,    1.104,    1.446,    1.788,    1.491,    1.285, 
   1.058,    0.053,   -0.688,    0.863,    1.758,    1.795,   -0.162,    0.848,    1.479, 
  -2.471,   -0.274,    0.148,    1.046,    1.329,    1.854,    1.652,    0.882,    0.535, 
   0.535,   -0.298,    0.441,    0.156,    0.935,    3.116,    1.174,   -0.766,    2.587, 
   0.316,   -0.501,    1.031,   -0.909,   -0.379,    0.450,    0.687,    2.165,    1.302, 
  -0.468,    0.254,   -0.086,    0.184,    0.169,    1.556,    0.229,    0.520,    1.362, 
   0.211,   -1.946,    0.204,    1.009,    0.889,    1.249,    0.801,    0.297,    0.285, 
  -0.244,    1.526,   -0.238,   -0.151,    0.650,    0.690,    1.896,    1.292,    0.683, 
   1.967,    0.717,    0.504,    0.656,   -0.488,    1.835,    2.824,    1.726,    1.883, 
  -1.539,   -1.159,   -0.255,   -0.910,    0.217,    0.878,    0.659,    1.329,    1.166, 
   1.101,    0.921,    0.742,    2.717,    1.343,    2.094,    2.832,    0.689,    1.883, 
   2.266,   -1.712,    1.390,    0.761,    0.765,    2.463,    0.412,    1.807,    1.621, 
   1.141,    0.014,    1.525,    0.982,    1.553,    0.931,    2.772,    1.957,   -0.431, 
   0.991,    0.174,    0.273,   -3.212,   -0.268,   -1.007,    0.474,    1.357,    0.202, 
  -0.214,   -0.386,    1.015,    1.015,    0.512,    0.370,    0.857,    1.519,   -0.586, 
  -1.202,    0.007,   -0.060,    0.019,    0.902,   -1.034,    0.961,    0.911,    0.175, 
  -1.812,   -0.417,   -1.328,   -0.766,    0.219,    1.207,   -1.296,    0.038,    0.473, 
   1.317,   -0.081,    0.183,    1.150,   -1.330,    1.712,    0.555,    1.721,    0.501, 
  -0.949,   -0.722,   -0.285,    0.125,    0.189,    0.972,   -0.090,    0.382,   -0.087, 
   0.027,    0.141,   -0.221,    0.733,    2.167,    1.408,    0.716,    0.222,    1.200, 
  -0.597,   -0.684,    0.816,   -0.551,   -1.246,    0.968,   -0.077,   -0.462,   -0.510, 
   1.242,    0.753,    0.630,    0.491,    1.776,    0.608,    1.203,   -0.414,    0.560, 
   2.356,    0.914,   -0.079,    0.731,   -0.188,    0.963,    1.575,    1.169,    0.767, 
  -0.734,   -0.398,   -1.522,    0.041,   -0.865,    0.737,    0.454,    1.061,    0.438, 
  -0.953,    0.533,   -0.090,    0.563,   -0.620,    0.643,    1.430,    0.289,    1.705, 
   0.571,   -0.355,    0.446,   -1.014,   -0.213,    1.032,    1.831,    1.779,    1.179, 
   0.325,    0.077,    0.532,    0.703,   -0.147,    1.674,   -0.464,    2.045,    0.342, 
  -1.049,    1.040,   -0.985,    1.135,   -0.198,    2.024,    1.785,    1.257,    2.310, 
   2.823,    0.443,    0.548,   -1.462,    1.112,    1.576,    2.709,    1.560,    1.534, 
  -1.753,    0.074,   -0.691,    1.251,    1.455,    1.653,   -0.544,    2.187,   -1.069, 
  -0.474,    0.239,   -0.341,    0.714,   -0.956,    1.997,   -0.436,    1.314,    1.323, 
   1.168,    0.667,    1.170,    2.505,    1.986,    2.121,    3.618,    2.483,    1.306, 
  -0.865,    0.072,    0.010,    1.773,    0.969,    1.370,    1.280,    0.296,    0.414, 
  -0.541,   -0.248,    0.377,    0.696,    1.354,    1.571,    0.789,    0.708,    1.620, 
   0.273,    0.801,    0.101,    1.611,    2.518,    0.506,    0.638,    1.146,    1.662, 
  -2.008,   -1.133,   -0.965,   -0.845,   -0.117,    0.200,    1.517,    0.159,    1.579, 
   1.042,    0.827,    1.320,    1.091,   -0.563,    1.040,    1.797,    0.006,    1.998, 
   1.510,    0.529,    0.196,    2.838,    1.799,    2.497,    2.191,    1.576,    1.390, 
  -0.539,    0.063,   -0.421,    0.456,   -1.938,    0.225,   -0.724,    1.178,    0.194, 
   0.255,   -0.310,   -0.817,    2.564,    0.864,    2.408,    1.624,    2.535,   -0.379, 
  -0.113,   -0.170,   -0.051,    0.512,    1.277,    2.122,    1.179,    0.391,    1.374, 
   1.515,   -0.382,   -0.677,    0.018,    1.438,    0.931,    1.883,    1.786,    1.008, 
  -0.398,   -0.091,   -0.325,   -0.765,   -1.750,   -0.578,    0.562,    0.546,   -0.425, 
  -0.726,   -0.850,   -0.420,    0.010,    0.165,    0.198,   -1.289,    0.383,    0.459, 
   0.295,    0.207,   -0.391,   -1.113,    0.691,    0.101,    0.892,   -0.580,    1.805, 
   1.619,   -0.833,   -0.021,   -1.749,   -1.532,    1.638,    1.895,    1.202,   -0.073, 
  -0.120,   -1.011,   -0.628,   -1.176,    0.853,    0.870,    0.671,    0.578,    1.426, 
   0.776,    0.564,    1.013,    0.210,   -0.116,    0.596,    2.922,    0.909,    1.074, 
   1.868,    1.656,    0.292,   -0.370,   -0.539,    2.153,    2.810,    0.925,    2.021, 
   2.307,    1.662,   -0.205,    1.136,    0.879,    1.070,    1.410,    0.515,    0.343, 
  -1.036,    0.040,   -0.251,    0.937,    0.931,    2.169,    1.208,    1.121,    1.332, 
  -1.668,   -0.892,   -1.529,    1.496,    0.669,    2.102,    0.353,    0.711,    1.620, 
   2.452,    1.907,    0.114,    0.381,    1.026,    2.243,    3.213,    0.860,    2.140, 
  -0.320,   -0.461,    0.343,    0.146,   -0.446,    0.513,    1.868,    0.807,    1.840, 
   0.376,    0.765,   -0.228,   -0.045,   -1.171,    1.092,    1.671,    0.621,    1.756, 
  -0.891,   -0.323,    0.652,   -0.325,    0.064,    0.081,    1.517,    1.002,    1.470, 
  -0.910,    0.126,    0.427,    0.341,    0.756,   -0.749,   -0.691,    0.191,    0.655, 
  -0.437,   -0.173,    0.001,   -0.266,    0.934,    1.709,   -1.982,   -0.110,    0.401, 
  -0.236,   -0.964,    0.247,   -1.122,   -0.980,   -0.574,    2.568,    2.562,    1.529, 
   0.414,    0.358,   -0.035,    1.731,    1.411,    1.250,    1.071,    0.632,   -0.005, 
  -0.144,    0.517,    0.972,    1.017,    0.448,    1.170,    2.682,    0.957,    1.538, 
  -0.229,   -1.269,    0.251,    1.611,    0.017,    1.281,    0.248,   -0.073,    1.372, 
  -0.404,   -0.315,   -1.046,    0.698,    0.078,    0.878,    0.216,    0.810,    1.626, 
  -1.428,   -0.554,   -0.570,   -0.826,   -0.771,    1.937,    0.233,    1.327,    0.488, 
   0.739,    0.491,    0.629,    0.449,   -0.090,    0.631,    1.749,    1.864,    1.553, 
   2.997,   -0.229,   -0.280,    0.725,    1.638,    1.860,    2.486,    0.321,    3.435, 
   0.484,   -0.120,   -0.560,    0.402,   -0.342,    2.694,    0.019,    0.720,    1.139, 
   0.579,    0.397,    1.363,    0.664,    0.999,    0.908,    3.083,    1.480,   -0.560, 
  -1.027,   -0.931,   -1.018,   -0.787,    0.365,    1.170,   -2.372,    0.539,    0.242, 
   0.451,    1.594,    1.603,   -1.362,    0.954,   -0.680,    0.747,    2.289,    0.990, 
   1.988,    1.041,    1.493,    1.127,    0.988,    1.262,    2.436,    1.715,    2.963, 
  -1.960,   -0.303,   -0.475,   -0.584,   -1.138,   -0.868,   -0.565,    1.053,    2.026, 
   1.456,    0.820,    0.464,    2.134,    1.602,    3.482,    2.697,    1.000,    2.190, 
   0.539,    0.115,   -0.251,    2.510,    2.305,    3.309,    0.607,    1.600,    1.723, 
   2.592,    1.216,   -1.516,    1.865,    1.158,    3.738,    1.121,    0.982,    2.124, 
   1.160,   -0.478,    0.924,    2.281,    2.307,    2.232,    3.372,    0.791,    0.948, 
   1.492,    0.027,    1.218,    0.488,    0.077,    2.441,    1.577,    0.468,    1.255, 
  -0.482,    0.258,   -0.908,    1.521,    0.397,    0.498,    0.746,   -0.107,    0.504, 
   0.863,   -0.393,    1.498,    0.959,    0.705,    2.183,    1.220,    0.395,    1.309, 
  -1.298,   -0.282,   -0.483,   -1.202,   -1.321,    0.717,   -0.136,    1.884,    0.057, 
  -0.847,   -0.262,   -0.650,    1.117,    0.781,    1.131,    0.757,    0.770,    0.607, 
  -1.397,    0.502,    1.163,   -0.932,    0.407,    0.946,    1.847,    0.804,    0.080, 
   1.015,    0.700,   -1.288,    1.027,    0.829,    0.250,    0.573,    0.411,    0.970, 
   2.660,    0.698,    1.002,    2.306,   -0.065,    2.315,    3.932,    1.035,    2.088, 
   1.414,   -0.032,    0.928,   -0.667,   -0.788,    1.308,    1.782,    1.426,    2.050, 
  -1.465,   -0.042,   -2.106,    1.353,    0.611,    2.549,    2.518,    0.460,    1.486, 
  -0.065,   -1.113,   -0.327,    0.984,    1.999,   -0.103,   -0.651,    1.514,    1.345, 
  -1.313,   -0.454,   -0.428,   -1.237,   -0.621,    0.279,    1.864,    2.037,    0.478, 
  -0.712,   -0.191,   -0.010,    0.156,   -1.063,    1.921,   -0.724,    2.222,    0.949, 
  -0.627,   -0.878,   -0.608,    0.115,   -1.131,   -0.709,    1.224,    0.858,    0.176, 
   1.377,    0.178,    0.171,   -0.522,   -0.461,    0.250,    1.891,    2.534,    1.628, 
   0.245,    0.439,   -0.802,    1.059,    0.421,    2.155,    2.095,    0.624,    1.673, 
  -0.853,    0.578,   -1.606,   -0.101,    0.736,    2.237,   -0.282,    0.467,    0.379, 
  -1.371,   -0.198,   -1.281,   -0.967,   -0.020,    0.810,    0.014,    1.281,    1.082, 
   0.478,    1.016,    0.091,   -1.060,   -0.177,    1.441,    0.447,    1.741,    0.393, 
  -0.055,    0.339,   -0.111,    0.070,    0.885,    2.412,    0.874,    0.724,    1.336, 
   0.445,    0.170,   -1.398,   -1.373,    1.521,    1.189,    0.528,    0.157,    0.481, 
  -0.847,    0.173,    0.859,   -1.232,   -0.603,    0.863,   -0.022,   -0.336,   -0.873, 
   1.230,   -0.020,   -0.481,    2.423,   -0.182,    1.222,    1.543,    0.684,    0.553, 
  -1.184,   -1.903,   -1.193,   -0.811,   -1.362,   -0.396,   -0.949,    0.147,    1.630, 
   0.587,    0.696,    0.536,    1.026,    1.501,    2.240,   -0.513,    1.644,    1.943, 
   0.471,    0.166,    2.286,    1.317,    0.851,    2.078,    1.341,    0.567,    0.240, 
  -0.892,   -0.130,   -0.124,   -0.116,    0.234,    2.773,    4.067,    2.547,    2.736, 
  -1.997,   -0.096,   -1.165,   -1.306,   -0.445,    1.260,   -0.410,   -1.089,   -0.694, 
   0.399,    0.554,    0.290,   -0.962,   -1.573,    0.789,    1.425,    0.504,    1.165, 
  -0.800,    0.197,    0.215,   -0.171,   -1.074,    0.309,   -0.029,    1.177,    0.918, 
   0.270,    0.055,   -0.255,    0.607,   -0.629,    1.836,    0.761,    0.592,    1.480, 
   0.544,    0.908,   -1.367,   -1.088,    0.227,    1.225,    1.125,    1.549,    2.175, 
  -0.290,    0.484,   -0.981,    1.061,   -0.413,    0.836,    0.431,    0.813,    1.714, 
   1.685,   -0.045,   -0.218,    0.331,    1.084,    2.744,   -0.230,   -0.135,    0.905, 
   0.084,   -0.771,    0.836,   -0.256,    0.514,    0.428,    1.163,    0.308,    1.149, 
   0.537,   -0.851,    1.050,   -0.059,   -0.052,    1.515,    0.835,    2.831,    0.777, 
   0.029,    0.047,    0.515,   -1.021,    0.583,    1.107,    1.090,    0.628,    0.229, 
  -0.019,    2.063,    0.319,   -0.163,   -0.298,   -0.131,   -0.310,    0.668,    0.445, 
   0.797,   -0.227,   -0.034,    0.382,    1.048,    1.781,    1.751,    1.098,    1.058, 
  -1.326,   -0.397,   -0.873,   -1.846,   -1.284,   -0.920,    0.215,   -0.297,    0.341, 
   1.105,   -0.375,    1.131,    0.062,   -0.367,    0.860,    0.287,    1.387,    0.422, 
  -1.069,   -1.590,   -0.019,    1.561,    0.340,    3.590,    0.989,    0.621,    0.087, 
  -0.288,    0.086,    0.802,   -1.012,   -0.765,    0.975,    1.125,    1.658,    1.958, 
  -2.584,   -0.674,   -1.401,   -0.598,    0.718,    0.340,   -1.354,    0.328,    0.974, 
  -2.635,   -1.115,   -0.174,   -0.497,   -0.512,   -0.490,   -2.444,   -0.721,    1.180, 
  -2.011,   -1.333,   -1.129,    0.682,    0.830,    2.129,    1.847,    1.527,    1.410, 
   0.973,   -0.782,    0.064,   -1.561,   -0.984,    0.706,    0.927,    0.773,    1.419, 
  -1.097,   -1.518,   -0.029,   -0.744,    0.066,    0.798,   -0.824,    0.474,    0.499, 
   0.489,    0.138,    1.091,   -0.191,    0.061,    0.819,   -0.204,    0.645,    2.123, 
   1.272,    1.602,    0.505,    1.118,    0.495,    0.033,    1.632,    1.385,    1.431, 
  -0.431,   -0.231,   -0.691,   -0.138,   -1.258,    1.686,    0.272,    0.631,    1.591, 
   0.898,   -1.201,   -0.202,    2.056,    2.286,    2.067,    0.180,   -0.133,    0.469, 
  -0.207,   -0.978,    1.074,   -0.815,   -0.315,    1.430,    1.715,    0.756,    0.628, 
  -0.014,    1.133,   -0.308,   -0.788,   -0.005,    0.617,    1.413,    0.989,    0.441, 
  -1.455,    0.354,    0.880,   -1.443,    0.427,    0.249,   -0.159,    0.214,    0.215, 
  -1.169,   -0.386,    0.719,    0.349,    1.459,    1.724,    0.846,    0.212,    1.520, 
   3.003,    0.674,    0.157,   -1.314,   -0.358,    0.347,    1.703,    0.356,    1.511, 
  -0.607,   -0.347,   -0.878,   -1.205,    1.674,    0.684,    0.706,    2.671,    0.142, 
  -0.843,   -0.818,   -1.041,    0.395,    0.484,    1.564,    0.365,    2.482,    0.796, 
  -0.846,   -0.296,   -0.675,   -1.712,   -0.857,   -1.155,   -0.614,    0.963,    0.302, 
   1.087,    1.117,   -0.325,    1.229,    1.048,    1.744,    2.513,    2.106,    1.350, 
  -0.920,    0.065,    0.075,    0.053,    0.944,    0.729,   -0.143,    1.148,    0.096, 
  -1.413,    0.132,   -0.013,    1.046,    1.653,    2.371,    1.266,    1.755,    2.246, 
  -0.403,    0.872,    0.362,    0.358,   -0.125,    0.843,    2.238,    0.254,    1.861, 
   0.841,   -0.357,   -0.147,   -0.299,    0.879,    1.548,    1.515,    0.600,   -0.062, 
   1.917,    0.104,   -0.006,    2.174,    1.350,    1.814,    2.340,    3.115,    3.472, 
   1.303,    0.631,    1.511,   -1.177,    0.624,    0.111,    0.158,    3.237,    1.562, 
   0.601,   -0.867,   -0.326,   -1.630,    0.443,    0.248,    1.488,    1.763,    1.281, 
   2.257,    0.174,    1.288,    2.029,    1.821,    2.716,    3.803,    1.759,    1.176, 
  -0.713,   -1.054,    0.064,    0.415,    0.572,   -0.448,    2.240,    0.593,    0.542, 
  -0.353,    0.707,   -0.146,   -0.107,    1.190,    1.257,    0.413,    0.644,   -1.098, 
   1.539,   -0.026,   -0.217,    1.131,    0.541,    1.727,    1.544,    0.697,    1.400, 
   2.156,    1.932,    0.685,    0.639,    1.049,    1.777,    3.780,    2.359,    2.510, 
   3.114,    0.925,    1.817,    2.163,    2.324,    3.091,    3.236,    1.804,    0.144, 
   0.071,   -0.022,    0.459,   -0.105,    0.407,    0.551,    0.882,    0.963,    1.327, 
  -0.095,    0.073,   -0.294,   -2.254,   -1.014,    0.842,    1.773,    0.987,    1.367, 
   1.837,   -0.746,    0.506,    0.536,   -0.010,   -0.175,    2.475,    1.910,   -0.074, 
  -1.153,    0.069,   -0.091,   -0.678,   -0.569,    1.054,    1.976,    0.759,    0.090, 
  -3.250,   -0.132,   -0.366,   -1.948,   -1.200,    0.157,   -1.334,   -0.230,   -1.593, 
   0.177,    0.095,    0.921,   -2.509,   -1.009,   -0.485,    0.996,    1.606,    0.475, 
   0.144,    0.532,   -1.771,    1.035,    0.217,    0.104,    1.182,    0.352,    0.426, 
  -0.071,   -0.441,   -0.008,   -0.740,   -0.545,    1.175,   -0.815,    1.440,   -0.227, 
   1.112,   -0.530,   -0.106,   -1.119,   -2.256,    1.001,    0.077,    1.607,    0.614, 
  -1.869,   -0.449,    0.268,   -0.101,    0.126,    1.316,    2.048,    0.964,    0.937, 
  -2.840,    0.484,   -0.166,   -0.745,   -0.927,    0.603,    1.291,    1.360,    0.136, 
  -0.297,   -1.659,    0.035,   -0.439,    0.337,    2.267,    1.231,    0.847,    0.122, 
  -0.759,    0.230,   -0.563,   -2.106,   -2.005,    0.411,    0.396,    1.609,    1.397, 
  -0.305,    0.762,   -0.222,   -1.950,   -2.040,    0.021,    0.191,    0.754,    1.769, 
   0.801,    0.285,    0.532,    0.173,    1.487,    2.165,    1.125,    1.353,    0.401, 
   0.053,   -0.270,   -1.221,   -0.664,   -0.749,   -1.503,    2.833,    1.020,    2.595, 
   2.350,   -0.099,    0.334,   -1.102,   -1.129,    1.555,    0.782,    2.275,    1.208, 
   0.620,    0.071,    0.169,   -0.095,   -0.108,    0.975,    0.083,    1.785,    0.853, 
  -0.408,   -0.252,    0.086,   -1.661,   -0.718,   -0.688,    1.182,    1.939,    1.572, 
  -1.632,   -1.874,   -1.044,   -0.901,   -0.166,   -0.397,   -1.510,   -0.199,    0.081, 
   0.795,    0.243,   -0.494,   -1.129,    0.052,    1.593,    0.391,    0.983,    0.787, 
  -0.749,   -0.410,    0.762,   -0.593,    0.103,    1.222,    1.417,    1.529,    1.016, 
  -1.433,   -0.744,   -0.428,   -2.430,    0.490,    0.102,   -1.122,    0.680,    0.812, 
   0.308,    0.474,   -0.366,   -0.736,    0.054,    1.014,    1.746,    1.863,    0.961, 
   1.282,    0.075,    0.152,    1.210,    0.911,    2.545,    1.962,    1.129,    1.930, 
   0.410,    0.490,   -0.082,    0.282,   -1.522,    0.574,    2.861,    1.342,    0.250, 
   0.322,    0.402,   -0.078,    1.632,   -0.220,    1.612,    2.069,    2.624,    0.406, 
   0.449,    0.734,    0.355,   -0.592,    0.316,    1.611,    1.796,    1.482,    1.842, 
   0.298,    1.177,    0.317,   -0.385,   -0.235,   -0.388,    2.322,    0.259,    1.010, 
   0.185,   -0.877,   -0.681,   -1.713,   -0.186,    0.248,    0.800,    1.043,    0.113, 
   1.160,    0.344,   -0.944,    1.616,    1.504,    3.282,   -0.709,    0.098,    2.439, 
   1.405,    1.321,    0.754,   -2.140,   -0.591,    0.674,    0.704,   -0.385,    1.071, 
  -0.682,    0.263,   -0.939,   -1.300,   -0.413,    1.029,    2.749,    1.176,    1.721, 
   1.332,    0.116,    1.253,    1.801,    0.503,    0.774,    1.332,    1.863,    2.840, 
  -0.822,    0.360,    0.204,   -1.592,   -0.355,    0.124,    2.074,    1.222,    1.014, 
   0.142,   -0.260,   -0.215,    2.603,    1.833,    2.133,    0.936,    1.044,    1.259, 
  -1.346,   -0.013,   -0.843,   -1.256,   -2.336,   -0.591,   -0.541,   -0.222,    0.780, 
   0.549,   -0.024,    0.933,   -0.372,   -0.231,    1.241,    2.033,    2.577,    2.390, 
   0.982,    0.357,    0.347,   -0.387,   -2.264,   -0.277,    1.603,    1.694,    1.378, 
   0.389,    0.223,   -0.899,    0.110,    1.698,    0.985,    2.595,    1.673,    1.792, 
  -0.817,    0.563,   -0.307,   -1.741,   -1.867,   -0.251,    0.777,    1.059,    2.295, 
   0.269,   -0.822,   -0.275,    0.239,   -0.204,   -0.824,   -0.466,    0.152,    1.996, 
  -0.054,   -0.053,   -0.975,   -1.189,    0.266,   -1.152,   -0.710,   -0.150,    0.421, 
   0.960,   -0.037,    0.821,    0.894,    1.351,    1.541,    1.521,    0.114,    0.954, 
  -0.385,   -0.460,   -1.781,    1.975,   -1.124,    0.846,    1.283,    1.101,    0.005, 
  -0.062,    0.464,   -0.151,   -0.283,   -0.629,    2.354,    0.895,    1.852,    0.639, 
   0.018,   -0.653,    0.391,    0.239,    0.356,    0.961,   -1.842,   -0.303,    0.469, 
  -1.222,   -0.397,   -0.037,   -0.200,    0.936,    2.266,   -0.434,    1.174,    0.623, 
   0.958,    0.797,    0.534,    0.512,    0.850,    1.823,    2.524,    0.525,    2.172, 
  -1.126,   -0.415,    0.216,   -0.651,    0.229,    0.473,    1.488,    1.549,    0.967, 
  -1.471,   -0.420,   -0.024,    0.324,    0.819,    1.203,    1.368,    1.123,    0.840, 
   2.194,    0.008,    1.311,    0.696,   -0.084,   -0.057,    2.454,    1.167,    1.954, 
   0.592,    0.861,    0.550,    0.279,    0.397,    2.319,    2.062,    2.118,    1.258, 
  -0.140,    0.278,    0.249,    1.606,   -0.228,    1.322,    2.000,    2.530,    1.304, 
  -0.504,   -0.575,   -0.454,    1.416,    0.976,    2.338,   -0.697,    0.510,    0.037, 
  -0.141,    1.264,    0.927,    0.558,   -0.159,    0.959,    1.305,    1.033,    0.883, 
  -0.403,   -0.137,    0.080,   -1.120,    0.274,    1.361,    0.443,    0.350,    1.192, 
  -0.946,   -0.625,   -1.174,    1.501,    0.289,    0.460,    0.376,   -0.257,    0.258, 
  -0.275,    0.065,    0.858,   -0.232,    0.077,    1.617,    1.983,   -0.310,   -0.118, 
  -1.274,    0.092,    0.097,   -2.659,   -1.963,   -1.365,    1.689,    1.408,    1.851, 
  -0.820,   -0.362,    0.052,   -0.238,    0.482,    1.710,    0.623,   -0.470,   -1.056, 
   1.528,    1.156,    0.903,    1.054,    0.297,    1.374,    1.907,    1.931,    2.603, 
   0.191,    0.549,   -0.025,    0.681,    1.553,    1.930,    0.274,    0.657,    0.461, 
  -0.645,    0.774,    0.226,   -1.416,   -0.951,    0.991,    1.186,    1.139,   -0.097, 
  -1.191,   -0.390,   -1.157,    0.801,    0.647,    0.885,   -0.285,    2.482,   -0.212, 
  -1.793,   -0.162,   -0.471,    0.664,    0.062,    1.665,   -0.659,    1.408,    2.980, 
  -0.655,   -0.973,    0.255,    2.917,    0.895,    2.576,    0.101,   -0.142,    1.141, 
  -0.621,    1.058,   -1.007,   -0.925,   -0.180,   -0.707,    1.702,    0.323,    1.297, 
   1.221,    1.584,    1.107,   -0.212,   -0.191,    2.323,    1.862,    0.596,    2.147, 
  -0.129,    1.054,    0.191,    0.642,    1.078,    2.146,    2.130,    3.130,    0.884, 
  -1.200,   -2.165,   -0.569,   -0.255,   -0.312,    0.917,    2.413,    2.697,    0.994, 
  -0.686,   -0.744,    0.112,   -1.510,   -0.200,    0.763,    1.220,   -0.159,    0.751, 
  -0.701,   -0.861,    0.034,    1.317,   -0.089,    0.379,   -0.331,   -0.156,    1.855, 
   0.828,    0.049,    0.198,    1.094,    0.753,    1.254,   -1.329,    0.411,   -0.813, 
   0.933,    0.847,    2.602,    3.397,    1.591,    2.408,    2.470,    2.059,    1.745, 
   1.158,   -0.442,   -0.006,    0.851,    0.509,    0.790,    0.010,    1.267,    1.011, 
  -0.329,   -0.077,    0.955,    0.729,    0.087,    1.068,    0.443,    0.526,    0.188, 
   0.945,    2.626,    0.319,    0.089,    0.401,    2.086,    2.969,    3.484,    1.605, 
  -1.180,    1.137,   -1.722,    0.324,    0.407,    1.391,    0.378,   -0.024,    0.403, 
  -2.096,   -0.780,   -1.967,    1.139,    2.007,    1.720,   -0.014,    0.501,    1.124, 
  -0.874,   -0.721,   -0.242,    1.057,   -0.134,    1.052,    0.467,    0.478,    0.263, 
   1.504,   -0.847,    1.044,   -0.125,   -0.543,    1.293,    2.316,    0.739,    1.219, 
  -1.915,   -0.645,   -0.193,    1.181,    0.138,    0.536,   -0.449,    0.422,    1.181, 
   1.845,    1.219,    1.105,    0.753,    0.437,    1.111,    1.040,    0.665,    1.729, 
   1.115,   -0.706,    0.534,    1.074,    0.138,    2.483,    1.203,    0.764,    1.744, 
   2.785,    0.506,    0.018,    1.833,    1.509,    2.288,    1.738,    0.966,    2.066, 
   1.385,    1.548,    0.600,    0.022,   -0.957,    0.443,    1.699,    0.914,    1.104, 
   0.823,    0.776,   -0.045,   -0.988,    0.754,    0.529,   -1.093,    1.366,    0.309, 
  -1.189,   -1.938,   -1.812,   -1.329,   -0.438,   -0.931,   -0.538,    1.645,   -0.291, 
  -0.238,   -0.989,    0.101,   -0.673,   -0.004,    0.252,    3.022,    0.827,    1.894, 
   0.529,    1.103,   -0.802,    0.180,    0.129,    2.074,   -0.450,    1.280,    1.255, 
   0.002,   -0.856,    0.266,    0.381,    1.359,    0.648,   -1.374,    1.507,    0.195, 
   0.285,    1.269,   -1.146,   -1.606,   -1.514,    1.125,    0.678,    0.665,    0.274, 
  -1.708,   -0.319,    0.780,   -1.515,   -0.594,   -0.199,   -0.182,    0.288,    0.121, 
   0.117,    0.116,    0.435,    1.280,    0.932,    2.352,    1.317,    0.683,    0.880, 
  -0.009,    0.988,    1.154,   -1.705,   -0.207,    0.533,    1.315,   -0.051,    2.208, 
  -1.904,   -1.118,   -1.011,   -1.588,   -0.777,    0.134,    1.003,    1.056,   -0.233, 
   0.140,   -0.839,   -0.178,   -0.471,   -0.627,    1.078,    1.228,    0.516,   -0.762, 
  -0.842,    0.071,    0.734,   -1.046,   -0.350,   -0.058,   -0.019,   -0.359,    0.059, 
   1.475,    0.517,    0.663,    0.083,    0.540,    0.003,    1.831,    1.694,    1.979, 
  -2.105,    0.311,    0.555,    0.910,   -0.570,    1.373,   -1.032,    1.220,    0.717, 
  -1.254,   -1.058,   -0.693,   -1.989,   -0.446,    0.542,   -1.941,    0.587,    0.922, 
  -2.056,   -2.005,   -1.032,   -1.620,   -1.310,   -0.782,   -0.561,    0.285,   -0.326, 
   1.310,   -0.572,    0.802,    1.408,    1.442,    2.101,    4.139,    2.003,    2.146, 
   0.430,   -0.481,   -0.436,    0.542,   -0.330,    1.215,    0.951,    1.742,    0.318, 
   0.723,    2.101,   -0.425,   -1.536,   -2.672,   -0.970,    2.316,    2.059,    1.718, 
  -2.055,   -0.111,   -0.242,   -1.062,   -1.134,    0.799,    1.322,   -1.096,    0.731, 
   0.457,   -1.142,   -0.096,    0.476,   -0.666,    1.382,    0.100,    0.176,    1.998, 
   2.662,    1.032,    2.328,    0.811,    0.095,    1.607,    1.327,    1.940,    0.033, 
  -1.089,    0.417,   -0.339,   -2.865,   -1.583,   -1.695,    0.962,    0.660,    0.426, 
   0.143,    0.789,   -0.022,    0.515,    0.656,    0.756,    1.468,    1.496,    1.300, 
  -0.510,   -0.380,    0.648,    0.496,    0.413,   -0.175,    1.258,    0.861,    1.902, 
  -0.575,    0.033,    0.699,    1.305,    1.168,    1.287,   -0.221,    0.475,    1.822, 
   1.180,    0.483,    0.384,    0.842,    0.346,    0.808,    1.802,    1.787,   -0.159, 
   0.009,    0.360,    0.324,   -2.450,   -1.454,   -0.176,    0.686,    0.730,    1.023, 
  -2.669,   -1.559,   -0.869,    0.812,   -0.709,    0.256,   -0.709,   -0.252,   -0.591, 
   1.545,    0.166,    1.397,    0.073,   -0.101,    1.554,    1.873,    1.692,    1.398, 
  -1.562,   -1.780,   -0.813,   -1.137,   -0.412,   -0.759,    0.861,    2.927,    0.698, 
  -2.885,   -1.496,   -0.995,   -1.486,   -0.365,   -0.131,    0.555,    1.443,    0.702, 
  -0.102,   -0.357,    0.480,    0.872,    2.036,    2.352,    1.442,    0.066,    2.402, 
   0.660,    1.111,    1.683,    1.870,    1.055,    2.021,    2.335,    1.323,    0.761, 
   2.029,   -0.470,    2.025,    0.377,    2.306,    1.082,    2.030,    0.419,    1.570, 
   1.264,    1.294,    0.436,    0.629,    1.752,    0.701,    3.211,    0.772,    1.959, 
   1.925,   -0.059,    1.141,    0.511,    0.528,    1.466,    1.705,    1.923,    0.195, 
   0.196,   -0.686,    0.059,   -1.284,   -1.880,    0.072,   -2.108,    0.996,   -0.504, 
   0.205,   -1.174,   -0.136,    0.996,    1.151,    1.328,    0.034,    0.548,    0.659, 
   0.738,    0.247,    0.850,    1.386,    1.007,    1.602,    1.306,    1.245,    1.016, 
   0.962,    0.790,    0.418,    1.754,   -0.285,    1.674,    3.745,    1.275,    0.797, 
   0.537,    0.743,   -0.226,   -0.617,   -0.925,    1.923,    2.752,    2.460,    1.396, 
   1.406,    0.717,    0.754,   -1.609,   -0.370,    0.287,    3.753,    2.731,    0.714, 
   1.785,    0.071,    0.289,   -0.874,   -0.806,    0.615,    3.285,    1.509,    0.505, 
  -0.738,    0.217,   -0.488,   -0.008,    0.202,    2.226,    1.823,    1.606,    1.203, 
   0.238,   -0.394,    0.322,    0.023,    0.091,    0.803,    2.583,    0.383,    0.725, 
  -0.346,    0.507,   -1.549,   -2.386,   -3.429,   -0.523,    0.279,    0.650,    0.355, 
  -2.656,   -0.732,   -0.334,   -0.796,   -0.217,   -0.028,    0.285,   -0.578,   -0.171, 
   1.241,    0.673,   -0.038,    1.258,   -0.171,    1.407,    1.889,    1.258,    1.452, 
   1.848,    0.340,    1.417,    1.123,   -0.190,    2.131,    2.130,    1.375,    2.012, 
  -0.331,   -0.665,   -1.181,   -0.941,   -0.273,   -0.276,    0.080,    0.798,    0.263, 
   2.402,    0.556,    0.272,    1.822,    1.469,    2.089,    3.260,    1.621,    0.004, 
   0.261,    0.946,    0.075,   -1.133,    1.013,    0.203,    0.988,    1.200,    0.770, 
   1.268,    1.477,   -0.987,    1.667,    0.785,    1.452,    3.372,    1.052,    2.777, 
   1.151,   -0.132,    0.378,   -0.267,   -0.463,    1.672,   -0.185,    0.693,    2.040, 
  -0.409,   -0.053,   -0.411,   -0.973,    0.083,    1.179,    0.542,    0.867,    0.636, 
   0.046,    0.689,   -0.003,   -1.128,    0.231,    1.295,    1.080,    0.361,    1.011, 
   1.794,   -0.264,    0.494,   -1.009,    0.060,   -0.138,    2.262,    1.238,    0.509, 
  -1.022,    0.319,   -0.546,   -0.822,   -1.729,    1.451,   -0.319,    2.120,    1.728, 
   1.382,    0.567,   -0.047,   -1.218,    0.518,    0.439,    3.447,    1.105,    2.338, 
  -0.336,   -1.513,    0.214,    0.709,    0.936,    1.580,    1.020,    0.588,    0.459, 
  -0.086,    1.117,   -1.213,    0.454,    1.255,   -0.278,    0.785,    1.844,    0.991, 
   0.419,    0.388,   -0.783,   -0.975,   -1.019,    0.181,    0.342,    0.492,    1.948, 
  -2.163,   -0.491,   -0.513,   -1.652,   -0.414,    0.476,   -1.003,    0.387,    1.821, 
   0.060,    1.697,    0.091,    1.375,    0.092,    2.730,    1.765,    0.109,    0.700, 
  -1.509,   -1.092,   -0.034,    1.094,   -0.157,    0.299,    0.910,   -0.596,   -1.705, 
  -2.294,   -0.155,   -0.699,   -0.423,   -0.481,    0.869,    0.613,    0.745,    0.502, 
  -2.723,    0.467,    0.041,    1.684,    0.371,    0.945,    0.808,   -0.100,   -0.008, 
  -0.811,   -0.012,    0.794,    1.385,   -0.282,    1.300,    0.474,    0.638,   -0.013, 
   0.457,    1.177,   -0.544,    1.590,    0.998,    2.279,    3.646,    2.528,    2.878, 
   0.797,    1.153,    1.251,    1.270,    0.166,    2.836,    1.920,   -0.030,    0.145, 
  -1.134,    0.792,   -0.982,   -0.157,   -0.578,    0.214,   -0.220,    0.643,    1.033, 
   0.246,    0.533,   -0.023,   -0.929,   -0.608,    0.506,    0.560,    0.483,    0.376, 
   0.925,    0.012,    1.242,    0.167,   -0.070,    0.663,    0.986,    1.452,    2.608, 
   0.649,   -0.070,    0.009,   -0.629,    1.723,    0.548,    2.874,    2.236,    1.362, 
   0.230,    0.142,   -0.891,    1.235,    0.057,    0.783,    1.390,    1.390,   -0.469, 
   0.625,   -0.401,   -0.902,   -0.104,    0.163,   -0.191,    0.690,    1.091,    0.828, 
  -0.761,   -0.322,   -0.935,    0.918,    1.279,    2.397,    1.876,    1.632,    1.406, 
  -0.921,   -0.584,   -0.420,   -2.018,   -0.848,    0.167,    0.844,    0.336,    1.554, 
  -2.152,    0.062,   -1.402,   -1.797,   -0.500,   -0.494,   -1.920,    1.622,    0.374, 
   0.856,   -0.141,    0.913,   -0.584,   -0.816,   -1.049,    4.006,    0.452,    0.784, 
  -1.382,    0.136,   -1.507,    1.928,    0.357,    1.451,    0.166,   -0.367,    0.203, 
   0.593,   -0.535,   -0.647,    0.810,   -0.690,    0.377,    2.119,    2.092,    1.064, 
   1.436,    0.058,    0.834,   -0.383,   -0.233,    2.092,    0.589,   -0.172,    1.359, 
  -0.520,    0.961,    0.121,    1.285,    1.130,    2.667,    1.104,    1.024,    1.506, 
   1.628,   -0.573,    0.437,    0.591,   -1.164,   -0.022,    2.308,    0.510,    1.939, 
  -0.966,    0.626,   -0.059,   -0.384,   -0.386,    0.657,    0.393,    1.024,    0.253, 
   1.098,    1.413,    1.334,    1.797,    3.120,    2.649,    2.060,    1.256,    0.980, 
  -0.086,   -0.652,    1.128,   -0.769,    0.446,    1.167,    0.897,    0.811,    1.001, 
  -1.343,   -0.623,   -1.675,   -0.486,   -0.505,    0.427,   -0.669,   -0.018,   -0.171, 
  -0.310,   -1.533,    0.033,    0.393,    0.225,    1.995,    0.135,    1.831,    0.590, 
   1.007,    1.488,   -0.420,    0.624,    0.604,    3.058,    0.422,    0.694,    0.915, 
  -1.620,   -0.925,   -1.095,   -0.174,    0.373,   -0.916,   -0.862,    0.934,   -0.319, 
   0.593,    0.041,   -0.739,   -0.569,   -0.501,    0.917,    1.652,    1.254,    1.997, 
   1.095,    0.510,    0.366,   -0.854,    0.409,    1.484,    3.805,    2.464,    1.995, 
   1.147,    0.570,    0.788,    2.295,    0.982,    3.852,    2.464,    1.230,   -0.012, 
   0.637,    1.174,    1.477,    3.201,    2.426,    4.054,    0.809,    2.013,    0.674, 
  -0.313,   -0.205,   -1.370,    0.778,   -0.060,    1.532,   -1.028,    0.784,    0.486, 
  -1.053,    1.117,   -0.132,   -1.013,   -0.143,   -0.093,   -0.589,    0.585,    0.253, 
  -1.172,    0.303,   -1.307,   -0.453,    1.079,    1.156,    1.580,    1.834,    1.695, 
   0.619,    1.083,    0.966,   -0.850,    0.326,   -0.223,    0.888,    2.385,    1.064, 
   0.931,    2.337,    1.385,   -1.657,    0.171,    0.892,    0.367,    1.899,   -0.277, 
  -0.579,    0.052,    0.483,   -1.198,   -0.500,    1.751,    1.834,    2.300,    0.198, 
  -0.990,   -0.126,   -1.135,   -0.419,    0.338,    1.862,   -0.744,    0.925,    0.166, 
   0.388,    1.796,    2.327,   -0.415,   -0.964,    1.380,    1.844,    2.003,    1.741, 
  -0.426,   -0.077,   -1.403,   -1.777,   -0.191,    1.154,    0.903,    0.793,   -0.562, 
   1.807,   -0.271,    0.189,    1.767,    0.278,    0.195,    1.312,    1.510,    0.719, 
   1.387,    0.521,    0.866,    0.536,    1.635,    0.579,    0.783,    1.031,    0.378, 
  -0.714,   -0.486,   -0.696,   -0.756,   -0.395,    2.378,   -0.239,    1.526,    0.609, 
   0.363,    1.253,   -0.429,    0.503,   -0.686,    1.568,   -0.648,   -0.118,    0.505, 
   0.835,   -0.538,    0.958,    2.519,    1.864,    2.447,   -0.151,    0.828,    0.174, 
   0.882,   -0.656,    0.413,   -0.776,   -0.890,    0.080,    1.127,   -0.032,    0.838, 
  -0.315,    0.980,    2.009,   -1.514,   -0.622,    1.217,    1.228,    1.084,    0.610, 
   1.828,    0.828,    1.202,    1.644,    1.792,    3.924,    1.247,    0.912,    1.934, 
  -0.058,    0.902,    0.357,    1.201,   -0.014,    1.448,    2.734,    0.903,    0.776, 
   0.115,    0.389,   -0.209,   -1.664,   -1.572,    0.983,    1.381,    1.839,    0.234, 
  -0.090,   -0.100,   -0.023,   -0.908,   -0.774,   -0.602,    1.330,    0.870,    0.680, 
  -3.686,   -2.601,   -0.423,   -1.726,   -1.740,    0.250,   -0.082,    0.117,    1.266, 
   0.735,    0.023,    2.215,    2.640,    0.697,    2.614,    0.383,    0.048,    2.063, 
  -0.644,   -0.275,   -0.860,    2.399,    1.339,    2.564,    0.959,   -0.768,    0.165, 
   1.270,   -0.082,   -0.403,    1.721,    1.623,    4.252,    1.931,    0.086,    1.226, 
  -0.117,   -0.062,    0.744,   -1.219,    0.924,    0.348,    4.279,    1.662,    1.072, 
  -1.753,   -0.567,   -0.944,   -3.201,   -1.489,   -1.572,   -0.858,   -0.223,    0.230, 
   0.172,   -0.885,   -1.082,    1.097,    0.406,    1.785,   -0.105,   -0.259,    1.763, 
  -1.059,    0.361,   -0.667,   -0.289,   -1.048,   -0.735,   -0.273,    1.227,   -0.135, 
   2.075,    1.659,   -0.562,   -0.816,   -1.021,    1.525,    2.703,    2.938,    1.866, 
  -0.540,   -0.771,   -0.865,    0.211,   -0.106,   -0.348,   -0.542,    0.953,    1.762, 
   0.770,    0.806,    1.182,    1.084,    0.124,    2.155,    1.063,    1.102,    0.813, 
  -0.232,   -0.396,   -0.199,   -1.302,    0.418,    1.720,   -0.453,    0.661,    0.542, 
   0.429,   -0.088,   -0.386,    0.101,    0.046,    1.547,   -1.154,    1.259,   -0.246, 
  -0.029,   -0.200,    0.096,   -0.641,   -1.008,   -0.482,    0.371,    1.332,    1.485, 
   0.883,    0.927,   -0.275,    0.246,    0.255,    1.363,    1.892,    0.969,    1.429, 
   1.230,   -0.236,   -0.367,    0.914,    0.522,    1.981,   -0.580,    1.762,    1.173, 
  -0.686,   -0.772,   -0.646,   -0.424,   -0.083,    1.552,    2.116,    2.447,    0.572, 
   1.936,    0.567,    1.024,   -0.287,   -0.391,   -0.163,    2.072,    2.189,    1.278, 
   0.565,    0.851,   -0.177,    1.860,    1.530,   -0.253,   -0.096,    0.802,    1.754, 
   0.026,   -0.158,   -0.133,   -0.738,    0.338,   -0.837,   -0.409,    0.680,    1.074, 
  -0.421,   -0.564,   -0.892,    0.351,    1.980,   -0.278,    0.856,    0.626,    0.050, 
   0.329,    0.310,    0.615,   -0.152,    0.976,   -0.466,    0.706,    1.132,    2.111, 
   1.469,   -0.350,    0.049,    1.420,    1.649,    0.214,    0.946,    1.971,    1.888, 
  -1.287,   -1.416,   -0.935,    0.369,    0.927,    0.085,    3.450,    2.737,    3.206, 
   1.862,    1.191,    1.096,    1.089,    2.396,    0.958,   -0.296,    1.618,    2.079, 
   2.507,    2.292,    1.348,    0.065,    0.931,   -0.488,    2.124,    1.668,    2.111, 
   1.696,    1.789,    1.598,    1.273,    2.034,    0.505,    0.807,    0.866,   -0.286, 
   0.172,    0.257,   -1.030,    1.586,    1.518,    0.436,    0.165,   -0.132,    1.459, 
  -0.886,    0.323,    0.136,   -0.293,    1.073,   -1.891,   -1.079,    0.453,    0.423, 
   1.542,    0.798,   -0.810,    0.543,    2.219,    0.100,    1.002,    0.455,    1.341, 
  -0.636,   -1.196,    0.573,    0.361,    0.366,   -0.910,    0.984,    0.440,    0.420, 
  -0.296,    0.986,   -1.755,    1.315,    1.592,   -0.385,   -0.015,   -1.004,    0.051, 
   1.833,    1.934,    2.269,    2.002,    1.963,    1.155,    1.330,    1.852,    0.481, 
  -0.597,    0.189,   -0.258,    0.596,    0.957,    0.312,    2.003,    1.715,    1.377, 
  -0.897,   -1.569,   -1.155,    0.002,    2.571,   -1.258,    1.345,    0.934,    1.603, 
   0.502,    1.152,    0.255,    1.354,    0.724,    0.057,   -0.269,   -0.242,    0.682, 
  -1.472,   -0.578,   -0.734,    2.361,    2.450,   -0.534,   -1.192,   -2.163,   -1.501, 
  -2.310,   -1.995,   -1.572,   -2.219,    2.135,    0.085,    1.461,    1.450,    0.822, 
   0.227,   -0.239,    1.136,    1.440,    1.787,    0.815,    2.461,    1.924,    0.844, 
   1.921,    1.668,    2.269,    2.197,    1.666,   -0.315,    2.495,    1.445,    2.579, 
   0.753,   -1.310,   -0.254,   -0.770,    0.410,    0.104,    0.418,    0.492,    0.608, 
  -0.048,    0.762,    1.445,    0.499,    0.299,    0.039,    2.432,    0.460,    0.452, 
  -0.844,    0.215,   -1.284,    0.391,    0.994,   -0.632,   -1.414,    0.996,   -1.068, 
  -1.135,   -0.712,   -1.067,   -1.137,    1.524,   -0.264,   -0.645,    3.116,   -0.679, 
  -1.838,   -2.821,   -1.260,   -1.047,    1.645,   -0.420,   -1.428,    0.183,   -0.883, 
   0.924,    0.056,    1.608,    1.365,    2.893,    1.703,    0.712,    1.556,    1.170, 
  -0.546,   -0.995,   -0.702,   -0.456,    0.297,   -0.225,    1.482,   -0.231,    0.610, 
  -0.305,    0.424,    0.178,    0.027,    1.053,    0.773,    1.823,    1.829,    0.903, 
   0.328,   -0.293,   -1.047,   -0.552,    0.552,   -0.067,    0.885,    2.250,    0.332, 
   1.459,   -0.093,    0.505,    0.825,    1.501,    0.545,   -0.208,    0.335,    1.847, 
  -3.049,   -1.901,   -2.551,   -2.153,    0.289,   -0.627,    1.213,    1.466,    0.473, 
  -0.416,   -0.062,   -0.722,   -1.124,    2.001,    0.442,   -0.018,   -0.202,    0.067, 
  -1.592,   -0.574,   -0.657,    1.632,    2.330,   -0.228,    1.323,   -0.513,    0.787, 
   0.552,   -2.091,   -0.615,   -1.003,    1.826,   -0.960,   -0.712,    0.008,   -0.581, 
   2.181,    1.571,   -0.292,    1.087,    1.925,   -0.500,    0.141,    0.505,    0.570, 
   1.462,    1.737,    1.422,    1.416,    2.524,    0.078,    2.817,    3.701,    3.523, 
  -1.964,   -1.408,   -2.568,   -0.382,    1.611,   -0.250,    0.400,    1.777,    0.571, 
  -0.528,   -0.748,   -0.890,   -0.594,    0.913,    0.244,    1.333,    1.640,    0.007, 
   0.307,    0.173,   -0.504,    2.597,    2.263,    0.359,    2.202,    0.751,    0.834, 
  -1.963,   -0.535,   -0.559,    0.216,    1.220,   -0.587,    1.121,    0.167,   -0.461, 
  -1.860,   -2.370,   -1.012,   -1.692,    1.645,   -1.275,   -1.015,   -0.702,   -0.180, 
   0.735,    0.705,    1.322,    1.007,    2.525,    0.986,    2.982,    2.495,    2.131, 
  -0.250,    1.039,   -0.637,   -0.500,    0.871,    0.582,    0.696,    1.902,    2.129, 
   0.766,    0.364,    0.523,   -0.248,    0.721,    2.004,    1.078,    0.791,    1.478, 
   0.763,    0.930,    1.132,    1.401,    1.963,    0.642,    2.410,    2.581,    3.351, 
   1.446,   -0.052,    1.534,   -1.302,    1.604,    0.581,    0.747,    0.861,   -0.044, 
  -0.085,   -1.145,    0.681,   -0.631,    1.557,    1.735,    2.630,    3.000,    2.828, 
  -0.828,    1.060,    0.754,   -0.545,    0.927,   -1.246,    2.340,    0.988,    1.646, 
   0.155,    0.127,   -0.321,   -1.082,    2.019,   -0.195,    0.262,    1.411,    0.554, 
   1.052,    2.092,    0.711,    0.305,    2.947,    0.248,    2.564,    1.705,    0.405, 
  -1.808,   -2.697,   -0.482,    0.026,    1.399,   -1.699,    0.949,    1.360,    0.996, 
   1.121,    0.823,    1.144,    1.729,    3.282,    0.089,    2.238,    1.871,    1.737, 
  -1.165,    1.813,    0.130,    0.630,    2.371,    0.558,    1.240,    2.246,    0.940, 
   0.877,   -1.029,    0.170,    2.048,    1.900,   -0.215,    2.918,    3.242,    2.871, 
  -0.643,   -1.374,   -1.543,   -0.364,    1.237,   -0.253,    2.243,    0.717,    1.993, 
  -0.038,   -0.942,   -0.134,   -0.376,    0.896,   -1.134,   -1.525,    0.609,    1.813, 
  -2.306,   -1.659,   -0.673,   -0.785,    1.085,   -1.398,    0.875,    0.579,    0.923, 
  -2.564,   -2.837,   -2.738,   -0.474,    0.675,   -0.504,    1.984,    2.391,    1.056, 
   1.265,    0.473,   -0.829,    2.813,    1.568,    0.652,    1.457,    0.829,    0.343, 
   0.687,   -0.582,    0.348,    0.647,    1.184,   -0.540,    1.325,    0.697,    1.828, 
   0.674,   -0.487,    0.783,   -0.954,    0.703,   -0.244,    0.478,    2.022,    0.933, 
  -1.409,   -1.029,   -0.930,    1.250,    0.741,    0.662,    1.897,    3.710,    0.488, 
   1.670,    1.648,    0.877,    1.120,    2.100,   -1.335,    0.950,   -0.513,    0.138, 
   1.711,   -0.690,    1.022,    0.902,    1.776,   -0.526,    1.188,    1.616,    1.431, 
  -1.928,    0.466,   -2.148,    0.942,    1.170,    1.128,   -0.068,    0.883,    1.159, 
   2.422,    0.942,    1.338,    2.164,    1.558,   -0.626,    0.457,    1.690,    1.854, 
   0.299,   -0.259,    0.504,    1.257,    1.851,    0.037,    0.581,    1.311,    1.520, 
  -1.092,   -0.473,   -1.753,   -0.605,    1.828,   -0.296,    0.171,   -0.056,   -0.622, 
  -1.937,   -0.502,   -0.732,   -1.047,    0.955,   -0.964,   -0.938,   -0.505,   -0.553, 
  -0.134,   -0.776,   -1.628,   -0.144,    1.578,    0.554,    0.597,    1.593,    0.388, 
   1.032,    1.526,    0.285,    1.218,    2.222,    1.427,    0.239,   -0.251,   -0.326, 
   1.716,    1.498,    0.138,    0.781,    1.128,    0.692,    2.048,    1.071,    1.879, 
   0.018,   -1.841,   -2.389,    0.034,    1.271,   -0.522,    1.206,    2.067,    3.126, 
   0.761,    0.081,    0.285,    0.409,    0.917,   -0.736,    1.207,    2.333,    0.891, 
  -0.120,   -0.323,    0.003,    2.066,    2.537,    0.028,    3.293,    2.946,    1.902, 
   2.751,    1.451,    0.630,    1.252,    1.729,   -0.186,    1.621,    2.817,    2.692, 
   2.704,    1.261,    1.532,    0.347,    1.048,    0.657,   -0.270,    1.472,   -0.975, 
  -1.134,   -1.591,   -1.955,   -1.403,    0.612,   -0.391,    0.165,    0.934,   -0.584, 
  -0.018,   -0.010,   -0.309,    1.643,    1.734,    0.413,    1.000,    0.247,    1.612, 
   1.410,    0.964,    0.820,   -0.200,    1.748,   -0.426,    2.847,    1.455,    1.997, 
   0.267,   -1.032,    0.314,    1.581,    1.403,   -0.217,   -0.150,   -0.173,   -0.321, 
  -1.265,   -0.534,   -0.791,   -1.397,    1.705,   -1.036,    1.349,    2.192,    0.054, 
   0.385,   -0.805,    1.679,   -1.166,    0.705,    0.093,    1.373,    1.216,    0.985, 
  -0.388,    1.147,    0.960,    2.298,    2.755,    0.539,    2.025,    1.992,    0.466, 
   0.845,    1.312,   -1.409,    0.457,    2.100,   -0.123,    1.303,    0.699,    2.916, 
  -0.485,    0.279,   -1.892,    0.554,    2.796,    0.983,    1.025,    0.984,   -0.115, 
   0.958,   -0.199,   -0.755,   -0.089,    1.083,    0.430,    1.795,    1.151,    1.558, 
   0.973,    0.620,    1.717,    1.137,    1.972,    0.829,    0.237,    0.239,   -0.587, 
   2.154,    0.444,    1.687,    1.848,    2.606,    0.154,    2.225,    3.037,    1.095, 
   0.027,   -0.867,    0.770,   -1.084,    2.060,    0.838,    1.040,    2.440,    3.217, 
   0.753,    0.025,    0.692,    1.729,    2.356,    1.399,    1.222,    1.683,    0.265, 
  -0.986,   -0.644,   -1.137,    0.165,    0.958,   -1.312,    2.061,    0.823,    1.669, 
   2.189,    1.870,    1.932,    0.991,    2.734,    0.332,    1.640,    2.776,    1.486, 
  -1.466,    0.304,   -0.094,    0.340,    2.023,   -0.083,    1.140,    1.195,    0.051, 
   0.330,    1.328,    2.297,    1.928,    2.119,    0.081,    1.346,    0.645,    0.228, 
   0.148,    0.841,    1.579,   -1.004,    1.869,   -1.086,    2.056,    0.942,    1.455, 
   0.201,   -1.086,   -0.643,   -0.004,    0.541,    0.376,    2.297,    1.416,   -1.161, 
  -1.117,   -0.531,   -0.900,   -1.260,    1.906,   -1.013,   -0.016,    0.767,    1.367, 
  -1.698,    0.111,   -1.799,    1.127,    1.170,   -0.819,    1.005,   -0.632,   -0.246, 
  -2.616,   -1.926,   -1.129,   -0.095,    1.080,    0.133,   -0.299,   -1.252,   -0.006, 
  -1.246,   -2.844,   -1.557,   -0.070,    1.812,   -0.805,    1.442,    3.468,    2.486, 
   0.139,   -0.791,   -0.421,   -1.666,    2.130,    0.412,   -0.684,   -0.536,    0.406, 
   2.674,    2.253,    2.123,    2.683,    3.221,    0.973,    2.339,    1.787,    1.617, 
  -2.465,   -1.365,   -1.410,   -0.322,    0.466,    0.431,   -0.484,    0.763,   -0.874, 
   0.031,    0.604,    0.720,    0.231,    1.085,   -0.382,    0.361,    0.548,    1.283, 
  -2.448,   -1.519,   -1.161,   -1.381,    1.129,   -0.693,   -0.892,   -0.168,   -0.407, 
  -2.314,   -1.589,   -1.206,   -1.646,    0.468,   -0.927,   -2.243,   -1.460,   -1.528, 
  -0.034,   -0.190,    0.382,   -0.816,    0.952,   -0.084,    2.467,    0.543,    2.538, 
  -1.441,    0.143,    0.536,   -0.390,    0.003,   -0.807,   -0.181,   -0.681,    0.256, 
  -0.516,    0.270,    0.493,    1.210,    2.165,   -1.110,    1.583,    1.593,    0.827, 
  -1.704,   -1.942,   -0.925,   -0.255,    1.084,    0.581,    3.040,    1.797,    1.956, 
   0.600,    0.146,    0.432,    0.790,    0.923,    0.938,    3.598,    1.812,    3.071, 
  -1.022,    0.278,   -0.457,    0.454,    2.304,   -0.044,    0.520,    0.894,   -0.285, 
  -0.796,    0.245,   -0.931,   -0.452,    0.545,   -0.674,    0.885,    1.598,    1.096, 
   3.409,    2.218,    3.477,    3.063,    2.998,   -0.300,    1.577,    1.212,   -0.342, 
  -0.078,   -0.916,   -0.904,    1.033,    2.506,    1.261,   -0.008,    0.353,    1.496, 
  -0.365,   -0.024,   -0.975,    2.332,    1.470,   -0.599,   -0.036,    0.028,   -0.426, 
   0.824,    0.611,    2.482,    0.772,    3.180,    0.807,    1.259,    2.192,    0.546, 
  -1.486,   -0.879,   -1.392,   -1.289,    1.713,   -1.098,    2.552,    1.041,    1.627, 
  -1.271,   -2.196,   -1.321,   -0.200,    1.099,   -0.271,    0.164,    1.899,    0.389, 
   2.300,    0.319,   -0.136,    3.549,    2.632,    0.109,    0.527,   -0.222,    0.216, 
  -1.451,    0.950,   -1.309,   -0.435,   -0.284,   -0.463,    0.865,    1.272,    1.256, 
   0.018,    0.053,   -0.382,    0.133,    2.172,    0.096,    0.212,    0.192,    0.963, 
  -0.623,   -1.201,   -1.080,   -1.526,    0.857,   -1.037,    1.016,    1.211,    0.247, 
   0.424,   -0.232,   -0.563,    0.711,    1.544,    0.102,    0.378,    1.209,   -0.132, 
   1.443,    0.411,   -0.348,    0.917,    0.419,    0.592,    1.924,    2.985,    1.845, 
   0.016,    0.496,   -0.335,    0.981,    1.497,    1.391,    0.338,    0.274,   -0.013, 
   0.277,    1.104,   -0.419,    1.612,    0.702,   -0.928,    1.501,    1.352,    2.817, 
   1.745,    0.306,    0.102,    1.563,    2.027,    0.879,   -1.202,    1.062,    0.313, 
   0.010,   -0.982,    0.762,    0.813,    1.185,    0.136,    1.364,    1.242,   -0.189, 
   0.055,    1.248,   -0.755,    1.046,    1.472,    0.716,    1.859,    1.775,    1.555, 
   1.623,    0.391,   -0.272,    2.329,    0.749,    0.378,    2.600,    0.181,    0.949, 
  -0.648,   -1.616,   -0.393,    0.905,    1.163,    0.876,    1.165,    0.023,    0.606, 
  -1.140,    0.542,   -0.499,   -0.645,    0.775,   -1.703,   -2.136,   -0.789,   -1.778, 
   0.937,    1.244,    0.806,    0.754,    1.955,   -0.020,    1.940,    2.815,    2.741, 
  -0.113,   -1.294,   -0.107,    0.663,    2.772,   -0.346,    0.608,    1.608,    1.162, 
  -0.909,   -1.315,   -0.502,   -0.411,    1.175,    0.355,    1.486,    2.458,    0.673, 
  -1.632,   -1.719,   -0.094,    0.428,    2.324,    1.357,    0.654,    0.402,    0.633, 
   0.566,   -0.615,   -1.039,    0.065,    0.165,   -0.872,    2.621,    0.209,    1.045, 
  -0.487,   -0.606,    0.134,   -0.169,    2.464,   -0.029,    0.575,    1.598,   -0.494, 
   0.022,   -0.431,    0.448,   -0.874,    2.530,   -0.448,    2.015,    1.617,    0.843, 
  -1.825,   -0.078,   -1.198,    0.430,    0.179,   -0.143,    1.286,    0.322,    0.491, 
  -0.453,   -0.700,    0.645,    0.125,    0.587,    0.231,    1.353,    2.178,    2.613, 
  -0.700,   -0.632,   -0.281,    0.201,    2.555,    1.231,    0.336,    0.980,    0.121, 
  -3.410,    0.397,   -0.359,   -1.140,    0.867,    0.107,    0.632,    1.690,    0.628, 
  -1.505,   -0.061,   -1.385,   -0.983,    1.415,   -0.103,    0.486,   -0.378,   -0.236, 
  -0.051,    0.551,    1.084,    0.942,    1.198,    0.308,    1.383,   -0.512,   -0.432, 
   1.506,    0.700,    0.763,    1.828,    2.371,    1.618,    1.555,    1.562,    3.119, 
   0.408,    0.776,    1.668,    1.057,    2.697,    1.031,    0.961,    0.452,    1.835, 
   0.102,   -0.861,   -1.726,   -0.458,   -0.131,    0.167,    2.776,    1.037,    1.698, 
   1.913,    2.112,    1.533,    0.369,    3.088,    0.316,    0.695,    2.378,    1.625, 
  -1.094,   -0.032,   -1.106,   -0.312,    2.445,   -0.205,   -1.538,   -0.599,   -0.510, 
  -1.755,   -0.401,   -1.121,    1.350,    0.073,    0.182,    1.371,   -0.203,    0.563, 
   0.451,    0.253,   -0.256,    0.103,    1.501,   -0.526,    0.262,    0.439,    1.093, 
  -1.569,   -3.687,   -1.548,   -2.477,   -0.434,   -1.340,   -1.563,   -0.807,   -0.473, 
   0.707,    0.103,   -0.676,    2.056,    3.048,   -0.724,   -0.466,    0.031,    1.867, 
   1.246,   -0.033,    0.736,    1.330,    2.030,    1.465,    1.725,    0.752,    0.693, 
   0.037,   -1.608,   -1.954,    1.020,    2.472,   -0.462,    1.261,    0.633,    1.119, 
  -1.440,    0.447,   -1.939,    1.537,    1.615,   -0.559,    0.097,   -0.108,    0.662, 
   0.876,    0.447,   -0.165,   -0.849,    2.043,   -0.177,    3.491,    2.515,    1.676, 
   0.187,   -0.804,   -0.569,    0.057,    1.892,    0.362,    1.570,    0.538,   -0.009, 
   0.705,   -0.788,    0.697,   -0.824,    0.709,    0.829,    3.146,    1.127,    1.027, 
  -0.368,    0.007,   -1.148,    1.837,    1.757,   -0.694,    1.776,    1.612,    1.185, 
  -2.623,   -1.813,   -1.079,   -1.860,    0.805,   -0.087,   -0.186,   -0.548,   -0.414, 
  -0.342,   -1.315,   -0.373,   -0.554,    0.654,    0.080,   -0.712,    2.097,    0.383, 
  -1.596,   -2.106,   -1.929,    0.028,    1.952,   -1.193,   -0.199,    0.604,    0.757, 
   1.199,    1.628,    2.716,    3.218,    2.274,    0.936,    3.304,    2.963,    2.986, 
  -0.012,    0.829,   -0.068,    0.047,    2.495,   -0.525,    0.733,    2.320,    1.863, 
   0.071,   -0.690,   -1.576,    0.051,    0.547,   -0.291,    1.465,    0.622,    1.449, 
   1.138,    0.591,    0.695,    1.038,    2.749,    0.679,    0.786,    0.836,    0.576, 
  -2.982,   -1.734,   -1.111,    1.335,    0.407,   -0.725,    2.199,    1.517,    0.079, 
  -0.862,    0.611,    1.010,   -0.486,    1.227,   -0.786,   -0.121,    0.581,    0.354, 
  -0.161,    0.337,   -0.683,    1.293,    2.723,   -1.095,    1.290,    0.879,    0.762, 
   0.019,    0.351,   -0.640,    1.989,    0.991,    0.794,    2.409,    2.619,    2.015, 
  -0.212,    1.060,   -1.099,    1.405,    2.185,   -0.173,   -0.098,    1.988,    0.174, 
   0.234,   -0.345,   -0.326,    2.392,    0.658,   -0.123,    1.014,    0.238,    0.654, 
   0.003,    0.644,   -0.079,    1.470,    1.612,    0.037,    0.024,    0.789,    0.694, 
  -0.033,    0.972,    0.406,    0.456,    1.695,    0.237,    0.987,    1.514,    1.139, 
   0.767,    0.714,    0.574,    1.187,    2.482,    0.415,    1.993,    2.150,    1.050, 
  -0.436,   -1.899,   -0.409,   -0.210,    2.956,   -0.028,   -1.407,    0.864,   -0.110, 
  -0.606,    0.680,   -0.326,    0.481,    1.138,   -0.897,    1.766,    1.615,    1.146, 
   1.589,   -0.875,    1.124,   -0.189,    2.034,   -0.390,    0.231,    1.103,    0.896, 
  -0.902,   -1.739,   -0.252,   -0.149,    1.999,    0.809,    0.329,    1.047,   -0.283, 
   0.368,   -1.280,   -0.651,   -2.100,    2.500,   -0.564,    0.346,   -0.368,   -0.006, 
   2.026,    1.926,    1.379,    3.234,    2.691,    1.878,    2.377,    2.342,    1.791, 
  -1.367,    0.747,    0.138,    0.581,    1.051,   -1.201,    0.868,    0.623,    0.922, 
   0.388,   -0.737,    0.114,    1.220,    1.209,    0.888,    0.612,    1.641,   -0.267, 
  -0.473,    0.293,   -0.296,    1.023,    0.774,   -0.840,   -0.762,    0.647,    0.017, 
   0.601,   -0.313,    0.618,    0.179,    1.974,   -0.407,    0.043,    0.212,    0.417, 
  -0.504,   -0.907,    0.390,    0.853,    0.754,   -1.203,    0.445,    0.947,    0.202, 
   0.381,    1.783,   -0.508,    1.384,    1.681,    1.863,    1.978,    0.600,    0.547, 
   0.176,   -0.261,    0.065,    0.298,    1.291,   -0.019,    1.121,    2.054,    2.943, 
   0.193,    1.229,    1.138,    0.214,    1.407,    1.529,    2.325,    0.985,    1.230, 
  -1.962,   -0.549,   -1.224,   -0.942,    2.048,   -0.848,    3.126,    1.038,    0.854, 
   1.825,   -0.148,    0.603,    0.873,    1.759,   -1.413,    2.161,    1.038,    0.932, 
  -0.378,    0.973,    0.145,   -0.388,    0.762,    0.007,    1.541,    1.595,    1.239, 
  -0.426,    0.346,   -0.386,    1.612,    1.491,    0.113,    0.860,   -0.769,    1.035, 
  -2.440,   -0.245,    0.252,   -0.425,    1.732,   -0.367,    0.312,    1.335,    1.781, 
  -0.098,    1.144,    1.799,    0.753,    2.463,   -0.773,    1.581,    0.736,    1.673, 
  -0.946,    0.325,    1.429,   -0.741,    0.402,   -1.145,    0.378,   -1.075,    0.832, 
  -1.716,   -1.751,   -0.516,    0.106,    2.068,   -0.649,   -1.608,   -1.018,   -0.781, 
  -0.271,   -1.410,   -0.073,    0.466,    3.213,    0.912,    0.745,    0.394,    0.138, 
  -0.862,   -1.626,   -2.225,   -0.610,    1.373,   -0.206,    0.158,    2.013,    0.749, 
  -0.149,   -1.288,   -0.312,    0.335,    1.103,    0.103,   -1.465,    0.720,    1.196, 
  -1.066,   -0.197,   -1.731,   -1.330,    1.057,   -1.598,    0.417,    0.018,    0.545, 
  -1.919,   -0.722,   -1.942,   -0.308,    1.499,   -1.152,    1.545,    0.837,    0.788, 
  -0.653,   -0.290,   -0.507,    0.084,    2.626,    0.125,    0.414,   -0.467,    0.609, 
   0.595,    0.991,    1.486,    0.664,    1.655,    0.033,    3.148,    0.805,    1.900, 
  -0.185,    1.661,    1.151,    0.733,    1.556,    0.965,    0.906,   -0.090,    0.132, 
   2.004,    0.975,    1.501,    1.119,    1.998,   -1.032,   -1.435,   -0.801,    0.522, 
  -1.261,   -2.212,   -1.443,   -0.433,    1.337,   -1.229,   -1.191,    0.011,    1.003, 
  -0.760,    0.231,    0.033,   -0.337,    0.795,    1.697,    0.747,    0.334,   -0.081, 
   0.800,    0.230,   -1.009,   -1.400,    1.489,    0.209,    0.860,    1.867,   -0.110, 
   0.102,   -0.297,   -0.623,    0.426,    1.526,    0.024,   -0.256,    0.230,    0.459, 
  -0.125,    0.971,   -0.005,    0.182,    1.931,   -0.638,   -0.107,    1.157,    1.692, 
   0.016,   -0.033,    0.274,    1.830,    1.859,   -0.371,    0.950,    0.725,    1.862, 
  -0.410,   -0.883,   -0.461,   -1.383,    1.323,    0.211,    2.646,    1.387,    1.441, 
   1.146,    0.431,    0.276,    0.925,    1.546,    0.115,   -0.241,    0.310,   -0.471, 
  -0.285,   -0.363,    0.394,    1.150,    2.731,    1.422,    1.864,    0.357,    2.373, 
  -0.774,   -1.376,    0.086,    0.935,    0.392,    0.729,    1.827,    0.240,    1.339, 
   0.510,    0.624,    1.046,    1.310,    1.489,   -0.044,    0.607,    1.583,    0.111, 
  -1.898,   -2.250,   -0.919,   -0.705,    1.447,   -0.980,    1.090,    2.432,   -0.151, 
   1.294,   -0.132,    0.294,    1.145,    1.011,   -0.605,    0.720,    0.753,    0.661, 
   0.291,   -0.712,   -0.101,   -0.293,    0.626,   -1.069,   -1.437,   -0.549,    0.053, 
  -0.785,   -0.303,    0.331,    2.694,    2.075,    0.096,    2.520,    2.217,   -0.103, 
  -0.379,   -1.053,   -0.999,    0.197,    1.052,    0.485,    1.151,    0.781,   -0.338, 
   0.005,    0.206,   -0.056,   -0.633,    1.575,   -0.453,    2.598,    1.735,    1.477, 
   0.185,    2.124,    0.087,    0.700,    0.633,    1.664,    2.393,    0.755,    1.918, 
  -0.944,   -0.146,   -0.480,    0.240,    0.955,    0.354,    0.693,    1.034,    0.658, 
  -0.635,   -1.109,    0.946,    1.628,    1.620,    1.721,    1.866,    2.892,    1.342, 
   1.003,    0.725,    0.327,    2.553,    3.376,    0.540,    2.616,    2.135,    1.719, 
   1.846,    1.886,    0.678,    3.972,    4.035,    0.879,    2.225,    1.662,    1.841, 
  -0.038,    0.682,    2.023,    1.190,    1.947,   -0.086,    1.458,    0.877,    2.463, 
   1.785,   -0.247,    1.301,    1.793,    1.746,    0.578,    3.159,    2.426,    1.763, 
   0.286,   -2.459,   -0.644,   -0.621,    1.509,   -0.052,    0.082,    0.711,    1.436, 
   1.056,    0.243,    0.872,    1.486,    2.293,    0.693,    1.895,    1.331,    1.535, 
   0.716,    1.166,    2.794,    1.301,    1.830,    0.480,    0.763,    1.005,    2.382, 
  -1.612,   -1.559,    0.432,   -1.639,    2.851,    1.063,    0.292,   -0.186,   -0.423, 
  -0.596,    0.201,   -0.743,    3.082,    0.815,    1.185,    0.632,    1.041,    2.126, 
  -1.296,   -0.677,   -1.395,    0.487,    2.468,   -0.224,    1.741,   -0.639,    0.490, 
  -0.882,   -1.168,   -1.214,   -0.749,    0.733,   -0.636,   -0.667,    0.303,    0.084, 
   2.786,    1.671,    2.373,    1.275,    3.683,    1.536,    1.123,    2.929,    2.557, 
   0.507,    0.777,    0.800,    1.520,    1.706,    0.854,    3.279,    2.857,    2.094, 
   0.886,    0.358,    0.880,    1.819,    2.053,    0.628,    0.626,    1.716,    1.586, 
   1.598,    1.602,    1.794,    0.505,    0.527,    1.144,    1.990,    1.230,    0.469, 
  -0.320,    0.422,    0.484,    0.962,    2.428,   -0.824,    1.510,    2.183,    1.744, 
   0.032,   -0.792,   -0.937,    1.704,    1.233,   -0.995,    1.248,    2.316,    2.441, 
  -0.352,   -0.295,   -1.225,    0.059,    1.431,    1.611,    1.567,    0.901,    0.895, 
  -0.639,    0.365,    0.534,   -1.762,    1.103,   -1.175,    1.204,    2.049,    1.858, 
   0.221,   -0.511,    0.801,   -1.166,    1.243,    0.524,    0.864,    3.102,    1.172, 
  -0.254,   -0.256,   -0.384,   -0.799,    0.597,    0.814,    0.422,    1.514,    0.760, 
  -0.543,    0.916,   -0.289,    0.367,    2.381,   -1.453,    1.555,    2.505,    0.606, 
   0.858,    0.574,    1.284,    1.646,    1.355,    1.163,    0.923,    2.006,   -0.105, 
   0.028,    0.256,   -0.891,    1.002,    1.968,   -0.143,    1.655,    1.506,    1.166, 
  -1.325,   -1.678,   -0.681,   -0.784,    0.999,   -1.057,    2.277,    1.825,    1.187, 
  -1.270,   -0.584,   -0.964,   -1.434,    1.325,   -1.839,    0.800,    2.116,    0.549, 
  -1.031,    0.679,   -0.658,   -0.074,   -0.055,    0.489,   -2.158,   -1.485,   -0.590, 
  -1.207,   -0.471,   -2.910,    0.302,    2.789,    0.042,    2.351,    1.378,    2.144, 
   1.698,    0.522,    0.990,    0.054,    2.418,    0.751,    2.585,    1.788,    1.733, 
  -0.863,   -1.121,   -0.413,   -0.233,    1.638,   -1.312,    2.056,    2.055,    1.304, 
   1.097,    0.719,    0.609,    0.077,    1.872,   -1.130,    2.168,    1.077,    1.779, 
  -0.180,    0.985,   -0.837,    0.471,    1.744,   -1.539,    0.563,    0.780,    0.473, 
  -0.342,    1.489,   -0.973,    2.115,    3.357,    1.066,    3.595,    1.093,    2.456, 
   1.466,    0.770,    0.427,    2.043,    2.690,    0.339,    2.269,    1.072,    1.227, 
  -0.914,   -0.861,   -1.125,    0.905,    1.656,   -0.256,    1.438,    0.731,    1.370, 
  -3.044,   -1.021,   -1.006,   -0.416,    0.787,    0.911,    1.683,    1.580,    0.134, 
  -0.706,    0.394,   -2.268,    1.574,    1.765,    1.314,    0.281,    0.619,   -0.327, 
  -0.628,   -0.722,   -0.364,   -0.053,    1.759,   -0.396,    1.159,    1.431,   -0.141, 
   0.239,   -0.685,   -0.082,    1.549,    0.848,    0.992,    2.115,    1.658,    0.484, 
   0.590,    0.868,    0.406,    1.541,    3.005,    0.241,    0.817,    2.851,    1.970, 
   1.055,    0.757,    1.396,    1.028,    2.281,    1.184,    0.168,    1.405,    0.534, 
  -0.100,   -0.664,    0.714,    0.847,    1.085,    0.016,    0.141,   -0.636,    0.071, 
  -0.191,    0.856,    0.949,   -0.091,    1.531,   -0.404,    2.149,    0.921,    1.481, 
   0.418,    1.765,    2.090,    1.997,    0.312,    0.633,   -1.342,   -0.204,   -0.908, 
   0.479,   -0.749,    0.413,    1.948,    1.512,   -0.633,   -0.458,    1.340,    0.687, 
  -1.051,    0.748,    0.641,   -1.974,    1.838,   -1.059,    1.203,    1.028,    1.244, 
  -1.441,   -2.467,   -1.572,   -0.684,    0.227,   -0.695,   -0.530,    0.069,   -2.158, 
  -2.017,   -0.689,   -0.964,    0.414,    1.556,   -0.961,    2.719,    1.217,    2.206, 
  -0.290,    1.717,   -1.279,    0.378,    1.733,    0.069,   -2.070,   -1.353,   -0.773, 
  -2.056,   -1.137,   -1.869,   -2.636,   -0.378,   -2.249,   -1.453,    0.701,   -0.553, 
   0.893,   -2.207,    0.933,    2.191,    1.173,    1.773,    1.886,    1.226,    0.765, 
   1.201,    0.270,   -0.040,    0.562,    1.710,   -0.811,    0.011,    0.071,   -0.884, 
   2.158,    1.081,    0.562,    1.329,    1.111,    0.435,    1.922,    1.612,    1.624, 
   0.184,   -1.153,    0.060,    1.593,    1.014,    0.187,   -0.621,   -0.919,   -0.472, 
   0.510,   -0.456,   -0.175,   -1.361,    0.860,   -1.662,    0.550,    0.425,    0.458, 
  -1.303,    0.016,    0.412,    0.905,    2.129,    1.462,    2.170,    2.529,    1.851, 
   0.798,    1.440,    1.150,    1.303,    1.922,   -0.878,    2.453,    0.229,    0.964, 
   0.098,   -0.497,   -0.975,   -0.400,    3.089,    0.758,    1.641,    2.176,    2.276, 
   1.629,    0.751,   -0.133,    0.577,    2.336,    0.188,   -0.386,    0.165,    0.513, 
   1.094,    1.586,   -0.180,    1.624,    1.815,    1.771,    0.776,    1.213,    1.021, 
  -0.777,   -1.828,   -1.351,    1.696,    2.087,    0.420,   -0.159,    0.445,    0.910, 
  -1.823,   -0.118,    0.022,    1.159,    1.718,    1.751,    0.019,    0.065,   -0.205, 
   1.651,   -0.352,    0.068,    2.435,    2.361,    0.335,    0.932,    1.290,    1.465, 
   0.411,    0.784,   -0.069,   -0.122,    1.365,   -0.874,    2.075,    1.644,    0.570, 
  -1.733,   -0.324,    0.258,    2.187,    1.594,   -0.130,    0.540,    1.647,    2.553, 
  -0.758,    0.395,   -0.018,    1.145,    0.362,    0.497,   -0.925,   -1.175,   -0.229, 
   3.256,    2.654,    2.002,    1.651,    2.386,    0.604,    4.205,    3.811,    3.920, 
   0.774,    0.267,    0.200,    1.974,    3.023,    0.250,   -0.297,    0.589,    0.247, 
   0.613,    0.998,    1.123,    2.170,    2.375,   -0.006,   -0.037,    0.804,    0.843, 
  -1.564,   -2.243,   -2.232,    0.562,    1.927,    0.577,    2.185,    1.226,    0.958, 
   0.383,    0.052,    1.280,   -0.027,    3.208,   -0.556,    0.633,    1.168,    0.818, 
   0.836,    1.243,   -0.215,    0.355,    1.001,   -0.001,   -0.077,    0.509,    0.298, 
   1.565,   -0.029,    2.277,    0.388,    1.958,    0.423,    0.850,    0.509,    1.081, 
   1.474,    0.115,    1.345,   -0.259,    1.389,   -0.644,    2.416,    1.631,    1.193, 
  -2.202,   -0.847,    0.217,    0.013,    0.411,    0.513,    1.182,    1.995,    0.638, 
   1.108,    2.001,   -0.944,    2.414,    1.859,    1.995,   -1.249,   -0.769,   -0.243, 
   1.441,    1.779,    1.411,    1.194,    2.211,    0.982,    2.378,    1.466,    3.326, 
   0.982,    0.084,    0.683,    1.830,    1.917,    0.935,    1.113,    0.738,    1.046, 
   1.559,    0.662,    1.270,    0.704,    2.839,    0.352,    0.111,    0.779,   -0.766, 
   1.029,    0.016,   -0.472,   -0.433,    1.009,    1.246,    1.583,    2.638,    0.333, 
   1.314,   -0.074,    0.309,   -0.189,    1.184,   -0.776,   -0.040,    0.156,   -0.748, 
   0.783,    0.339,    1.180,    0.696,    1.681,    0.928,    1.913,    2.305,    2.189, 
   0.354,   -0.677,   -0.891,    0.947,    1.710,   -0.572,    2.415,    1.682,    1.833, 
  -2.559,   -2.161,   -2.656,   -2.108,    0.660,   -2.669,   -0.411,   -1.472,   -1.169, 
   0.029,    0.166,   -0.361,   -0.583,    2.044,   -0.209,   -0.405,    1.356,   -0.465, 
   1.841,    1.611,    1.610,    1.776,    1.463,    1.274,    0.893,    0.323,    0.047, 
   0.093,   -1.699,   -0.229,   -1.135,    1.542,   -2.151,    0.993,    1.700,    0.432, 
   0.724,    0.713,    1.429,    0.998,    2.388,    0.641,    0.978,    1.647,    0.355, 
   0.119,   -0.194,    0.439,   -0.025,    1.293,   -0.040,    0.154,    1.224,    0.589, 
   0.629,   -0.054,    0.519,   -0.398,    1.905,   -0.001,    2.479,    2.830,    3.056, 
  -1.850,   -0.660,   -0.624,    0.852,    3.143,   -0.226,    1.363,    2.024,    1.582, 
  -0.336,   -0.188,    0.428,    0.920,    2.016,    2.017,    1.715,    0.501,    1.615, 
   1.333,    0.783,    1.980,    1.226,    2.844,    1.509,    0.875,    0.994,    1.186, 
  -2.964,   -1.374,   -0.511,   -2.535,    0.757,   -0.357,   -0.928,    0.804,   -0.570, 
   1.825,    2.162,    2.424,    2.620,    2.388,   -1.453,    1.079,    0.552,    0.135, 
   1.026,    1.347,    2.140,    0.232,    1.593,    0.270,    2.102,    1.895,    2.876, 
  -1.366,   -2.260,   -1.936,   -0.117,    0.015,   -1.014,    0.102,    0.284,    0.094, 
   2.342,    2.491,    1.248,    2.060,    1.296,   -0.251,    0.493,    0.742,    1.522, 
   0.552,    0.040,   -1.619,   -0.510,    0.988,    0.182,   -2.015,   -1.645,   -1.653, 
  -0.297,   -0.967,   -0.720,    0.076,    0.843,    0.437,    2.033,   -0.364,    1.106, 
   2.687,    2.331,    2.451,    3.096,    3.930,    0.771,    0.007,   -0.722,    0.530, 
  -0.945,   -0.001,    0.554,    1.215,    1.055,    1.830,   -0.267,    0.846,    1.395, 
  -0.514,   -0.226,    0.149,    1.270,    0.748,   -0.203,    1.084,    1.848,    2.444, 
   2.055,    1.578,    1.194,    1.621,    2.518,   -0.505,   -0.970,   -0.998,    1.016, 
   1.752,    1.657,    0.154,   -0.663,    1.586,   -1.206,    0.162,    1.261,    1.700, 
   2.554,    1.884,    1.705,   -0.467,    1.098,    0.011,    2.562,    0.724,    1.931, 
   1.504,    1.019,    0.770,    2.157,    1.252,   -0.730,    2.172,    0.820,    1.222, 
  -2.634,   -1.781,   -0.585,   -0.843,    0.409,   -0.418,    0.561,    0.471,   -0.131, 
  -1.314,   -0.879,    0.336,   -1.459,    0.390,   -0.438,    2.598,    0.373,    1.496, 
  -1.089,   -0.146,    0.216,   -0.267,    0.787,   -1.871,    2.830,    1.125,    2.499, 
  -0.858,    0.993,   -0.139,    0.861,    0.546,    0.755,    0.741,    0.519,    0.254, 
  -0.581,    0.253,    0.722,   -0.423,   -0.368,   -1.525,    1.209,    1.079,    2.366, 
   1.200,    1.906,    1.731,    1.870,    1.389,   -0.161,    3.163,    1.850,    1.743, 
   0.546,    0.929,   -0.261,   -0.195,    3.001,   -0.665,    1.614,    1.540,    0.141, 
   0.540,    1.209,    1.425,    0.994,    1.315,    1.493,   -0.240,    1.395,    1.063, 
  -0.238,    0.735,    0.525,    0.434,    2.432,    0.131,    0.885,    1.018,   -0.402, 
  -0.597,   -0.771,   -1.133,    1.210,    1.685,    0.241,    1.524,    1.462,    0.236, 
  -1.850,   -0.941,   -2.349,    0.305,    1.159,   -0.367,    0.587,    2.438,    0.745, 
  -0.916,   -2.771,   -2.050,    0.005,    2.812,   -2.106,   -1.369,    0.271,   -0.292, 
  -0.763,   -0.190,    0.211,   -0.741,    1.089,   -0.777,    0.911,    0.089,    0.178, 
   0.258,    0.898,    1.746,    0.486,    1.380,    0.935,    2.971,    2.775,    1.137, 
  -2.974,   -2.925,   -1.639,   -1.436,   -0.236,   -2.436,    0.345,    0.542,    0.315, 
   0.232,   -0.433,   -0.458,    1.829,    2.753,    0.448,    3.150,    2.556,    2.080, 
   0.360,   -1.121,   -2.053,   -0.495,    1.083,    0.018,    0.465,    0.227,    2.532, 
   0.162,    0.756,   -0.571,    1.384,    1.957,   -0.276,    1.712,    1.967,    1.891, 
   1.342,    0.983,    0.882,   -0.340,    2.708,    0.237,    0.967,    1.881,    0.108, 
   0.017,    0.096,    0.091,   -0.445,    1.439,   -0.225,    2.903,    1.916,    3.556, 
   1.004,    0.644,    0.214,    1.557,    0.795,   -0.348,    2.332,    1.309,    1.512, 
   1.330,   -0.518,    0.242,    0.248,    3.254,    0.638,    2.280,    0.998,    0.964, 
  -0.697,    1.827,    1.159,    0.508,    0.863,   -0.015,    1.423,    1.402,    1.943, 
   1.238,    1.615,    3.983,    1.114,    1.144,    0.703,    1.666,    0.724,    1.465, 
   0.520,    0.756,   -0.526,    0.648,    0.834,    0.011,    1.441,    2.382,    1.447, 
   2.050,    1.138,    2.573,    1.868,    0.842,    1.755,    0.590,    1.576,    1.908, 
  -1.036,    0.631,   -0.061,    0.510,    2.309,    1.014,    2.355,    1.092,    2.409, 
  -0.309,    0.288,    0.029,    1.162,    3.680,    1.104,    0.085,    0.661,    0.031, 
   2.694,    1.798,    2.838,    1.919,    1.257,    0.524,    2.828,    1.764,    2.092, 
  -1.962,   -1.727,    0.248,    0.231,    0.662,   -1.184,    1.692,    0.895,    0.645, 
  -0.488,   -0.755,    0.930,    0.625,    0.927,    0.410,    0.215,   -0.116,   -0.554, 
   0.960,    1.037,   -0.054,    1.496,    2.384,   -0.656,    2.057,   -0.053,    0.520, 
  -1.792,   -0.630,   -0.158,   -0.038,    1.885,    0.275,   -0.775,   -0.327,    0.691, 
  -0.729,    0.652,   -0.872,    0.727,    2.114,   -0.579,    1.427,    2.961,    3.359, 
   1.766,    0.217,    1.063,    1.974,    2.643,    0.598,    1.866,    3.015,    1.322, 
  -0.658,   -0.232,   -0.498,   -0.054,    0.306,   -0.214,    0.579,   -0.074,    0.164, 
   0.218,   -1.985,   -0.712,    0.754,    2.393,    0.153,    0.135,    0.256,    0.350, 
   2.000,    0.124,    0.697,    0.189,    1.675,    0.393,    1.596,   -0.123,    1.672, 
   0.490,    1.531,    0.015,    0.817,    2.128,    0.316,    1.414,    1.499,    1.737, 
  -0.767,   -1.774,   -0.825,   -1.119,   -0.633,   -0.565,   -0.640,    0.360,   -2.064, 
  -2.001,   -0.946,   -0.264,    2.124,    1.728,   -0.415,    3.393,    1.865,    3.201, 
  -0.943,   -2.517,   -1.687,   -1.125,    0.713,   -0.503,    0.259,    0.301,   -0.601, 
   0.509,    1.415,    1.077,    0.025,    1.895,    0.793,    4.669,    3.829,    4.287, 
  -0.210,    0.518,   -0.286,    0.291,    0.575,   -0.291,    0.041,   -0.488,    1.531, 
  -0.741,   -0.091,   -0.941,    1.694,    1.121,   -0.317,   -0.717,    0.829,    0.071, 
   1.612,    1.427,   -0.515,    0.778,    1.982,    0.026,    2.227,    2.900,    2.025, 
  -0.083,   -1.265,   -0.524,   -1.585,    1.107,   -0.574,    1.842,    1.194,    1.604, 
  -0.391,    0.219,   -0.791,   -0.178,    1.855,   -0.326,   -0.722,    0.018,   -1.309, 
   2.832,    1.552,    1.632,    1.148,    1.117,   -0.604,    2.419,    2.470,    2.157, 
  -1.610,   -2.082,   -0.744,   -2.251,   -0.119,   -1.719,    0.192,    1.497,    0.860, 
   1.588,   -0.995,   -0.768,    0.526,    1.725,   -0.437,    1.159,    1.834,    1.787, 
   0.462,   -0.738,    1.401,    0.091,    0.751,   -0.422,    2.778,    2.143,    1.105, 
  -0.920,   -1.276,   -1.339,    0.180,    2.342,   -1.018,   -0.746,    0.039,   -0.644, 
   1.070,    0.779,    0.889,    1.309,    3.275,   -1.068,    1.620,    1.310,    1.937, 
   2.000,    0.463,    0.527,    2.044,   -0.098,    0.906,    0.333,    2.287,    0.745, 
  -1.961,   -0.958,    0.704,   -0.427,    1.388,   -1.902,    2.479,    1.097,    1.172, 
   1.347,   -0.429,    0.236,    0.651,   -0.760,   -0.443,    2.428,    1.749,    0.078, 
   2.110,    1.016,   -0.012,    0.589,    1.496,    0.504,    1.125,    0.487,    1.032, 
  -2.097,   -1.268,   -2.775,   -1.823,    2.059,   -0.466,    1.170,    2.118,   -0.428, 
  -0.335,    0.496,   -0.649,    0.406,    1.129,   -0.970,    0.424,    0.000,   -0.207, 
   1.636,    1.859,    2.689,    0.359,    1.857,    0.811,    2.776,    2.037,    2.331, 
   0.180,   -0.248,    0.233,    1.615,    2.861,   -0.511,   -0.624,   -0.865,    0.956, 
   0.543,    0.556,    0.791,    1.717,    0.641,   -0.195,   -0.443,    0.607,   -0.447, 
   1.374,   -0.198,    0.837,    0.824,    1.823,    0.081,    1.038,    0.201,    0.795, 
  -2.291,   -1.172,   -1.229,   -0.040,    0.234,    0.189,    2.138,    0.761,    2.009, 
   1.613,    1.401,    1.829,    0.917,    2.190,   -0.700,    0.307,    1.071,    1.036, 
   1.476,    0.224,    0.391,    0.705,    1.902,    0.530,    1.066,    2.710,    0.858, 
  -1.732,   -0.633,   -0.927,   -1.058,    2.436,    0.330,   -0.446,   -0.281,   -0.064, 
   1.968,   -0.419,    1.165,    1.144,    0.472,    1.672,    2.316,    1.883,    1.892, 
  -0.417,   -1.383,    1.040,    0.018,    0.778,    1.598,   -0.341,   -0.193,   -0.367, 
   0.481,    1.284,    0.854,    2.833,    2.172,    0.374,   -0.156,    0.432,    1.054, 
   0.801,    1.387,    0.558,   -0.510,    1.725,    0.916,    1.373,    0.693,    1.337, 
   3.513,    1.016,    1.227,    2.374,    2.037,    0.303,    1.578,    0.862,    0.024, 
  -2.268,   -1.273,   -0.136,    0.436,    1.460,   -0.932,   -0.974,    0.876,    0.284, 
   1.313,   -0.413,    0.445,   -0.181,    1.801,    0.547,    0.177,   -0.912,    0.444, 
  -0.661,   -1.144,   -0.372,   -0.565,    1.455,   -0.784,    1.268,   -0.316,    2.532 