1001	8606.0
1002	8695.0
1003	8703.0
1004	8664.0
1005	8676.0
1006	8538.0
1007	8662.0
1008	8628.0
1009	8593.0
1010	8579.0
1011	8560.0
1012	8567.0
1013	8580.0
1014	8676.0
1015	8639.0
1016	8606.0
1017	8549.0
1018	8543.0
1019	8590.0
1020	8528.0
1021	8543.0
1022	8643.0
1023	8599.0
1024	8544.0
1025	8589.0
1026	8645.0
1027	8635.0
1028	8646.0
1029	8614.0
1030	8603.0
1031	8593.0
1032	8434.0
1033	8490.0
1034	8491.0
1035	8494.0
1036	8449.0
1037	8477.0
1038	8511.0
1039	8487.0
1040	8489.0
1041	8524.0
1042	8492.0
1043	8578.0
1044	8569.0
1045	8591.0
1046	8541.0
1047	8516.0
1048	8611.0
1049	8652.0
1050	8692.0
1051	8688.0
1052	8646.0
1053	8607.0
1054	8615.0
1055	8617.0
1056	8586.0
1057	8489.0
1058	8551.0
1059	8494.0
1060	8565.0
1061	8533.0
1062	8495.0
1063	8570.0
1064	8551.0
1065	8569.0
1066	8581.0
1067	8623.0
1068	8632.0
1069	8655.0
1070	8607.0
1071	8582.0
1072	8644.0
1073	8623.0
1074	8621.0
1075	8589.0
1076	8514.0
1077	8572.0
1078	8556.0
1079	8564.0
1080	8619.0
1081	8663.0
1082	8553.0
1083	8556.0
1084	8650.0
1085	8518.0
1086	8437.0
1087	8356.0
1088	8418.0
1089	8484.0
1090	8443.0
1091	8466.0
1092	8571.0
1093	8632.0
1094	8581.0
1095	8568.0
1096	8613.0
1097	8565.0
1098	8424.0
1099	8444.0
1100	8547.0
1101	8575.0
1102	8557.0
1103	8396.0
1104	8461.0
1105	8589.0
1106	8525.0
1107	8481.0
1108	8451.0
1109	8487.0
1110	8494.0
1111	8570.0
1112	8565.0
1113	8563.0
1114	8564.0
1115	8547.0
1116	8659.0
1117	8648.0
1118	8628.0
1119	8609.0
1120	8561.0
1121	8696.0
1122	8619.0
1123	8508.0
1124	8623.0
1125	8593.0
1126	8595.0
1127	8598.0
1128	8555.0
1129	8553.0
1130	8544.0
1131	8521.0
1132	8554.0
1133	8550.0
1134	8556.0
1135	8542.0
1136	8581.0
1137	8646.0
1138	8632.0
1139	8715.0
1140	8637.0
1141	8643.0
1142	8626.0
1143	8564.0
1144	8599.0
1145	8551.0
1146	8546.0
1147	8575.0
1148	8648.0
1149	8584.0
1150	8620.0
1151	8687.0
1152	8722.0
1153	8620.0
1154	8497.0
1155	8606.0
1156	8522.0
1157	8612.0
1158	8596.0
1159	8639.0
1160	8572.0
1161	8546.0
1162	8503.0
1163	8438.0
1164	8530.0
1165	8519.0
1166	8618.0
1167	8664.0
1168	8581.0
1169	8500.0
1170	8447.0
1171	8541.0
1172	8472.0
1173	8430.0
1174	8382.0
1175	8425.0
1176	8511.0
1177	8583.0
1178	8532.0
1179	8490.0
1180	8571.0
1181	8634.0
1182	8610.0
1183	8701.0
1184	8627.0
1185	8604.0
1186	8535.0
1187	8521.0
1188	8549.0
1189	8614.0
1190	8547.0
1191	8522.0
1192	8610.0
1193	8652.0
1194	8622.0
1195	8505.0
1196	8470.0
1197	8493.0
1198	8583.0
1199	8540.0
1200	8539.0
1201	8524.0
1202	8507.0
1203	8581.0
1204	8541.0
1205	8576.0
1206	8601.0
1207	8598.0
1208	8566.0
1209	8520.0
1210	8548.0
1211	8558.0
1212	8603.0
1213	8621.0
1214	8627.0
1215	8602.0
1216	8621.0
1217	8622.0
1218	8556.0
1219	8702.0
1220	8634.0
1221	8530.0
1222	8537.0
1223	8627.0
1224	8569.0
1225	8645.0
1226	8624.0
1227	8635.0
1228	8651.0
1229	8651.0
1230	8737.0
1231	8688.0
1232	8595.0
1233	8598.0
1234	8600.0
1235	8614.0
1236	8609.0
1237	8636.0
1238	8551.0
1239	8632.0
1240	8588.0
1241	8643.0
1242	8645.0
1243	8575.0
1244	8478.0
1245	8601.0
1246	8627.0
1247	8630.0
1248	8569.0
1249	8623.0
1250	8601.0
1251	8602.0
1252	8590.0
1253	8526.0
1254	8548.0
1255	8516.0
1256	8597.0
1257	8557.0
1258	8495.0
1259	8571.0
1260	8531.0
1261	8547.0
1262	8488.0
1263	8543.0
1264	8568.0
1265	8545.0
1266	8514.0
1267	8470.0
1268	8514.0
1269	8469.0
1270	8639.0
1271	8699.0
1272	8601.0
1273	8565.0
1274	8626.0
1275	8620.0
1276	8579.0
1277	8636.0
1278	8647.0
1279	8655.0
1280	8707.0
1281	8834.0
1282	8618.0
1283	8649.0
1284	8712.0
1285	8671.0
1286	8662.0
1287	8738.0
1288	8701.0
1289	8656.0
1290	8653.0
1291	8618.0
1292	8569.0
1293	8632.0
1294	8589.0
1295	8609.0
1296	8560.0
1297	8570.0
1298	8584.0
1299	8475.0
1300	8516.0
1301	8632.0
1302	8537.0
1303	8442.0
1304	8527.0
1305	8560.0
1306	8574.0
1307	8590.0
1308	8530.0
1309	8536.0
1310	8547.0
1311	8557.0
1312	8596.0
1313	8566.0
1314	8562.0
1315	8608.0
1316	8584.0
1317	8555.0
1318	8693.0
1319	8576.0
1320	8635.0
1321	8695.0
1322	8621.0
1323	8668.0
1324	8694.0
1325	8601.0
1326	8600.0
1327	8679.0
1328	8653.0
1329	8651.0
1330	8600.0
1331	8620.0
1332	8654.0
1333	8582.0
1334	8596.0
1335	8619.0
1336	8668.0
1337	8738.0
1338	8638.0
1339	8704.0
1340	8693.0
1341	8667.0
1342	8687.0
1343	8679.0
1344	8617.0
1345	8634.0
1346	8577.0
1347	8515.0
1348	8438.0
1349	8450.0
1350	8496.0
1351	8623.0
1352	8563.0
1353	8506.0
1354	8499.0
1355	8515.0
1356	8580.0
1357	8567.0
1358	8656.0
1359	8664.0
1360	8636.0
1361	8552.0
1362	8559.0
1363	8544.0
1364	8534.0
1365	8547.0
1366	8505.0
1367	8484.0
1368	8551.0
1369	8607.0
1370	8614.0
1371	8582.0
1372	8659.0
1373	8582.0
1374	8599.0
1375	8525.0
1376	8516.0
1377	8511.0
1378	8544.0
1379	8407.0
1380	8440.0
1381	8538.0
1382	8537.0
1383	8543.0
1384	8548.0
1385	8475.0
1386	8455.0
1387	8546.0
1388	8561.0
1389	8586.0
1390	8614.0
1391	8650.0
1392	8632.0
1393	8627.0
1394	8619.0
1395	8684.0
1396	8760.0
1397	8630.0
1398	8641.0
1399	8675.0
1400	8558.0
1401	8577.0
1402	8581.0
1403	8532.0
1404	8510.0
1405	8427.0
1406	8474.0
1407	8486.0
1408	8518.0
1409	8530.0
1410	8516.0
1411	8490.0
1412	8475.0
1413	8553.0
1414	8506.0
1415	8582.0
1416	8600.0
1417	8520.0
1418	8512.0
1419	8541.0
1420	8587.0
1421	8627.0
1422	8623.0
1423	8527.0
1424	8506.0
1425	8476.0
1426	8569.0
1427	8499.0
1428	8475.0
1429	8491.0
1430	8538.0
1431	8437.0
1432	8407.0
1433	8414.0
1434	8480.0
1435	8566.0
1436	8547.0
1437	8517.0
1438	8515.0
1439	8545.0
1440	8519.0
1441	8438.0
1442	8498.0
1443	8498.0
1444	8494.0
1445	8642.0
1446	8655.0
1447	8640.0
1448	8538.0
1449	8546.0
1450	8598.0
1451	8573.0
1452	8568.0
1453	8508.0
1454	8535.0
1455	8570.0
1456	8576.0
1457	8553.0
1458	8498.0
1459	8465.0
1460	8445.0
1461	8471.0
1462	8492.0
1463	8464.0
1464	8501.0
1465	8529.0
1466	8478.0
1467	8524.0
1468	8607.0
1469	8548.0
1470	8602.0
1471	8496.0
1472	8532.0
1473	8534.0
1474	8577.0
1475	8509.0
1476	8584.0
1477	8541.0
1478	8558.0
1479	8625.0
1480	8732.0
1481	8701.0
1482	8742.0
1483	8656.0
1484	8596.0
1485	8576.0
1486	8637.0
1487	8570.0
1488	8613.0
1489	8663.0
1490	8654.0
1491	8632.0
1492	8575.0
1493	8565.0
1494	8680.0
1495	8621.0
1496	8562.0
1497	8613.0
1498	8657.0
1499	8644.0
1500	8583.0
1501	8521.0
1502	8533.0
1503	8544.0
1504	8519.0
1505	8490.0
1506	8490.0
1507	8410.0
1508	8514.0
1509	8429.0
1510	8464.0
1511	8388.0
1512	8438.0
1513	8489.0
1514	8508.0
1515	8530.0
1516	8571.0
1517	8551.0
1518	8567.0
1519	8528.0
1520	8505.0
1521	8526.0
1522	8509.0
1523	8497.0
1524	8579.0
1525	8539.0
1526	8496.0
1527	8463.0
1528	8607.0
1529	8462.0
1530	8589.0
1531	8597.0
1532	8554.0
1533	8517.0
1534	8463.0
1535	8578.0
1536	8569.0
1537	8648.0
1538	8623.0
1539	8670.0
1540	8710.0
1541	8607.0
1542	8589.0
1543	8508.0
1544	8518.0
1545	8572.0
1546	8606.0
1547	8603.0
1548	8525.0
1549	8516.0
1550	8510.0
1551	8508.0
1552	8544.0
1553	8466.0
1554	8442.0
1555	8435.0
1556	8522.0
1557	8570.0
1558	8544.0
1559	8554.0
1560	8646.0
1561	8660.0
1562	8660.0
1563	8600.0
1564	8556.0
1565	8602.0
1566	8603.0
1567	8502.0
1568	8495.0
1569	8432.0
1570	8447.0
1571	8384.0
1572	8423.0
1573	8471.0
1574	8521.0
1575	8545.0
1576	8552.0
1577	8487.0
1578	8425.0
1579	8538.0
1580	8549.0
1581	8470.0
1582	8553.0
1583	8557.0
1584	8510.0
1585	8631.0
1586	8507.0
1587	8495.0
1588	8570.0
1589	8490.0
1590	8535.0
1591	8625.0
1592	8531.0
1593	8515.0
1594	8592.0
1595	8539.0
1596	8600.0
1597	8537.0
1598	8699.0
1599	8658.0
1600	8565.0
1601	8601.0
1602	8527.0
1603	8586.0
1604	8659.0
1605	8548.0
1606	8556.0
1607	8589.0
1608	8600.0
1609	8540.0
1610	8600.0
1611	8602.0
1612	8517.0
1613	8493.0
1614	8471.0
1615	8537.0
1616	8539.0
1617	8545.0
1618	8523.0
1619	8646.0
1620	8607.0
1621	8631.0
1622	8627.0
1623	8530.0
1624	8604.0
1625	8513.0
1626	8589.0
1627	8634.0
1628	8651.0
1629	8628.0
1630	8666.0
1631	8577.0
1632	8499.0
1633	8485.0
1634	8487.0
1635	8509.0
1636	8667.0
1637	8668.0
1638	8665.0
1639	8687.0
1640	8568.0
1641	8567.0
1642	8536.0
1643	8606.0
1644	8587.0
1645	8554.0
1646	8585.0
1647	8569.0
1648	8364.0
1649	8477.0
1650	8435.0
1651	8485.0
1652	8533.0
1653	8516.0
1654	8589.0
1655	8566.0
1656	8593.0
1657	8519.0
1658	8564.0
1659	8563.0
1660	8616.0
1661	8570.0
1662	8588.0
1663	8575.0
1664	8594.0
1665	8698.0
1666	8622.0
1667	8645.0
1668	8679.0
1669	8733.0
1670	8599.0
1671	8633.0
1672	8645.0
1673	8624.0
1674	8531.0
1675	8504.0
1676	8498.0
1677	8572.0
1678	8598.0
1679	8493.0
1680	8577.0
1681	8485.0
1682	8582.0
1683	8564.0
1684	8550.0
1685	8534.0
1686	8550.0
1687	8644.0
1688	8666.0
1689	8600.0
1690	8571.0
1691	8613.0
1692	8529.0
1693	8619.0
1694	8599.0
1695	8512.0
1696	8566.0
1697	8587.0
1698	8642.0
1699	8560.0
1700	8565.0
1701	8488.0
1702	8588.0
1703	8525.0
1704	8510.0
1705	8542.0
1706	8602.0
1707	8531.0
1708	8568.0
1709	8506.0
1710	8528.0
1711	8508.0
1712	8482.0
1713	8442.0
1714	8428.0
1715	8556.0
1716	8466.0
1717	8438.0
1718	8405.0
1719	8445.0
1720	8478.0
1721	8583.0
1722	8569.0
1723	8594.0
1724	8561.0
1725	8534.0
1726	8564.0
1727	8624.0
1728	8574.0
1729	8608.0
1730	8657.0
1731	8581.0
1732	8566.0
1733	8658.0
1734	8545.0
1735	8590.0
1736	8679.0
1737	8762.0
1738	8656.0
1739	8623.0
1740	8731.0
1741	8757.0
1742	8544.0
1743	8656.0
1744	8684.0
1745	8665.0
1746	8586.0
1747	8647.0
1748	8629.0
1749	8553.0
1750	8582.0
1751	8597.0
1752	8505.0
1753	8598.0
1754	8572.0
1755	8579.0
1756	8525.0
1757	8540.0
1758	8580.0
1759	8581.0
1760	8542.0
1761	8604.0
1762	8551.0
1763	8543.0
1764	8528.0
1765	8553.0
1766	8541.0
1767	8565.0
1768	8575.0
1769	8602.0
1770	8589.0
1771	8584.0
1772	8611.0
1773	8627.0
1774	8654.0
1775	8615.0
1776	8609.0
1777	8549.0
1778	8479.0
1779	8528.0
1780	8520.0
1781	8543.0
1782	8570.0
1783	8577.0
1784	8599.0
1785	8561.0
1786	8559.0
1787	8641.0
1788	8631.0
1789	8637.0
1790	8656.0
1791	8632.0
1792	8629.0
1793	8592.0
1794	8665.0
1795	8565.0
1796	8518.0
1797	8556.0
1798	8613.0
1799	8615.0
1800	8671.0
1801	8681.0
1802	8581.0
1803	8574.0
1804	8600.0
1805	8550.0
1806	8534.0
1807	8499.0
1808	8519.0
1809	8587.0
1810	8565.0
1811	8484.0
1812	8513.0
1813	8502.0
1814	8500.0
1815	8455.0
1816	8517.0
1817	8507.0
1818	8447.0
1819	8467.0
1820	8503.0
1821	8495.0
1822	8498.0
1823	8474.0
1824	8479.0
1825	8479.0
1826	8545.0
1827	8509.0
1828	8579.0
1829	8570.0
1830	8479.0
1831	8493.0
1832	8477.0
1833	8523.0
1834	8534.0
1835	8625.0
1836	8546.0
1837	8532.0
1838	8608.0
1839	8601.0
1840	8643.0
1841	8574.0
1842	8473.0
1843	8506.0
1844	8602.0
1845	8601.0
1846	8601.0
1847	8579.0
1848	8631.0
1849	8523.0
1850	8496.0
1851	8441.0
1852	8588.0
1853	8486.0
1854	8507.0
1855	8558.0
1856	8458.0
1857	8574.0
1858	8461.0
1859	8523.0
1860	8552.0
1861	8507.0
1862	8522.0
1863	8580.0
1864	8531.0
1865	8528.0
1866	8500.0
1867	8535.0
1868	8578.0
1869	8568.0
1870	8551.0
1871	8579.0
1872	8539.0
1873	8577.0
1874	8593.0
1875	8499.0
1876	8535.0
1877	8517.0
1878	8553.0
1879	8599.0
1880	8454.0
1881	8487.0
1882	8578.0
1883	8536.0
1884	8526.0
1885	8483.0
1886	8539.0
1887	8549.0
1888	8486.0
1889	8480.0
1890	8457.0
1891	8562.0
1892	8557.0
1893	8561.0
1894	8580.0
1895	8641.0
1896	8728.0
1897	8662.0
1898	8620.0
1899	8669.0
1900	8638.0
1901	8693.0
1902	8665.0
1903	8649.0
1904	8638.0
1905	8548.0
1906	8554.0
1907	8645.0
1908	8671.0
1909	8602.0
1910	8555.0
1911	8571.0
1912	8528.0
1913	8433.0
1914	8382.0
1915	8494.0
1916	8469.0
1917	8564.0
1918	8583.0
1919	8535.0
1920	8549.0
1921	8636.0
1922	8576.0
1923	8561.0
1924	8606.0
1925	8646.0
1926	8596.0
1927	8635.0
1928	8611.0
1929	8605.0
1930	8613.0
1931	8567.0
1932	8565.0
1933	8481.0
1934	8618.0
1935	8554.0
1936	8599.0
1937	8585.0
1938	8627.0
1939	8559.0
1940	8582.0
1941	8619.0
1942	8626.0
1943	8678.0
1944	8664.0
1945	8684.0
1946	8600.0
1947	8553.0
1948	8566.0
1949	8522.0
1950	8439.0
1951	8470.0
1952	8519.0
1953	8497.0
1954	8569.0
1955	8546.0
1956	8520.0
1957	8525.0
1958	8607.0
1959	8604.0
1960	8611.0
1961	8546.0
1962	8651.0
1963	8535.0
1964	8566.0
1965	8561.0
1966	8539.0
1967	8559.0
1968	8533.0
1969	8631.0
1970	8526.0
1971	8514.0
1972	8465.0
1973	8499.0
1974	8540.0
1975	8555.0
1976	8534.0
1977	8544.0
1978	8524.0
1979	8573.0
1980	8557.0
1981	8522.0
1982	8536.0
1983	8553.0
1984	8479.0
1985	8529.0
1986	8569.0
1987	8552.0
1988	8612.0
1989	8619.0
1990	8542.0
1991	8617.0
1992	8607.0
1993	8568.0
1994	8581.0
1995	8532.0
1996	8536.0
1997	8526.0
1998	8478.0
1999	8590.0
2000	8521.0
2001	8441.0
2002	8531.0
2003	8553.0
2004	8526.0
2005	8519.0
2006	8401.0
2007	8439.0
2008	8531.0
2009	8551.0
2010	8645.0
2011	8621.0
2012	8621.0
2013	8609.0
2014	8591.0
2015	8484.0
2016	8527.0
2017	8621.0
2018	8574.0
2019	8538.0
2020	8492.0
2021	8504.0
2022	8554.0
2023	8507.0
2024	8502.0
2025	8518.0
2026	8528.0
2027	8452.0
2028	8464.0
2029	8499.0
2030	8503.0
2031	8531.0
2032	8485.0
2033	8535.0
2034	8647.0
2035	8546.0
2036	8574.0
2037	8626.0
2038	8567.0
2039	8489.0
2040	8572.0
2041	8541.0
2042	8514.0
2043	8498.0
2044	8472.0
2045	8423.0
2046	8482.0
2047	8529.0
2048	8443.0
2049	8584.0
2050	8701.0
2051	8612.0
2052	8666.0
2053	8577.0
2054	8538.0
2055	8456.0
2056	8468.0
2057	8501.0
2058	8521.0
2059	8512.0
2060	8599.0
2061	8535.0
2062	8515.0
2063	8490.0
2064	8580.0
2065	8726.0
2066	8658.0
2067	8650.0
2068	8602.0
2069	8691.0
2070	8602.0
2071	8515.0
2072	8491.0
2073	8457.0
2074	8556.0
2075	8545.0
2076	8466.0
2077	8544.0
2078	8603.0
2079	8649.0
2080	8556.0
2081	8534.0
2082	8452.0
2083	8462.0
2084	8435.0
2085	8540.0
2086	8533.0
2087	8481.0
2088	8443.0
2089	8523.0
2090	8567.0
2091	8602.0
2092	8562.0
2093	8541.0
2094	8627.0
2095	8539.0
2096	8472.0
2097	8561.0
2098	8578.0
2099	8582.0
2100	8496.0
2101	8474.0
2102	8515.0
2103	8558.0
2104	8594.0
2105	8529.0
2106	8595.0
2107	8626.0
2108	8574.0
2109	8478.0
2110	8387.0
2111	8469.0
2112	8515.0
2113	8517.0
2114	8551.0
2115	8597.0
2116	8579.0
2117	8601.0
2118	8655.0
2119	8653.0
2120	8617.0
2121	8629.0
2122	8547.0
2123	8528.0
2124	8529.0
2125	8477.0
2126	8561.0
2127	8503.0
2128	8543.0
2129	8613.0
2130	8713.0
2131	8661.0
2132	8765.0
2133	8692.0
2134	8623.0
2135	8634.0
2136	8646.0
2137	8653.0
2138	8579.0
2139	8644.0
2140	8687.0
2141	8618.0
2142	8630.0
2143	8526.0
2144	8484.0
2145	8544.0
2146	8495.0
2147	8593.0
2148	8654.0
2149	8629.0
2150	8528.0
2151	8441.0
2152	8434.0
2153	8460.0
2154	8451.0
2155	8410.0
2156	8342.0
2157	8389.0
2158	8326.0
2159	8424.0
2160	8427.0
2161	8465.0
2162	8501.0
2163	8512.0
2164	8421.0
2165	8543.0
2166	8576.0
2167	8506.0
2168	8380.0
2169	8513.0
2170	8467.0
2171	8479.0
2172	8426.0
2173	8442.0
2174	8476.0
2175	8498.0
2176	8498.0
2177	8444.0
2178	8578.0
2179	8538.0
2180	8551.0
2181	8604.0
2182	8654.0
2183	8510.0
2184	8552.0
2185	8497.0
2186	8532.0
2187	8487.0
2188	8402.0
2189	8503.0
2190	8517.0
2191	8441.0
2192	8485.0
2193	8434.0
2194	8434.0
2195	8480.0
2196	8495.0
2197	8487.0
2198	8524.0
2199	8582.0
2200	8517.0
2201	8525.0
2202	8519.0
2203	8465.0
2204	8511.0
2205	8531.0
2206	8488.0
2207	8507.0
2208	8456.0
2209	8531.0
2210	8523.0
2211	8527.0
2212	8538.0
2213	8552.0
2214	8490.0
2215	8537.0
2216	8508.0
2217	8463.0
2218	8440.0
2219	8497.0
2220	8506.0
2221	8497.0
2222	8568.0
2223	8536.0
2224	8486.0
2225	8478.0
2226	8517.0
2227	8489.0
2228	8545.0
2229	8570.0
2230	8661.0
2231	8549.0
2232	8548.0
2233	8612.0
2234	8609.0
2235	8695.0
2236	8674.0
2237	8771.0
2238	8723.0
2239	8767.0
2240	8660.0
2241	8685.0
2242	8591.0
2243	8583.0
2244	8598.0
2245	8527.0
2246	8515.0
2247	8563.0
2248	8542.0
2249	8591.0
2250	8595.0
2251	8599.0
2252	8685.0
2253	8647.0
2254	8563.0
2255	8510.0
2256	8521.0
2257	8533.0
2258	8542.0
2259	8594.0
2260	8611.0
2261	8611.0
2262	8602.0
2263	8574.0
2264	8591.0
2265	8689.0
2266	8664.0
2267	8668.0
2268	8675.0
2269	8625.0
2270	8644.0
2271	8564.0
2272	8539.0
2273	8528.0
2274	8569.0
2275	8640.0
2276	8607.0
2277	8646.0
2278	8508.0
2279	8522.0
2280	8561.0
2281	8596.0
2282	8617.0
2283	8578.0
2284	8599.0
2285	8651.0
2286	8629.0
2287	8523.0
2288	8527.0
2289	8455.0
2290	8547.0
2291	8542.0
2292	8609.0
2293	8626.0
2294	8718.0
2295	8640.0
2296	8651.0
2297	8671.0
2298	8640.0
2299	8587.0
2300	8576.0
2301	8650.0
2302	8626.0
2303	8560.0
2304	8496.0
2305	8514.0
2306	8435.0
2307	8443.0
2308	8398.0
2309	8475.0
2310	8565.0
2311	8463.0
2312	8485.0
2313	8525.0
2314	8571.0
2315	8652.0
2316	8609.0
2317	8494.0
2318	8544.0
2319	8513.0
2320	8452.0
2321	8484.0
2322	8591.0
2323	8598.0
2324	8602.0
2325	8654.0
2326	8586.0
2327	8575.0
2328	8520.0
2329	8536.0
2330	8518.0
2331	8522.0
2332	8551.0
2333	8576.0
2334	8587.0
2335	8499.0
2336	8512.0
2337	8508.0
2338	8542.0
2339	8624.0
2340	8603.0
2341	8592.0
2342	8598.0
2343	8580.0
2344	8653.0
2345	8622.0
2346	8597.0
2347	8596.0
2348	8574.0
2349	8545.0
2350	8524.0
2351	8531.0
2352	8529.0
2353	8435.0
2354	8523.0
2355	8560.0
2356	8574.0
2357	8536.0
2358	8633.0
2359	8533.0
2360	8539.0
2361	8576.0
2362	8618.0
2363	8546.0
2364	8540.0
2365	8613.0
2366	8583.0
2367	8606.0
2368	8540.0
2369	8550.0
2370	8530.0
2371	8546.0
2372	8483.0
2373	8519.0
2374	8516.0
2375	8508.0
2376	8565.0
2377	8579.0
2378	8598.0
2379	8569.0
2380	8590.0
2381	8549.0
2382	8662.0
2383	8653.0
2384	8566.0
2385	8502.0
2386	8549.0
2387	8515.0
2388	8602.0
2389	8609.0
2390	8557.0
2391	8575.0
2392	8472.0
2393	8521.0
2394	8682.0
2395	8632.0
2396	8559.0
2397	8601.0
2398	8544.0
2399	8497.0
2400	8488.0
2401	8516.0
2402	8548.0
2403	8518.0
2404	8500.0
2405	8523.0
2406	8506.0
2407	8564.0
2408	8592.0
2409	8582.0
2410	8568.0
2411	8596.0
2412	8500.0
2413	8566.0
2414	8612.0
2415	8597.0
2416	8521.0
2417	8568.0
2418	8477.0
2419	8462.0
2420	8572.0
2421	8533.0
2422	8551.0
2423	8597.0
2424	8594.0
2425	8479.0
2426	8469.0
2427	8516.0
2428	8629.0
2429	8586.0
2430	8649.0
2431	8531.0
2432	8471.0
2433	8478.0
2434	8442.0
2435	8458.0
2436	8494.0
2437	8545.0
2438	8486.0
2439	8441.0
2440	8497.0
2441	8587.0
2442	8570.0
2443	8498.0
2444	8551.0
2445	8552.0
2446	8552.0
2447	8547.0
2448	8497.0
2449	8529.0
2450	8582.0
2451	8577.0
2452	8630.0
2453	8561.0
2454	8655.0
2455	8528.0
2456	8583.0
2457	8558.0
2458	8558.0
2459	8572.0
2460	8559.0
2461	8611.0
2462	8535.0
2463	8536.0
2464	8615.0
2465	8531.0
2466	8507.0
2467	8596.0
2468	8579.0
2469	8539.0
2470	8605.0
2471	8467.0
2472	8567.0
2473	8494.0
2474	8526.0
2475	8541.0
2476	8494.0
2477	8497.0
2478	8493.0
2479	8463.0
2480	8453.0
2481	8503.0
2482	8518.0
2483	8502.0
2484	8399.0
2485	8463.0
2486	8522.0
2487	8492.0
2488	8415.0
2489	8445.0
2490	8539.0
2491	8574.0
2492	8507.0
2493	8555.0
2494	8523.0
2495	8575.0
2496	8522.0
2497	8568.0
2498	8495.0
2499	8560.0
2500	8642.0
2501	8547.0
2502	8484.0
2503	8464.0
2504	8569.0
2505	8633.0
2506	8578.0
2507	8571.0
2508	8578.0
2509	8522.0
2510	8510.0
2511	8527.0
2512	8485.0
2513	8471.0
2514	8522.0
2515	8483.0
2516	8479.0
2517	8505.0
2518	8513.0
2519	8548.0
2520	8544.0
2521	8518.0
2522	8509.0
2523	8483.0
2524	8528.0
2525	8540.0
2526	8581.0
2527	8624.0
2528	8586.0
2529	8643.0
2530	8535.0
2531	8562.0
2532	8588.0
2533	8551.0
2534	8537.0
2535	8547.0
2536	8576.0
2537	8530.0
2538	8521.0
2539	8556.0
2540	8706.0
2541	8711.0
2542	8707.0
2543	8567.0
2544	8509.0
2545	8565.0
2546	8634.0
2547	8620.0
2548	8600.0
2549	8631.0
2550	8554.0
2551	8579.0
2552	8712.0
2553	8705.0
2554	8621.0
2555	8618.0
2556	8558.0
2557	8559.0
2558	8578.0
2559	8578.0
2560	8605.0
2561	8535.0
2562	8579.0
2563	8561.0
2564	8550.0
2565	8539.0
2566	8536.0
2567	8522.0
2568	8490.0
2569	8448.0
2570	8437.0
2571	8507.0
2572	8506.0
2573	8538.0
2574	8502.0
2575	8521.0
2576	8506.0
2577	8632.0
2578	8592.0
2579	8630.0
2580	8614.0
2581	8626.0
2582	8630.0
2583	8601.0
2584	8566.0
2585	8569.0
2586	8494.0
2587	8475.0
2588	8439.0
2589	8471.0
2590	8547.0
2591	8529.0
2592	8541.0
2593	8486.0
2594	8509.0
2595	8580.0
2596	8589.0
2597	8543.0
2598	8568.0
2599	8496.0
2600	8570.0
2601	8516.0
2602	8531.0
2603	8525.0
2604	8501.0
2605	8512.0
2606	8495.0
2607	8491.0
2608	8539.0
2609	8593.0
2610	8559.0
2611	8577.0
2612	8624.0
2613	8540.0
2614	8543.0
2615	8619.0
2616	8587.0
2617	8522.0
2618	8493.0
2619	8528.0
2620	8472.0
2621	8561.0
2622	8620.0
2623	8584.0
2624	8607.0
2625	8605.0
2626	8633.0
2627	8640.0
2628	8537.0
2629	8593.0
2630	8599.0
2631	8626.0
2632	8645.0
2633	8540.0
2634	8483.0
2635	8562.0
2636	8473.0
2637	8496.0
2638	8505.0
2639	8492.0
2640	8503.0
2641	8493.0
2642	8442.0
2643	8456.0
2644	8476.0
2645	8503.0
2646	8481.0
2647	8552.0
2648	8486.0
2649	8479.0
2650	8495.0
2651	8604.0
2652	8656.0
2653	8571.0
2654	8498.0
2655	8535.0
2656	8576.0
2657	8589.0
2658	8648.0
2659	8539.0
2660	8513.0
2661	8558.0
2662	8502.0
2663	8473.0
2664	8428.0
2665	8515.0
2666	8556.0
2667	8505.0
2668	8487.0
2669	8438.0
2670	8549.0
2671	8593.0
2672	8530.0
2673	8601.0
2674	8689.0
2675	8662.0
2676	8710.0
2677	8637.0
2678	8590.0
2679	8512.0
2680	8505.0
2681	8593.0
2682	8557.0
2683	8668.0
2684	8622.0
2685	8624.0
2686	8679.0
2687	8725.0
2688	8711.0
2689	8643.0
2690	8716.0
2691	8604.0
2692	8627.0
2693	8638.0
2694	8646.0
2695	8647.0
2696	8541.0
2697	8521.0
2698	8569.0
2699	8577.0
2700	8567.0
2701	8568.0
2702	8546.0
2703	8577.0
2704	8591.0
2705	8573.0
2706	8530.0
2707	8465.0
2708	8525.0
2709	8434.0
2710	8459.0
2711	8505.0
2712	8601.0
2713	8543.0
2714	8552.0
2715	8549.0
2716	8551.0
2717	8554.0
2718	8622.0
2719	8644.0
2720	8585.0
2721	8588.0
2722	8615.0
2723	8639.0
2724	8657.0
2725	8634.0
2726	8552.0
2727	8572.0
2728	8581.0
2729	8645.0
2730	8665.0
2731	8664.0
2732	8667.0
2733	8614.0
2734	8606.0
2735	8635.0
2736	8659.0
2737	8558.0
2738	8547.0
2739	8580.0
2740	8638.0
2741	8585.0
2742	8623.0
2743	8571.0
2744	8554.0
2745	8519.0
2746	8515.0
2747	8648.0
2748	8563.0
2749	8528.0
2750	8598.0
2751	8511.0
2752	8462.0
2753	8506.0
2754	8505.0
2755	8602.0
2756	8636.0
2757	8547.0
2758	8553.0
2759	8524.0
2760	8582.0
2761	8571.0
2762	8521.0
2763	8470.0
2764	8496.0
2765	8536.0
2766	8562.0
2767	8566.0
2768	8470.0
2769	8564.0
2770	8506.0
2771	8548.0
2772	8581.0
2773	8566.0
2774	8511.0
2775	8549.0
2776	8499.0
2777	8514.0
2778	8497.0
2779	8488.0
2780	8494.0
2781	8443.0
2782	8585.0
2783	8649.0
2784	8576.0
2785	8454.0
2786	8475.0
2787	8541.0
2788	8479.0
2789	8496.0
2790	8628.0
2791	8616.0
2792	8524.0
2793	8535.0
2794	8520.0
2795	8540.0
2796	8645.0
2797	8633.0
2798	8625.0
2799	8614.0
2800	8579.0
2801	8624.0
2802	8633.0
2803	8583.0
2804	8589.0
2805	8603.0
2806	8631.0
2807	8607.0
2808	8613.0
2809	8635.0
2810	8577.0
2811	8594.0
2812	8579.0
2813	8584.0
2814	8571.0
2815	8481.0
2816	8476.0
2817	8477.0
2818	8496.0
2819	8498.0
2820	8458.0
2821	8440.0
2822	8462.0
2823	8555.0
2824	8536.0
2825	8555.0
2826	8545.0
2827	8656.0
2828	8523.0
2829	8508.0
2830	8549.0
2831	8523.0
2832	8500.0
2833	8475.0
2834	8536.0
2835	8529.0
2836	8529.0
2837	8459.0
2838	8568.0
2839	8589.0
2840	8631.0
2841	8598.0
2842	8624.0
2843	8587.0
2844	8590.0
2845	8508.0
2846	8525.0
2847	8490.0
2848	8502.0
2849	8457.0
2850	8437.0
2851	8526.0
2852	8475.0
2853	8404.0
2854	8458.0
2855	8454.0
2856	8490.0
2857	8462.0
2858	8541.0
2859	8546.0
2860	8519.0
2861	8582.0
2862	8507.0
2863	8522.0
2864	8563.0
2865	8588.0
2866	8542.0
2867	8473.0
2868	8477.0
2869	8496.0
2870	8471.0
2871	8497.0
2872	8537.0
2873	8584.0
2874	8642.0
2875	8660.0
2876	8585.0
2877	8566.0
2878	8525.0
2879	8532.0
2880	8533.0
2881	8520.0
2882	8438.0
2883	8484.0
2884	8456.0
2885	8493.0
2886	8534.0
2887	8570.0
2888	8484.0
2889	8413.0
2890	8419.0
2891	8458.0
2892	8428.0
2893	8395.0
2894	8458.0
2895	8477.0
2896	8449.0
2897	8486.0
2898	8561.0
2899	8580.0
2900	8571.0
2901	8532.0
2902	8557.0
2903	8499.0
2904	8518.0
2905	8671.0
2906	8656.0
2907	8630.0
2908	8511.0
2909	8574.0
2910	8516.0
2911	8531.0
2912	8575.0
2913	8507.0
2914	8446.0
2915	8485.0
2916	8450.0
2917	8427.0
2918	8465.0
2919	8536.0
2920	8596.0
2921	8600.0
2922	8581.0
2923	8654.0
2924	8593.0
2925	8558.0
2926	8492.0
2927	8440.0
2928	8484.0
2929	8499.0
2930	8449.0
2931	8572.0
2932	8553.0
2933	8557.0
2934	8603.0
2935	8546.0
2936	8540.0
2937	8541.0
2938	8561.0
2939	8499.0
2940	8567.0
2941	8483.0
2942	8509.0
2943	8571.0
2944	8542.0
2945	8462.0
2946	8404.0
2947	8479.0
2948	8488.0
2949	8526.0
2950	8572.0
2951	8613.0
2952	8531.0
2953	8561.0
2954	8496.0
2955	8407.0
2956	8441.0
2957	8499.0
2958	8500.0
2959	8512.0
2960	8574.0
2961	8563.0
2962	8617.0
2963	8651.0
2964	8589.0
2965	8582.0
2966	8450.0
2967	8561.0
2968	8526.0
2969	8535.0
2970	8433.0
2971	8521.0
2972	8583.0
2973	8448.0
2974	8468.0
2975	8533.0
2976	8608.0
2977	8588.0
2978	8593.0
2979	8597.0
2980	8666.0
2981	8635.0
2982	8613.0
2983	8598.0
2984	8578.0
2985	8622.0
2986	8535.0
2987	8630.0
2988	8599.0
2989	8498.0
2990	8633.0
2991	8577.0
2992	8679.0
2993	8539.0
2994	8566.0
2995	8492.0
2996	8487.0
2997	8418.0
2998	8545.0
2999	8588.0
3000	8598.0
1001	0.6286
1002	-3.52
1003	0.03839
1004	-0.7574
1005	-0.003809
1006	-0.1342
1007	0.433
1008	0.03528
1009	-0.2631
1010	2.534
1011	0.6083
1012	-2.775
1013	-3.922
1014	-2.142
1015	0.2131
1016	-1.592
1017	-0.0985
1018	-4.005
1019	0.7321
1020	-1.293
1021	-1.918
1022	0.3442
1023	-0.9713
1024	-1.259
1025	0.002013
1026	-0.1656
1027	-4.774
1028	-7.868
1029	-4.065
1030	-3.812
1031	-6.499
1032	5.257
1033	9.451
1034	-11.66
1035	-20.2
1036	-2.17
1037	-3.304
1038	-0.05552
1039	2.709
1040	-1.024
1041	0.397
1042	3.671
1043	-5.975
1044	-1.683
1045	2.498
1046	-8.316
1047	0.4771
1048	-2.433
1049	-4.536E-4
1050	0.2162
1051	-0.9576
1052	-1.911
1053	-4.718
1054	-0.809
1055	-1.944
1056	-5.602
1057	-1.211
1058	0.08764
1059	-0.3188
1060	-2.039
1061	-2.525
1062	-9.444
1063	-3.085
1064	0.3247
1065	-2.362
1066	-1.524
1067	-4.159
1068	-3.838
1069	-0.2223
1070	0.8485
1071	-1.017
1072	-2.458
1073	0.002867
1074	0.2127
1075	0.2575
1076	-0.1382
1077	-0.2888
1078	-2.598
1079	0.348
1080	-4.832
1081	0.9501
1082	-3.001
1083	0.1144
1084	-3.193
1085	0.7442
1086	-1.103
1087	-1.213
1088	-4.352
1089	-0.138
1090	-0.2189
1091	0.1642
1092	1.541
1093	-0.2339
1094	-14.51
1095	-2.869
1096	-2.145
1097	-3.078E-5
1098	0.4645
1099	-1.101
1100	-1.679
1101	-3.422
1102	0.5317
1103	0.007918
1104	1.296
1105	1.745
1106	-2.4
1107	-14.89
1108	-1.942
1109	3.258
1110	0.5378
1111	-2.149
1112	5.898
1113	-6.931
1114	0.1672
1115	-2.84
1116	-4.672
1117	-0.8397
1118	-0.7224
1119	0.06468
1120	-0.8256
1121	-0.2368
1122	-2.707
1123	0.05491
1124	-0.4802
1125	0.06421
1126	0.4171
1127	-0.3752
1128	0.03324
1129	0.1073
1130	-1.705
1131	-0.0793
1132	-0.6366
1133	-1.653
1134	0.4671
1135	0.3203
1136	-0.5442
1137	0.006763
1138	-1.039
1139	0.222
1140	5.58E-4
1141	-0.9376
1142	-0.3291
1143	-0.8321
1144	0.07467
1145	-0.1212
1146	-2.952
1147	-0.5606
1148	-1.695
1149	-0.03818
1150	-0.03535
1151	-0.004506
1152	-0.2088
1153	0.1733
1154	-0.9448
1155	-1.375
1156	0.1821
1157	0.1361
1158	-1.421
1159	-3.069
1160	0.9404
1161	0.2582
1162	-0.1332
1163	-1.977
1164	-0.2047
1165	-1.015
1166	-0.04646
1167	0.2948
1168	-0.8133
1169	-2.245
1170	-1.387
1171	-6.501
1172	2.461
1173	-0.1113
1174	0.2252
1175	-0.4053
1176	-0.529
1177	-3.598
1178	-0.176
1179	0.03459
1180	-1.231
1181	-5.678
1182	-10.7
1183	0.1591
1184	0.6887
1185	-0.6832
1186	-0.3287
1187	0.05238
1188	-0.8723
1189	-0.2917
1190	0.07532
1191	0.235
1192	-2.482
1193	0.2992
1194	2.692
1195	-8.476
1196	-5.582
1197	0.2716
1198	1.549
1199	0.571
1200	1.6
1201	-0.6919
1202	0.4055
1203	2.461
1204	3.812
1205	0.3094
1206	-6.636
1207	0.9369
1208	-1.999
1209	-0.3639
1210	0.845
1211	-9.387
1212	2.673
1213	0.8081
1214	0.0548
1215	-0.04338
1216	-0.01113
1217	-1.878
1218	0.1846
1219	-0.3402
1220	-1.667
1221	-0.3574
1222	2.14
1223	1.152
1224	2.259
1225	-0.1688
1226	-10.51
1227	-1.849
1228	-0.4783
1229	0.7935
1230	-1.338
1231	-0.9774
1232	2.907
1233	0.7251
1234	-0.3607
1235	-0.2381
1236	0.2805
1237	0.008793
1238	-1.864
1239	-0.02344
1240	-0.5132
1241	0.7597
1242	-0.3426
1243	-0.006187
1244	-1.677
1245	-0.8626
1246	0.4239
1247	0.5831
1248	-0.3574
1249	-2.484
1250	0.0189
1251	0.3989
1252	-0.02443
1253	-0.3108
1254	-0.1304
1255	-2.095
1256	-0.05777
1257	-1.151
1258	-0.1104
1259	-0.5063
1260	-1.4
1261	-4.341
1262	-1.221
1263	0.2714
1264	0.2426
1265	-0.8561
1266	0.5753
1267	-3.385
1268	-2.278
1269	-11.78
1270	1.552
1271	-0.536
1272	-2.97
1273	-4.296
1274	-5.979
1275	-0.3705
1276	-1.122
1277	-3.32
1278	-2.939
1279	-4.663
1280	-1.077
1281	-0.1464
1282	0.3478
1283	-4.088
1284	1.323
1285	-4.401
1286	-1.583
1287	0.3271
1288	-0.03182
1289	-0.2528
1290	1.041
1291	-0.4175
1292	-0.0183
1293	-0.04007
1294	0.1444
1295	3.628
1296	-4.655
1297	-11.61
1298	-0.1133
1299	-0.464
1300	-0.8068
1301	-0.01441
1302	-0.4363
1303	-0.1697
1304	-2.255
1305	-2.04
1306	-2.432
1307	1.067
1308	2.57
1309	0.2119
1310	-2.287
1311	-1.53
1312	-0.4531
1313	4.732
1314	0.9598
1315	-1.609
1316	-4.782
1317	-9.404
1318	-0.1519
1319	-0.7479
1320	2.138
1321	-0.9102
1322	3.613
1323	-11.81
1324	-6.822
1325	1.975
1326	3.825
1327	-3.001
1328	-0.04319
1329	-0.1575
1330	-0.3556
1331	-0.2185
1332	-0.4072
1333	0.06536
1334	-0.878
1335	0.08025
1336	-1.956
1337	-0.4395
1338	-0.08847
1339	-3.952
1340	-3.252
1341	3.05
1342	-0.2905
1343	-3.2
1344	-6.778
1345	0.2593
1346	0.8184
1347	0.6845
1348	-0.0949
1349	0.2012
1350	-1.345
1351	-1.297
1352	-5.088
1353	-1.961
1354	0.1436
1355	-2.07
1356	0.1191
1357	-4.132
1358	-1.762
1359	-0.8883
1360	-0.0369
1361	-0.2159
1362	-0.3377
1363	-0.01605
1364	0.1796
1365	0.188
1366	-0.09647
1367	1.688
1368	-4.402
1369	-2.817
1370	-6.258
1371	1.037
1372	-7.097
1373	-0.4232
1374	-0.06059
1375	0.8006
1376	0.5737
1377	0.2358
1378	0.6053
1379	0.006992
1380	-0.4309
1381	-1.709
1382	-0.03657
1383	-0.8735
1384	0.1685
1385	-0.8309
1386	-0.9992
1387	0.2418
1388	-1.914
1389	-5.83
1390	-2.046
1391	0.98
1392	-0.004011
1393	-0.7955
1394	-0.01582
1395	0.7115
1396	-0.09905
1397	-5.0
1398	-2.442
1399	-1.521
1400	1.474
1401	-2.442
1402	-1.39
1403	2.558
1404	-0.8886
1405	-4.588
1406	-1.339
1407	-9.73
1408	-8.398
1409	-0.6396
1410	3.888
1411	-0.4255
1412	1.412
1413	-8.564
1414	-2.86
1415	-1.972
1416	0.4624
1417	-0.09569
1418	0.1374
1419	-1.663
1420	-1.95
1421	-0.5923
1422	0.6612
1423	-0.08319
1424	-0.1627
1425	0.1335
1426	0.7686
1427	1.451
1428	-2.298
1429	0.07535
1430	-0.3667
1431	-1.127
1432	1.406
1433	0.5515
1434	-1.569
1435	1.631
1436	-3.753
1437	3.382
1438	0.1301
1439	-2.218
1440	-0.9126
1441	-0.2046
1442	-2.946
1443	-1.477
1444	-1.914
1445	-2.172
1446	-1.62
1447	-2.889
1448	-12.97
1449	-6.942
1450	-1.742
1451	3.266
1452	-7.027
1453	-0.2456
1454	-0.8234
1455	-3.856
1456	-2.201
1457	-4.383
1458	-0.4644
1459	-1.515
1460	-2.537
1461	-7.9
1462	2.395
1463	0.1436
1464	-0.2521
1465	0.1206
1466	-0.1714
1467	-0.4223
1468	-1.075
1469	-2.075
1470	2.23
1471	-3.698
1472	0.03717
1473	0.06819
1474	-2.795
1475	-0.4135
1476	0.6065
1477	-6.734
1478	-0.3648
1479	-2.377
1480	1.238
1481	-0.06601
1482	2.384
1483	0.7319
1484	-0.4521
1485	-1.514
1486	0.125
1487	-3.32
1488	-0.1258
1489	0.4971
1490	-4.379
1491	0.2294
1492	0.3303
1493	-1.245
1494	0.06253
1495	1.7
1496	-6.688
1497	-2.829
1498	-11.26
1499	2.076
1500	3.096
1501	0.2817
1502	0.9338
1503	-4.434
1504	-1.433
1505	-2.2
1506	0.2467
1507	-4.619
1508	2.005
1509	-1.152
1510	-0.5117
1511	2.818
1512	-0.009254
1513	-0.03819
1514	-1.503
1515	0.3454
1516	0.2397
1517	0.1922
1518	-0.5784
1519	0.1788
1520	-2.495
1521	-1.349
1522	1.152
1523	-0.254
1524	-4.976
1525	-2.882
1526	0.4193
1527	-0.6288
1528	-1.177
1529	-0.5508
1530	1.337
1531	-5.956
1532	-0.06362
1533	-0.129
1534	-0.2993
1535	0.06082
1536	0.0489
1537	-0.07576
1538	-0.05426
1539	-1.708
1540	-2.557
1541	-1.331
1542	-1.455
1543	0.7365
1544	-0.167
1545	-2.988
1546	1.354
1547	2.748
1548	0.06496
1549	-0.1527
1550	-1.047
1551	0.3175
1552	-0.02425
1553	0.001494
1554	0.7636
1555	-0.2304
1556	1.126
1557	-3.298
1558	1.819
1559	2.05
1560	1.141
1561	2.174
1562	-4.281
1563	3.398
1564	-10.79
1565	-0.8032
1566	-5.931
1567	-10.29
1568	2.416
1569	-6.627
1570	-10.68
1571	-2.218
1572	-5.353
1573	1.853
1574	-1.666
1575	-6.002
1576	-5.469
1577	1.412
1578	-0.9601
1579	-2.782
1580	0.483
1581	2.261
1582	-1.272
1583	-1.89
1584	-0.2724
1585	-0.6357
1586	-2.006
1587	-3.884
1588	-4.729
1589	2.493
1590	-0.4024
1591	-0.6187
1592	0.5731
1593	-2.236
1594	0.1723
1595	3.503
1596	2.177
1597	0.949
1598	-3.991
1599	-0.5717
1600	-11.65
1601	1.443
1602	5.159
1603	-5.854
1604	-0.513
1605	1.587
1606	3.212
1607	-0.3778
1608	1.023
1609	0.755
1610	-1.618
1611	-1.691
1612	-2.716
1613	-1.147
1614	-5.563
1615	-1.97
1616	-1.674
1617	-0.7434
1618	0.1525
1619	0.004369
1620	0.6266
1621	2.088
1622	-3.541
1623	0.1243
1624	-2.004
1625	0.7151
1626	-4.062
1627	-8.035
1628	4.069
1629	-1.509
1630	0.3459
1631	0.05418
1632	0.2914
1633	-2.519
1634	-1.12
1635	-1.106
1636	-0.5769
1637	0.04231
1638	0.5195
1639	-3.549
1640	-1.202
1641	2.423
1642	0.1708
1643	0.001362
1644	-1.865
1645	-0.1376
1646	-0.2994
1647	-0.02683
1648	-0.7235
1649	0.5365
1650	-0.6273
1651	1.104
1652	0.2715
1653	-0.9328
1654	-1.817
1655	0.1629
1656	-1.209
1657	0.7629
1658	0.04193
1659	1.517
1660	0.2947
1661	0.00664
1662	0.8656
1663	-1.224
1664	-0.08435
1665	-0.3454
1666	0.1291
1667	0.4156
1668	-1.447
1669	-2.715
1670	-7.592
1671	1.586
1672	-2.802
1673	0.8684
1674	0.9686
1675	-9.6
1676	-0.9629
1677	-1.799
1678	-0.1604
1679	1.218
1680	-0.3623
1681	0.8019
1682	0.2347
1683	-0.1246
1684	0.3538
1685	-2.204
1686	-1.264
1687	-1.804
1688	-3.039
1689	-0.5179
1690	0.2263
1691	0.02233
1692	0.4162
1693	0.0285
1694	-0.4825
1695	-1.316
1696	0.01707
1697	-0.2671
1698	0.08877
1699	-1.341
1700	0.04256
1701	0.02067
1702	0.785
1703	0.5401
1704	0.9368
1705	-0.2455
1706	1.574
1707	-0.6476
1708	0.1693
1709	0.5377
1710	-7.14
1711	-7.104
1712	-9.17
1713	0.4285
1714	2.163
1715	-1.26
1716	-0.01836
1717	0.92
1718	0.8289
1719	-4.875
1720	-3.495
1721	-5.781
1722	-3.06
1723	-0.04325
1724	3.655
1725	-5.481
1726	-2.482
1727	-2.016
1728	5.021
1729	-0.9775
1730	-19.26
1731	-8.684
1732	-4.754
1733	-7.108
1734	-5.215
1735	-0.476
1736	-16.05
1737	2.246
1738	-1.929
1739	2.861
1740	1.787
1741	1.612
1742	0.03005
1743	0.0709
1744	-1.718
1745	-3.934
1746	0.399
1747	-0.1115
1748	0.5224
1749	-0.1161
1750	0.07167
1751	-0.08171
1752	-1.474
1753	-0.00532
1754	-3.09
1755	-0.4543
1756	0.1067
1757	-1.116
1758	0.5617
1759	-2.133
1760	-3.559
1761	-0.169
1762	-0.1219
1763	-2.344
1764	-1.442
1765	1.116
1766	0.5564
1767	-0.1593
1768	0.1781
1769	-5.027
1770	1.418
1771	0.313
1772	-1.484
1773	-0.4766
1774	1.24
1775	2.204
1776	-1.423
1777	-1.077
1778	-5.609
1779	0.4299
1780	0.6313
1781	-1.345
1782	0.4821
1783	2.462
1784	-3.884
1785	0.1288
1786	-0.9019
1787	-0.5873
1788	-1.746
1789	-5.143
1790	-2.665
1791	-0.2055
1792	-1.022
1793	0.5801
1794	-11.93
1795	-0.2508
1796	0.0284
1797	-0.7146
1798	0.7267
1799	-0.1323
1800	-0.2831
1801	-3.716
1802	0.09677
1803	0.03494
1804	-0.09676
1805	-2.114
1806	-0.5291
1807	0.9112
1808	-2.665
1809	0.7186
1810	-1.853
1811	1.691
1812	-1.239
1813	-0.3095
1814	-0.7327
1815	-2.431
1816	0.1426
1817	-0.4104
1818	0.141
1819	-1.374
1820	-1.002
1821	0.9798
1822	-1.816
1823	0.853
1824	-2.485
1825	-0.1712
1826	0.3191
1827	-0.8429
1828	-1.306
1829	0.5884
1830	0.9922
1831	-0.51
1832	-2.198
1833	-3.244
1834	0.9073
1835	2.177
1836	-0.2153
1837	-4.481
1838	1.228
1839	-7.084
1840	-5.423
1841	-0.4144
1842	-4.863
1843	-1.539
1844	-1.291
1845	-0.8655
1846	0.1989
1847	-1.029
1848	1.927
1849	1.587
1850	-3.019
1851	-1.081
1852	0.9181
1853	-6.317
1854	-0.5375
1855	2.777
1856	0.9872
1857	-0.8932
1858	-0.1957
1859	-3.034
1860	-3.201
1861	-2.169
1862	-0.01873
1863	0.09078
1864	0.01115
1865	-0.007785
1866	-3.15
1867	0.492
1868	0.3648
1869	-1.167
1870	-2.795
1871	-0.3647
1872	-0.02719
1873	-8.952
1874	0.9425
1875	-0.1696
1876	2.32
1877	-4.988
1878	-4.332
1879	0.6649
1880	0.7713
1881	-2.705
1882	-6.492
1883	-3.895
1884	-0.4736
1885	-1.561
1886	0.3831
1887	-4.724
1888	0.4601
1889	0.3165
1890	0.3387
1891	-2.257
1892	-0.0332
1893	0.01672
1894	-0.421
1895	-1.203
1896	0.3573
1897	0.7874
1898	-5.084
1899	-1.573
1900	-1.168
1901	0.09902
1902	-0.9788
1903	0.1124
1904	0.3173
1905	0.5201
1906	-1.42
1907	-3.531
1908	0.02548
1909	-2.417
1910	0.003702
1911	0.06848
1912	-1.44
1913	-6.674
1914	0.1041
1915	-3.035
1916	-3.344
1917	-0.4087
1918	0.1525
1919	-0.3918
1920	0.1388
1921	0.132
1922	-0.004205
1923	-1.915
1924	-0.008301
1925	-0.01718
1926	-1.657
1927	0.4565
1928	-1.7
1929	0.4124
1930	-1.366
1931	-1.111
1932	0.1382
1933	-1.826
1934	0.5493
1935	-9.172
1936	-4.012
1937	-1.301
1938	-0.9856
1939	-2.41
1940	-7.058
1941	-0.7846
1942	0.5849
1943	0.01428
1944	-0.3143
1945	0.3432
1946	-1.522
1947	-4.381
1948	-6.645
1949	-4.562
1950	0.7244
1951	0.02775
1952	-0.5864
1953	-1.412E-4
1954	0.2468
1955	0.4791
1956	-0.9203
1957	-0.3128
1958	0.0838
1959	-2.204
1960	-1.534
1961	0.368
1962	-0.6768
1963	-8.682
1964	-1.524
1965	0.8946
1966	-0.6194
1967	0.7903
1968	-0.108
1969	0.2823
1970	-1.634
1971	-0.1088
1972	0.8325
1973	-0.03557
1974	0.7766
1975	1.159
1976	-5.258
1977	2.128
1978	-0.67
1979	-1.293
1980	-2.382
1981	1.598
1982	0.007654
1983	1.225
1984	-2.352
1985	0.397
1986	1.825
1987	-2.147
1988	-0.9549
1989	-1.775
1990	-2.398
1991	-1.757
1992	0.269
1993	0.06282
1994	0.003491
1995	-0.2809
1996	0.03118
1997	-2.201
1998	0.4633
1999	0.9685
2000	-4.206
2001	-0.05139
2002	0.2727
2003	-9.201
2004	-1.601
2005	-2.534
2006	-0.8476
2007	-0.7522
2008	-1.013
2009	0.2528
2010	-0.1352
2011	-0.2897
2012	-3.757
2013	-0.5801
2014	-2.424
2015	-0.002039
2016	-1.941
2017	-0.4259
2018	1.21
2019	-0.1635
2020	0.01911
2021	-0.7605
2022	-0.1875
2023	-0.3698
2024	-0.1664
2025	-6.035
2026	-0.226
2027	-0.4448
2028	0.1551
2029	-0.1846
2030	0.336
2031	-0.01712
2032	-0.01055
2033	-0.5687
2034	-0.5049
2035	-1.29
2036	-0.3612
2037	-0.619
2038	-0.003129
2039	0.6875
2040	2.4
2041	-1.399
2042	1.813
2043	0.3614
2044	0.9076
2045	-0.1286
2046	-3.036
2047	0.09999
2048	-0.14
2049	1.469
2050	-0.7837
2051	0.1246
2052	-0.3757
2053	-0.5567
2054	0.05432
2055	-0.4435
2056	-0.08054
2057	0.04123
2058	-5.128
2059	-0.01781
2060	-1.923
2061	0.1945
2062	-3.065
2063	0.06315
2064	-0.1535
2065	0.2111
2066	-0.593
2067	-3.314
2068	-0.01477
2069	-2.651
2070	-1.686
2071	-0.9485
2072	-0.2984
2073	-0.2873
2074	-3.077
2075	-0.5947
2076	0.3315
2077	0.04146
2078	-0.04131
2079	-0.8813
2080	-0.09225
2081	0.8824
2082	-0.5435
2083	-1.013
2084	-0.003456
2085	0.4585
2086	-0.04726
2087	-0.07999
2088	-0.822
2089	-0.5292
2090	-0.2121
2091	0.1653
2092	0.4028
2093	-1.208
2094	0.1076
2095	-0.2906
2096	-0.227
2097	-0.6674
2098	-0.09167
2099	-1.757
2100	0.0515
2101	0.03484
2102	0.1252
2103	-0.3528
2104	-6.683
2105	-0.8245
2106	1.146
2107	3.328
2108	-8.916
2109	-2.399
2110	2.417
2111	-1.962
2112	-0.3052
2113	1.432
2114	3.179
2115	-0.113
2116	1.357
2117	-4.155
2118	1.39
2119	-0.3238
2120	-4.313
2121	-4.566
2122	-7.329
2123	-6.393
2124	-1.076
2125	0.1995
2126	-3.496
2127	0.7852
2128	-1.069
2129	0.4168
2130	-0.7372
2131	0.7913
2132	-0.03351
2133	-0.0495
2134	-0.5666
2135	-1.935
2136	-4.309
2137	-1.262
2138	-0.7035
2139	-1.531
2140	-0.004633
2141	-1.725
2142	-4.316
2143	1.83
2144	0.393
2145	-3.259
2146	-0.2372
2147	0.5969
2148	1.071
2149	2.143
2150	-4.786
2151	3.47
2152	1.045
2153	-1.112
2154	-5.055
2155	-0.5074
2156	2.435
2157	1.931
2158	-4.264
2159	1.203
2160	-4.311
2161	2.832
2162	-1.46
2163	-0.483
2164	3.068
2165	-2.532
2166	-4.178
2167	-8.587
2168	-0.2821
2169	-4.95
2170	0.3741
2171	-1.956
2172	-0.5733
2173	-1.11
2174	2.371
2175	-3.643
2176	-1.141
2177	0.8919
2178	0.2583
2179	-1.607
2180	-0.4044
2181	-0.3088
2182	-1.702
2183	-4.472
2184	-2.534
2185	0.5015
2186	-11.69
2187	1.887
2188	1.678
2189	-4.349
2190	0.6762
2191	0.4385
2192	-0.4834
2193	0.6948
2194	0.9128
2195	0.7887
2196	0.2303
2197	-0.2492
2198	2.159
2199	-0.2527
2200	-0.1506
2201	-0.02372
2202	-1.994
2203	-0.6371
2204	-5.126
2205	2.794
2206	-8.34
2207	-5.439
2208	-0.7672
2209	0.2446
2210	-0.4743
2211	-0.5879
2212	-0.07083
2213	-0.3238
2214	-0.9427
2215	-2.132
2216	-0.09468
2217	-1.2
2218	-3.474
2219	1.242
2220	1.127
2221	-6.26
2222	1.119
2223	-1.357
2224	0.7333
2225	-2.072
2226	-0.8228
2227	-1.475
2228	0.227
2229	0.2261
2230	0.004975
2231	-0.4293
2232	-0.8789
2233	0.00194
2234	-0.001479
2235	0.0568
2236	1.183
2237	-1.301
2238	-0.7274
2239	-7.865
2240	0.05552
2241	-1.17
2242	0.58
2243	0.009158
2244	0.2928
2245	-0.5916
2246	-0.3629
2247	-0.009236
2248	-0.1288
2249	-0.214
2250	-0.05618
2251	-1.647
2252	0.5273
2253	-5.251
2254	-0.1979
2255	0.1435
2256	-3.927
2257	-0.04855
2258	0.8384
2259	-1.045
2260	0.1095
2261	1.499
2262	0.3144
2263	0.1658
2264	-6.573
2265	-1.234
2266	-0.01184
2267	-0.0909
2268	-5.701
2269	0.966
2270	-4.757
2271	-1.515
2272	-3.499
2273	-0.2286
2274	0.4754
2275	-0.6084
2276	0.365
2277	-0.002332
2278	0.307
2279	-3.385
2280	-1.026
2281	-1.568
2282	-1.325
2283	-3.358
2284	0.7505
2285	5.272
2286	-1.517
2287	-0.7437
2288	-5.668
2289	-1.791
2290	-1.067
2291	-2.162
2292	0.8145
2293	-5.185
2294	-10.52
2295	0.7922
2296	0.458
2297	-0.2475
2298	0.6388
2299	-2.412
2300	-0.8996
2301	-0.8844
2302	-1.914
2303	-3.215
2304	-1.419
2305	-0.2894
2306	0.8305
2307	-0.09597
2308	1.21
2309	-1.132
2310	-0.9825
2311	0.4575
2312	-3.628
2313	0.9508
2314	-5.767
2315	-5.63
2316	-7.067
2317	-0.2977
2318	-0.1569
2319	-0.01422
2320	-0.09646
2321	-0.7759
2322	-0.0629
2323	2.853
2324	0.8048
2325	-0.5175
2326	-1.807
2327	-4.31
2328	-0.09922
2329	-1.629
2330	-0.1545
2331	-0.3845
2332	0.3003
2333	0.5842
2334	-0.9127
2335	0.6266
2336	1.723
2337	-8.975E-5
2338	-0.09374
2339	-1.153
2340	0.06039
2341	-1.59
2342	-0.1696
2343	0.6753
2344	-0.1396
2345	0.2549
2346	-3.648
2347	-7.937
2348	-1.014
2349	-2.042
2350	0.2955
2351	-1.055
2352	0.02918
2353	-2.809
2354	-7.425
2355	0.1451
2356	-0.01943
2357	-2.661
2358	0.7557
2359	1.61
2360	-1.561
2361	1.167
2362	-1.032
2363	-0.153
2364	-3.203
2365	-0.2942
2366	-2.179
2367	-0.8953
2368	-2.739
2369	-0.1806
2370	-0.1311
2371	-0.5355
2372	-2.135
2373	-5.157
2374	0.8928
2375	-6.126
2376	1.005
2377	-7.845
2378	-1.407
2379	2.574
2380	-3.469
2381	-4.919
2382	1.524
2383	-3.569
2384	-2.327
2385	-8.148
2386	0.4306
2387	-13.97
2388	1.697
2389	-3.505
2390	-2.647
2391	-0.5469
2392	-0.1423
2393	-0.4299
2394	-1.449
2395	0.7632
2396	-0.5203
2397	-9.159
2398	-3.801
2399	-2.93
2400	1.846
2401	-1.371
2402	0.7737
2403	-0.3345
2404	0.08414
2405	-0.2574
2406	-0.4033
2407	0.6917
2408	-4.424
2409	3.487
2410	3.341
2411	0.4596
2412	-2.493
2413	0.7154
2414	-3.34
2415	-1.332
2416	-11.03
2417	-21.2
2418	5.228
2419	-3.643
2420	-1.438
2421	2.258
2422	-4.648
2423	-1.079
2424	-6.581
2425	-4.303
2426	0.8822
2427	-4.236
2428	2.386
2429	-2.475
2430	-0.3021
2431	-1.5
2432	0.1919
2433	0.1272
2434	-0.06455
2435	-1.207
2436	-0.4113
2437	0.1306
2438	0.9928
2439	-2.2
2440	1.917
2441	0.833
2442	-0.282
2443	-0.458
2444	-0.7996
2445	-4.808
2446	0.2147
2447	-0.1631
2448	-2.308
2449	-3.11
2450	-12.38
2451	-1.323
2452	-1.43
2453	-0.915
2454	-0.02185
2455	4.671
2456	2.451
2457	0.5455
2458	1.678
2459	-4.581
2460	-2.766
2461	-1.802
2462	-0.5759
2463	0.9608
2464	1.764
2465	0.6707
2466	-0.2919
2467	-0.2738
2468	-0.1967
2469	-0.03033
2470	-3.78
2471	0.1398
2472	-0.3604
2473	0.5324
2474	0.3642
2475	-4.322
2476	-2.573
2477	1.014
2478	-1.851
2479	0.6911
2480	-0.7569
2481	4.924
2482	-9.23
2483	-11.84
2484	-2.494
2485	0.1511
2486	-9.658
2487	-5.145
2488	0.8673
2489	1.365
2490	-0.01729
2491	-0.38
2492	-0.02769
2493	0.2012
2494	-1.542
2495	0.9493
2496	0.1441
2497	-0.6584
2498	-0.509
2499	-2.93
2500	-1.211
2501	1.018
2502	-0.003875
2503	0.2244
2504	-4.678
2505	-0.3708
2506	0.4385
2507	0.9924
2508	-0.4157
2509	3.287
2510	-2.948
2511	0.6758
2512	1.31
2513	-1.752
2514	0.7417
2515	-0.1528
2516	-3.542
2517	-3.422
2518	-4.738
2519	2.984
2520	3.451
2521	-15.73
2522	-9.987
2523	2.333
2524	-2.499
2525	-0.8586
2526	1.493
2527	1.215
2528	3.445
2529	-0.124
2530	1.689
2531	0.238
2532	0.5454
2533	-2.242
2534	-8.097
2535	2.742
2536	0.5196
2537	2.121
2538	2.221
2539	2.458
2540	0.6065
2541	-0.3697
2542	0.652
2543	-0.2945
2544	1.07
2545	-5.734
2546	-3.434
2547	-0.5445
2548	-0.2637
2549	0.1509
2550	-0.8917
2551	0.4268
2552	0.1767
2553	-0.9943
2554	-0.8116
2555	0.09919
2556	-4.402
2557	-0.1397
2558	-1.337
2559	-0.06962
2560	-1.164
2561	1.141
2562	-4.05
2563	-1.363
2564	-3.14
2565	-0.7958
2566	1.21
2567	-0.05825
2568	-3.942
2569	-0.5812
2570	-0.4932
2571	0.1371
2572	-0.0844
2573	-1.036
2574	-0.2279
2575	-0.108
2576	-0.3877
2577	0.07805
2578	0.08035
2579	-3.913
2580	-5.208
2581	0.04166
2582	-0.2573
2583	0.1034
2584	-0.5227
2585	-0.2035
2586	-0.02217
2587	-0.6357
2588	0.906
2589	-0.9671
2590	-3.23
2591	-2.728
2592	-1.897
2593	-2.91
2594	1.219
2595	0.7075
2596	-3.911
2597	-3.543
2598	0.9714
2599	-0.272
2600	-0.263
2601	-2.162
2602	0.2386
2603	-0.7388
2604	-1.728
2605	0.2116
2606	1.647
2607	-1.582
2608	-1.529
2609	-3.323
2610	2.944
2611	-5.103
2612	0.2751
2613	0.4854
2614	-3.722
2615	1.416
2616	-0.5566
2617	-1.316
2618	0.2576
2619	2.02
2620	-1.67
2621	-5.707
2622	2.395
2623	2.548
2624	-2.967
2625	-0.01886
2626	-0.7249
2627	-0.2944
2628	0.3568
2629	-8.732
2630	-5.642
2631	-0.1624
2632	-0.6547
2633	0.5463
2634	-2.708
2635	1.882
2636	-1.275
2637	-0.877
2638	-2.853
2639	-1.504
2640	-0.4321
2641	0.0645
2642	-0.2064
2643	-0.001709
2644	-0.214
2645	-2.777
2646	-0.0529
2647	-0.8169
2648	-0.01978
2649	-0.5451
2650	0.01123
2651	-0.3071
2652	-0.1246
2653	-0.06528
2654	-6.049
2655	-2.099
2656	-0.08995
2657	-0.9362
2658	-0.3362
2659	-0.2593
2660	0.6105
2661	-0.7989
2662	-0.3865
2663	0.2722
2664	-0.8909
2665	-3.444
2666	-0.001095
2667	0.8285
2668	0.3667
2669	1.882
2670	-0.5138
2671	-0.6564
2672	-1.227
2673	1.129
2674	-1.38
2675	2.183
2676	3.454
2677	-2.381
2678	-3.991
2679	2.062
2680	-0.6998
2681	0.1534
2682	-3.339
2683	0.9356
2684	1.775
2685	-0.04067
2686	-0.4428
2687	-0.5818
2688	2.075
2689	-0.05157
2690	1.043
2691	-4.859
2692	0.2136
2693	-0.3318
2694	0.5133
2695	-7.013
2696	1.232
2697	-0.2428
2698	-0.4607
2699	-4.436
2700	-7.171
2701	1.274
2702	-3.391
2703	0.1127
2704	-0.615
2705	-0.1172
2706	0.6624
2707	-0.2281
2708	-0.5533
2709	-1.705
2710	-1.257
2711	-0.1137
2712	-0.06383
2713	-1.244
2714	0.2191
2715	0.165
2716	-2.03
2717	-0.1376
2718	-4.677
2719	-1.252
2720	-1.254
2721	0.0178
2722	-0.1135
2723	0.02153
2724	-0.1212
2725	-0.9829
2726	-0.4459
2727	0.1872
2728	-0.2344
2729	-1.489
2730	-3.735
2731	-7.275
2732	1.151
2733	1.59
2734	-2.962
2735	-0.04859
2736	0.04403
2737	0.2638
2738	-0.6836
2739	-0.07484
2740	-1.001
2741	-0.07995
2742	-7.967
2743	0.1295
2744	-0.3381
2745	-0.2339
2746	-0.1931
2747	-0.8941
2748	0.5414
2749	-0.7596
2750	-1.619
2751	-2.773
2752	-0.04995
2753	-1.083
2754	0.009584
2755	-4.772
2756	0.2751
2757	-10.08
2758	-1.884
2759	-0.7072
2760	-0.7965
2761	0.9043
2762	0.1541
2763	0.1299
2764	0.1229
2765	-3.625
2766	-6.057
2767	-9.112
2768	-5.015
2769	0.8056
2770	-3.331
2771	-1.191
2772	3.333
2773	-1.428
2774	-7.85
2775	-0.8529
2776	-0.6281
2777	-1.803
2778	3.126
2779	-0.447
2780	-9.378
2781	-0.2218
2782	0.8948
2783	7.967
2784	-0.8343
2785	-0.7701
2786	1.034
2787	-0.06223
2788	0.1513
2789	1.07
2790	-4.554
2791	-2.996
2792	1.344
2793	1.924
2794	0.3695
2795	-2.949
2796	2.967
2797	0.2997
2798	-10.68
2799	6.491
2800	-1.709
2801	1.065
2802	-0.2145
2803	-0.001088
2804	-0.8894
2805	-0.1873
2806	-0.9208
2807	-2.347
2808	-0.03604
2809	-3.41
2810	0.3042
2811	-0.5802
2812	0.04092
2813	1.655
2814	0.0173
2815	-0.3763
2816	-1.501
2817	-0.3061
2818	-1.692
2819	-3.772
2820	0.262
2821	-0.7338
2822	-4.45
2823	-1.571
2824	-3.485
2825	-0.9126
2826	-0.3009
2827	-1.53
2828	-0.1879
2829	-8.994
2830	1.241
2831	-3.056
2832	-4.255
2833	-7.616
2834	-1.609
2835	1.07
2836	-2.451
2837	-5.441
2838	1.13
2839	-2.077
2840	-0.5912
2841	0.5899
2842	-2.409
2843	1.961
2844	0.5605
2845	-6.454
2846	-2.697
2847	0.374
2848	-0.9413
2849	-1.125
2850	-5.741
2851	-0.2646
2852	-4.328
2853	-4.08
2854	4.397
2855	-1.318
2856	0.3983
2857	-3.721
2858	1.763
2859	3.238
2860	1.375
2861	-3.346
2862	-1.462
2863	0.5534
2864	1.818
2865	-0.03059
2866	-3.423
2867	-1.962
2868	-4.681
2869	-2.88
2870	0.189
2871	2.896
2872	3.173
2873	-11.2
2874	-2.438
2875	-4.059
2876	1.459
2877	-0.2535
2878	-7.703
2879	-5.316
2880	1.824
2881	-0.04661
2882	-0.06474
2883	-1.689
2884	-1.251
2885	0.07713
2886	0.02988
2887	0.8194
2888	-4.79
2889	-1.945
2890	-1.246
2891	1.633
2892	-6.04
2893	-3.591
2894	0.1802
2895	-0.5907
2896	0.1047
2897	-0.06059
2898	-0.01179
2899	0.8888
2900	0.6425
2901	2.016
2902	-2.298
2903	0.4076
2904	2.784
2905	-1.43
2906	1.566
2907	-0.4786
2908	-5.973
2909	0.6386
2910	-11.3
2911	0.8824
2912	-0.7205
2913	-0.9827
2914	-6.363
2915	-6.597
2916	1.159
2917	1.61
2918	5.753
2919	-0.1504
2920	-0.1647
2921	-1.011
2922	-1.103
2923	-1.094
2924	-11.98
2925	1.555
2926	0.4947
2927	-0.4233
2928	-1.456
2929	-0.8075
2930	0.4811
2931	0.7187
2932	-2.52
2933	-0.5821
2934	0.4251
2935	0.1229
2936	0.3014
2937	1.001
2938	0.5353
2939	-0.1576
2940	0.06835
2941	-2.173
2942	-7.963
2943	3.143
2944	1.339
2945	-0.9447
2946	-1.071
2947	4.226
2948	3.89
2949	1.387
2950	0.3861
2951	4.151
2952	-9.858
2953	-0.9502
2954	-2.544
2955	-13.02
2956	-3.927
2957	-5.513
2958	-0.08577
2959	-0.4232
2960	0.2629
2961	-0.8052
2962	-0.1369
2963	-0.3309
2964	-0.9226
2965	-0.2211
2966	0.3642
2967	-0.03418
2968	-0.3828
2969	-1.166
2970	0.5426
2971	-2.525
2972	0.05462
2973	0.5957
2974	-1.428
2975	-3.531
2976	-2.638
2977	0.1112
2978	1.05
2979	-3.91
2980	-0.7379
2981	-1.384
2982	-0.9258
2983	1.655
2984	-0.5114
2985	1.026
2986	-3.808
2987	-1.283
2988	-0.7836
2989	-1.194
2990	-1.998
2991	0.3149
2992	-0.06154
2993	0.8644
2994	0.08083
2995	-6.805
2996	1.802
2997	2.413
2998	-3.734
2999	1.215
3000	-5.765
