1001	8515.0
1002	8493.0
1003	8446.0
1004	8504.0
1005	8428.0
1006	8459.0
1007	8381.0
1008	8410.0
1009	8495.0
1010	8479.0
1011	8573.0
1012	8546.0
1013	8453.0
1014	8425.0
1015	8408.0
1016	8499.0
1017	8406.0
1018	8492.0
1019	8407.0
1020	8546.0
1021	8522.0
1022	8437.0
1023	8451.0
1024	8527.0
1025	8484.0
1026	8463.0
1027	8453.0
1028	8464.0
1029	8467.0
1030	8547.0
1031	8562.0
1032	8531.0
1033	8523.0
1034	8447.0
1035	8449.0
1036	8532.0
1037	8546.0
1038	8439.0
1039	8536.0
1040	8531.0
1041	8508.0
1042	8430.0
1043	8504.0
1044	8565.0
1045	8498.0
1046	8529.0
1047	8561.0
1048	8590.0
1049	8497.0
1050	8500.0
1051	8454.0
1052	8530.0
1053	8480.0
1054	8543.0
1055	8510.0
1056	8553.0
1057	8501.0
1058	8521.0
1059	8568.0
1060	8516.0
1061	8486.0
1062	8465.0
1063	8588.0
1064	8596.0
1065	8569.0
1066	8477.0
1067	8542.0
1068	8517.0
1069	8487.0
1070	8449.0
1071	8393.0
1072	8528.0
1073	8523.0
1074	8516.0
1075	8402.0
1076	8436.0
1077	8565.0
1078	8679.0
1079	8619.0
1080	8578.0
1081	8540.0
1082	8509.0
1083	8532.0
1084	8495.0
1085	8554.0
1086	8487.0
1087	8575.0
1088	8561.0
1089	8628.0
1090	8663.0
1091	8609.0
1092	8681.0
1093	8604.0
1094	8572.0
1095	8582.0
1096	8586.0
1097	8563.0
1098	8577.0
1099	8455.0
1100	8474.0
1101	8514.0
1102	8562.0
1103	8527.0
1104	8568.0
1105	8556.0
1106	8488.0
1107	8616.0
1108	8649.0
1109	8576.0
1110	8601.0
1111	8610.0
1112	8610.0
1113	8597.0
1114	8521.0
1115	8541.0
1116	8577.0
1117	8567.0
1118	8561.0
1119	8562.0
1120	8542.0
1121	8516.0
1122	8582.0
1123	8536.0
1124	8630.0
1125	8623.0
1126	8617.0
1127	8523.0
1128	8530.0
1129	8493.0
1130	8531.0
1131	8589.0
1132	8598.0
1133	8495.0
1134	8483.0
1135	8561.0
1136	8575.0
1137	8593.0
1138	8485.0
1139	8520.0
1140	8524.0
1141	8505.0
1142	8471.0
1143	8485.0
1144	8455.0
1145	8457.0
1146	8559.0
1147	8564.0
1148	8586.0
1149	8515.0
1150	8414.0
1151	8480.0
1152	8636.0
1153	8624.0
1154	8625.0
1155	8679.0
1156	8690.0
1157	8711.0
1158	8719.0
1159	8619.0
1160	8638.0
1161	8553.0
1162	8485.0
1163	8537.0
1164	8639.0
1165	8680.0
1166	8642.0
1167	8556.0
1168	8625.0
1169	8545.0
1170	8528.0
1171	8489.0
1172	8528.0
1173	8495.0
1174	8520.0
1175	8539.0
1176	8445.0
1177	8531.0
1178	8587.0
1179	8539.0
1180	8499.0
1181	8424.0
1182	8515.0
1183	8487.0
1184	8480.0
1185	8466.0
1186	8560.0
1187	8523.0
1188	8558.0
1189	8571.0
1190	8551.0
1191	8659.0
1192	8679.0
1193	8599.0
1194	8548.0
1195	8520.0
1196	8411.0
1197	8425.0
1198	8434.0
1199	8362.0
1200	8308.0
1201	8412.0
1202	8491.0
1203	8498.0
1204	8479.0
1205	8482.0
1206	8451.0
1207	8426.0
1208	8400.0
1209	8394.0
1210	8453.0
1211	8397.0
1212	8432.0
1213	8454.0
1214	8439.0
1215	8401.0
1216	8402.0
1217	8411.0
1218	8510.0
1219	8450.0
1220	8508.0
1221	8482.0
1222	8482.0
1223	8511.0
1224	8506.0
1225	8517.0
1226	8505.0
1227	8614.0
1228	8541.0
1229	8511.0
1230	8468.0
1231	8527.0
1232	8535.0
1233	8455.0
1234	8508.0
1235	8457.0
1236	8478.0
1237	8454.0
1238	8499.0
1239	8581.0
1240	8578.0
1241	8597.0
1242	8603.0
1243	8535.0
1244	8592.0
1245	8577.0
1246	8573.0
1247	8574.0
1248	8629.0
1249	8560.0
1250	8530.0
1251	8623.0
1252	8482.0
1253	8507.0
1254	8532.0
1255	8454.0
1256	8425.0
1257	8472.0
1258	8433.0
1259	8591.0
1260	8590.0
1261	8593.0
1262	8536.0
1263	8529.0
1264	8499.0
1265	8485.0
1266	8505.0
1267	8497.0
1268	8495.0
1269	8445.0
1270	8470.0
1271	8487.0
1272	8455.0
1273	8369.0
1274	8395.0
1275	8432.0
1276	8477.0
1277	8453.0
1278	8536.0
1279	8538.0
1280	8529.0
1281	8566.0
1282	8509.0
1283	8436.0
1284	8467.0
1285	8500.0
1286	8566.0
1287	8562.0
1288	8509.0
1289	8485.0
1290	8515.0
1291	8458.0
1292	8380.0
1293	8353.0
1294	8395.0
1295	8455.0
1296	8343.0
1297	8359.0
1298	8461.0
1299	8365.0
1300	8480.0
1301	8442.0
1302	8411.0
1303	8449.0
1304	8434.0
1305	8430.0
1306	8434.0
1307	8460.0
1308	8502.0
1309	8427.0
1310	8458.0
1311	8466.0
1312	8541.0
1313	8520.0
1314	8480.0
1315	8555.0
1316	8601.0
1317	8538.0
1318	8541.0
1319	8504.0
1320	8525.0
1321	8500.0
1322	8541.0
1323	8526.0
1324	8484.0
1325	8352.0
1326	8426.0
1327	8450.0
1328	8471.0
1329	8500.0
1330	8500.0
1331	8492.0
1332	8625.0
1333	8450.0
1334	8358.0
1335	8374.0
1336	8320.0
1337	8402.0
1338	8462.0
1339	8516.0
1340	8469.0
1341	8586.0
1342	8534.0
1343	8633.0
1344	8544.0
1345	8404.0
1346	8458.0
1347	8476.0
1348	8527.0
1349	8472.0
1350	8527.0
1351	8464.0
1352	8460.0
1353	8433.0
1354	8387.0
1355	8444.0
1356	8407.0
1357	8421.0
1358	8454.0
1359	8530.0
1360	8457.0
1361	8440.0
1362	8473.0
1363	8527.0
1364	8605.0
1365	8568.0
1366	8625.0
1367	8590.0
1368	8500.0
1369	8462.0
1370	8467.0
1371	8518.0
1372	8473.0
1373	8507.0
1374	8566.0
1375	8652.0
1376	8501.0
1377	8559.0
1378	8493.0
1379	8518.0
1380	8520.0
1381	8544.0
1382	8478.0
1383	8466.0
1384	8519.0
1385	8496.0
1386	8525.0
1387	8527.0
1388	8485.0
1389	8548.0
1390	8483.0
1391	8516.0
1392	8499.0
1393	8470.0
1394	8436.0
1395	8439.0
1396	8462.0
1397	8417.0
1398	8532.0
1399	8577.0
1400	8504.0
1401	8525.0
1402	8589.0
1403	8608.0
1404	8577.0
1405	8482.0
1406	8517.0
1407	8509.0
1408	8496.0
1409	8515.0
1410	8483.0
1411	8625.0
1412	8612.0
1413	8578.0
1414	8543.0
1415	8606.0
1416	8540.0
1417	8523.0
1418	8489.0
1419	8574.0
1420	8548.0
1421	8478.0
1422	8463.0
1423	8453.0
1424	8357.0
1425	8446.0
1426	8518.0
1427	8535.0
1428	8559.0
1429	8519.0
1430	8414.0
1431	8447.0
1432	8469.0
1433	8516.0
1434	8428.0
1435	8469.0
1436	8401.0
1437	8490.0
1438	8471.0
1439	8430.0
1440	8503.0
1441	8504.0
1442	8573.0
1443	8549.0
1444	8567.0
1445	8436.0
1446	8404.0
1447	8432.0
1448	8463.0
1449	8478.0
1450	8525.0
1451	8490.0
1452	8503.0
1453	8555.0
1454	8595.0
1455	8553.0
1456	8550.0
1457	8520.0
1458	8518.0
1459	8485.0
1460	8533.0
1461	8384.0
1462	8459.0
1463	8470.0
1464	8469.0
1465	8373.0
1466	8331.0
1467	8371.0
1468	8348.0
1469	8307.0
1470	8413.0
1471	8389.0
1472	8331.0
1473	8392.0
1474	8466.0
1475	8410.0
1476	8384.0
1477	8431.0
1478	8458.0
1479	8464.0
1480	8458.0
1481	8466.0
1482	8415.0
1483	8409.0
1484	8422.0
1485	8431.0
1486	8423.0
1487	8492.0
1488	8474.0
1489	8495.0
1490	8500.0
1491	8626.0
1492	8622.0
1493	8672.0
1494	8583.0
1495	8597.0
1496	8562.0
1497	8558.0
1498	8576.0
1499	8533.0
1500	8518.0
1501	8548.0
1502	8586.0
1503	8554.0
1504	8500.0
1505	8474.0
1506	8517.0
1507	8497.0
1508	8578.0
1509	8474.0
1510	8470.0
1511	8534.0
1512	8502.0
1513	8464.0
1514	8441.0
1515	8403.0
1516	8438.0
1517	8467.0
1518	8557.0
1519	8539.0
1520	8499.0
1521	8462.0
1522	8507.0
1523	8568.0
1524	8428.0
1525	8520.0
1526	8523.0
1527	8570.0
1528	8582.0
1529	8545.0
1530	8522.0
1531	8485.0
1532	8533.0
1533	8523.0
1534	8508.0
1535	8563.0
1536	8512.0
1537	8557.0
1538	8526.0
1539	8504.0
1540	8579.0
1541	8421.0
1542	8530.0
1543	8582.0
1544	8560.0
1545	8533.0
1546	8586.0
1547	8633.0
1548	8695.0
1549	8657.0
1550	8695.0
1551	8652.0
1552	8686.0
1553	8613.0
1554	8657.0
1555	8574.0
1556	8522.0
1557	8460.0
1558	8496.0
1559	8546.0
1560	8536.0
1561	8474.0
1562	8525.0
1563	8548.0
1564	8552.0
1565	8532.0
1566	8600.0
1567	8607.0
1568	8696.0
1569	8570.0
1570	8511.0
1571	8574.0
1572	8476.0
1573	8579.0
1574	8554.0
1575	8578.0
1576	8566.0
1577	8512.0
1578	8465.0
1579	8505.0
1580	8510.0
1581	8487.0
1582	8478.0
1583	8335.0
1584	8469.0
1585	8482.0
1586	8501.0
1587	8511.0
1588	8445.0
1589	8545.0
1590	8583.0
1591	8566.0
1592	8487.0
1593	8536.0
1594	8417.0
1595	8388.0
1596	8330.0
1597	8334.0
1598	8314.0
1599	8336.0
1600	8382.0
1601	8406.0
1602	8440.0
1603	8426.0
1604	8454.0
1605	8427.0
1606	8441.0
1607	8462.0
1608	8477.0
1609	8435.0
1610	8568.0
1611	8609.0
1612	8539.0
1613	8577.0
1614	8472.0
1615	8495.0
1616	8471.0
1617	8549.0
1618	8630.0
1619	8596.0
1620	8561.0
1621	8491.0
1622	8487.0
1623	8462.0
1624	8511.0
1625	8499.0
1626	8461.0
1627	8378.0
1628	8453.0
1629	8485.0
1630	8480.0
1631	8577.0
1632	8532.0
1633	8451.0
1634	8515.0
1635	8543.0
1636	8557.0
1637	8548.0
1638	8597.0
1639	8560.0
1640	8673.0
1641	8610.0
1642	8681.0
1643	8625.0
1644	8560.0
1645	8542.0
1646	8490.0
1647	8538.0
1648	8445.0
1649	8513.0
1650	8498.0
1651	8465.0
1652	8437.0
1653	8442.0
1654	8433.0
1655	8467.0
1656	8492.0
1657	8512.0
1658	8474.0
1659	8532.0
1660	8500.0
1661	8588.0
1662	8623.0
1663	8597.0
1664	8401.0
1665	8456.0
1666	8532.0
1667	8564.0
1668	8572.0
1669	8459.0
1670	8462.0
1671	8472.0
1672	8473.0
1673	8501.0
1674	8426.0
1675	8437.0
1676	8445.0
1677	8409.0
1678	8460.0
1679	8458.0
1680	8476.0
1681	8379.0
1682	8411.0
1683	8426.0
1684	8392.0
1685	8403.0
1686	8435.0
1687	8424.0
1688	8405.0
1689	8460.0
1690	8427.0
1691	8494.0
1692	8536.0
1693	8553.0
1694	8515.0
1695	8513.0
1696	8566.0
1697	8502.0
1698	8464.0
1699	8472.0
1700	8413.0
1701	8570.0
1702	8467.0
1703	8423.0
1704	8517.0
1705	8535.0
1706	8561.0
1707	8523.0
1708	8540.0
1709	8536.0
1710	8536.0
1711	8534.0
1712	8469.0
1713	8407.0
1714	8483.0
1715	8442.0
1716	8437.0
1717	8518.0
1718	8486.0
1719	8478.0
1720	8456.0
1721	8467.0
1722	8462.0
1723	8492.0
1724	8499.0
1725	8509.0
1726	8541.0
1727	8440.0
1728	8463.0
1729	8518.0
1730	8518.0
1731	8456.0
1732	8463.0
1733	8470.0
1734	8477.0
1735	8474.0
1736	8542.0
1737	8562.0
1738	8544.0
1739	8622.0
1740	8615.0
1741	8593.0
1742	8602.0
1743	8610.0
1744	8593.0
1745	8550.0
1746	8570.0
1747	8516.0
1748	8476.0
1749	8513.0
1750	8438.0
1751	8402.0
1752	8399.0
1753	8526.0
1754	8584.0
1755	8661.0
1756	8637.0
1757	8524.0
1758	8530.0
1759	8600.0
1760	8631.0
1761	8624.0
1762	8553.0
1763	8645.0
1764	8590.0
1765	8551.0
1766	8551.0
1767	8564.0
1768	8501.0
1769	8532.0
1770	8504.0
1771	8538.0
1772	8549.0
1773	8527.0
1774	8552.0
1775	8525.0
1776	8506.0
1777	8512.0
1778	8531.0
1779	8529.0
1780	8516.0
1781	8486.0
1782	8576.0
1783	8516.0
1784	8487.0
1785	8576.0
1786	8622.0
1787	8597.0
1788	8573.0
1789	8644.0
1790	8565.0
1791	8576.0
1792	8545.0
1793	8603.0
1794	8522.0
1795	8516.0
1796	8445.0
1797	8524.0
1798	8499.0
1799	8557.0
1800	8620.0
1801	8606.0
1802	8593.0
1803	8637.0
1804	8586.0
1805	8642.0
1806	8586.0
1807	8621.0
1808	8675.0
1809	8559.0
1810	8596.0
1811	8584.0
1812	8576.0
1813	8648.0
1814	8566.0
1815	8563.0
1816	8530.0
1817	8584.0
1818	8557.0
1819	8453.0
1820	8524.0
1821	8523.0
1822	8523.0
1823	8526.0
1824	8477.0
1825	8444.0
1826	8450.0
1827	8433.0
1828	8460.0
1829	8395.0
1830	8388.0
1831	8414.0
1832	8442.0
1833	8513.0
1834	8506.0
1835	8593.0
1836	8525.0
1837	8529.0
1838	8542.0
1839	8421.0
1840	8479.0
1841	8618.0
1842	8542.0
1843	8512.0
1844	8537.0
1845	8500.0
1846	8513.0
1847	8564.0
1848	8568.0
1849	8580.0
1850	8600.0
1851	8687.0
1852	8703.0
1853	8638.0
1854	8626.0
1855	8547.0
1856	8518.0
1857	8585.0
1858	8579.0
1859	8556.0
1860	8608.0
1861	8626.0
1862	8476.0
1863	8504.0
1864	8469.0
1865	8423.0
1866	8497.0
1867	8491.0
1868	8514.0
1869	8576.0
1870	8606.0
1871	8621.0
1872	8611.0
1873	8687.0
1874	8685.0
1875	8634.0
1876	8640.0
1877	8612.0
1878	8602.0
1879	8588.0
1880	8560.0
1881	8638.0
1882	8635.0
1883	8546.0
1884	8545.0
1885	8371.0
1886	8269.0
1887	8368.0
1888	8318.0
1889	8364.0
1890	8407.0
1891	8351.0
1892	8454.0
1893	8513.0
1894	8466.0
1895	8529.0
1896	8585.0
1897	8495.0
1898	8436.0
1899	8486.0
1900	8469.0
1901	8456.0
1902	8473.0
1903	8527.0
1904	8478.0
1905	8446.0
1906	8428.0
1907	8373.0
1908	8471.0
1909	8419.0
1910	8430.0
1911	8442.0
1912	8428.0
1913	8433.0
1914	8478.0
1915	8451.0
1916	8436.0
1917	8431.0
1918	8514.0
1919	8528.0
1920	8460.0
1921	8469.0
1922	8533.0
1923	8529.0
1924	8496.0
1925	8483.0
1926	8539.0
1927	8629.0
1928	8697.0
1929	8710.0
1930	8659.0
1931	8597.0
1932	8544.0
1933	8528.0
1934	8484.0
1935	8513.0
1936	8481.0
1937	8489.0
1938	8488.0
1939	8417.0
1940	8520.0
1941	8427.0
1942	8445.0
1943	8488.0
1944	8453.0
1945	8537.0
1946	8499.0
1947	8430.0
1948	8471.0
1949	8524.0
1950	8528.0
1951	8552.0
1952	8444.0
1953	8530.0
1954	8438.0
1955	8520.0
1956	8589.0
1957	8515.0
1958	8488.0
1959	8515.0
1960	8567.0
1961	8501.0
1962	8513.0
1963	8574.0
1964	8587.0
1965	8602.0
1966	8582.0
1967	8544.0
1968	8580.0
1969	8549.0
1970	8516.0
1971	8497.0
1972	8569.0
1973	8600.0
1974	8502.0
1975	8502.0
1976	8436.0
1977	8428.0
1978	8437.0
1979	8461.0
1980	8580.0
1981	8556.0
1982	8577.0
1983	8475.0
1984	8467.0
1985	8445.0
1986	8469.0
1987	8451.0
1988	8402.0
1989	8402.0
1990	8360.0
1991	8485.0
1992	8470.0
1993	8400.0
1994	8377.0
1995	8460.0
1996	8505.0
1997	8430.0
1998	8586.0
1999	8575.0
2000	8523.0
2001	8599.0
2002	8542.0
2003	8560.0
2004	8512.0
2005	8597.0
2006	8633.0
2007	8661.0
2008	8594.0
2009	8588.0
2010	8593.0
2011	8561.0
2012	8529.0
2013	8545.0
2014	8523.0
2015	8451.0
2016	8502.0
2017	8406.0
2018	8412.0
2019	8417.0
2020	8390.0
2021	8431.0
2022	8375.0
2023	8378.0
2024	8347.0
2025	8434.0
2026	8453.0
2027	8353.0
2028	8447.0
2029	8455.0
2030	8369.0
2031	8318.0
2032	8490.0
2033	8431.0
2034	8391.0
2035	8379.0
2036	8374.0
2037	8313.0
2038	8407.0
2039	8459.0
2040	8429.0
2041	8426.0
2042	8391.0
2043	8515.0
2044	8463.0
2045	8563.0
2046	8554.0
2047	8579.0
2048	8616.0
2049	8565.0
2050	8454.0
2051	8429.0
2052	8447.0
2053	8472.0
2054	8462.0
2055	8555.0
2056	8557.0
2057	8574.0
2058	8472.0
2059	8578.0
2060	8522.0
2061	8507.0
2062	8523.0
2063	8490.0
2064	8470.0
2065	8459.0
2066	8530.0
2067	8562.0
2068	8498.0
2069	8508.0
2070	8465.0
2071	8424.0
2072	8518.0
2073	8440.0
2074	8503.0
2075	8530.0
2076	8580.0
2077	8462.0
2078	8455.0
2079	8426.0
2080	8543.0
2081	8378.0
2082	8415.0
2083	8464.0
2084	8445.0
2085	8531.0
2086	8502.0
2087	8487.0
2088	8557.0
2089	8499.0
2090	8458.0
2091	8446.0
2092	8513.0
2093	8450.0
2094	8459.0
2095	8481.0
2096	8580.0
2097	8564.0
2098	8523.0
2099	8514.0
2100	8662.0
2101	8588.0
2102	8652.0
2103	8686.0
2104	8591.0
2105	8565.0
2106	8577.0
2107	8567.0
2108	8535.0
2109	8390.0
2110	8468.0
2111	8393.0
2112	8475.0
2113	8529.0
2114	8514.0
2115	8489.0
2116	8540.0
2117	8556.0
2118	8581.0
2119	8578.0
2120	8564.0
2121	8501.0
2122	8473.0
2123	8417.0
2124	8371.0
2125	8517.0
2126	8508.0
2127	8456.0
2128	8570.0
2129	8611.0
2130	8530.0
2131	8562.0
2132	8522.0
2133	8539.0
2134	8541.0
2135	8537.0
2136	8508.0
2137	8561.0
2138	8525.0
2139	8536.0
2140	8676.0
2141	8653.0
2142	8585.0
2143	8588.0
2144	8600.0
2145	8627.0
2146	8697.0
2147	8715.0
2148	8695.0
2149	8672.0
2150	8559.0
2151	8519.0
2152	8521.0
2153	8533.0
2154	8482.0
2155	8522.0
2156	8519.0
2157	8464.0
2158	8499.0
2159	8476.0
2160	8444.0
2161	8474.0
2162	8515.0
2163	8475.0
2164	8514.0
2165	8582.0
2166	8474.0
2167	8512.0
2168	8425.0
2169	8507.0
2170	8688.0
2171	8647.0
2172	8660.0
2173	8520.0
2174	8461.0
2175	8509.0
2176	8512.0
2177	8536.0
2178	8557.0
2179	8472.0
2180	8408.0
2181	8471.0
2182	8520.0
2183	8543.0
2184	8527.0
2185	8568.0
2186	8542.0
2187	8544.0
2188	8548.0
2189	8441.0
2190	8654.0
2191	8663.0
2192	8562.0
2193	8578.0
2194	8579.0
2195	8610.0
2196	8599.0
2197	8620.0
2198	8580.0
2199	8658.0
2200	8616.0
2201	8598.0
2202	8559.0
2203	8547.0
2204	8643.0
2205	8603.0
2206	8541.0
2207	8596.0
2208	8558.0
2209	8494.0
2210	8590.0
2211	8573.0
2212	8638.0
2213	8533.0
2214	8621.0
2215	8567.0
2216	8616.0
2217	8598.0
2218	8608.0
2219	8552.0
2220	8448.0
2221	8489.0
2222	8533.0
2223	8548.0
2224	8540.0
2225	8451.0
2226	8496.0
2227	8571.0
2228	8461.0
2229	8460.0
2230	8518.0
2231	8529.0
2232	8507.0
2233	8480.0
2234	8469.0
2235	8515.0
2236	8497.0
2237	8522.0
2238	8622.0
2239	8597.0
2240	8664.0
2241	8548.0
2242	8499.0
2243	8485.0
2244	8460.0
2245	8477.0
2246	8456.0
2247	8506.0
2248	8526.0
2249	8553.0
2250	8500.0
2251	8553.0
2252	8583.0
2253	8531.0
2254	8550.0
2255	8556.0
2256	8529.0
2257	8543.0
2258	8552.0
2259	8595.0
2260	8546.0
2261	8570.0
2262	8499.0
2263	8478.0
2264	8490.0
2265	8496.0
2266	8431.0
2267	8432.0
2268	8511.0
2269	8509.0
2270	8543.0
2271	8457.0
2272	8483.0
2273	8557.0
2274	8576.0
2275	8593.0
2276	8603.0
2277	8518.0
2278	8569.0
2279	8495.0
2280	8503.0
2281	8517.0
2282	8466.0
2283	8536.0
2284	8440.0
2285	8564.0
2286	8519.0
2287	8523.0
2288	8547.0
2289	8512.0
2290	8453.0
2291	8520.0
2292	8483.0
2293	8493.0
2294	8489.0
2295	8491.0
2296	8514.0
2297	8465.0
2298	8544.0
2299	8517.0
2300	8432.0
2301	8404.0
2302	8431.0
2303	8450.0
2304	8462.0
2305	8494.0
2306	8517.0
2307	8499.0
2308	8503.0
2309	8410.0
2310	8385.0
2311	8350.0
2312	8422.0
2313	8367.0
2314	8433.0
2315	8365.0
2316	8439.0
2317	8405.0
2318	8450.0
2319	8535.0
2320	8457.0
2321	8484.0
2322	8504.0
2323	8541.0
2324	8520.0
2325	8618.0
2326	8596.0
2327	8522.0
2328	8422.0
2329	8459.0
2330	8408.0
2331	8485.0
2332	8459.0
2333	8516.0
2334	8473.0
2335	8540.0
2336	8518.0
2337	8527.0
2338	8517.0
2339	8487.0
2340	8464.0
2341	8532.0
2342	8522.0
2343	8474.0
2344	8451.0
2345	8434.0
2346	8429.0
2347	8436.0
2348	8455.0
2349	8483.0
2350	8438.0
2351	8455.0
2352	8410.0
2353	8440.0
2354	8360.0
2355	8385.0
2356	8390.0
2357	8461.0
2358	8473.0
2359	8482.0
2360	8385.0
2361	8421.0
2362	8469.0
2363	8480.0
2364	8525.0
2365	8647.0
2366	8581.0
2367	8522.0
2368	8640.0
2369	8508.0
2370	8514.0
2371	8574.0
2372	8552.0
2373	8609.0
2374	8631.0
2375	8601.0
2376	8693.0
2377	8645.0
2378	8706.0
2379	8632.0
2380	8687.0
2381	8698.0
2382	8748.0
2383	8676.0
2384	8676.0
2385	8530.0
2386	8518.0
2387	8575.0
2388	8475.0
2389	8497.0
2390	8605.0
2391	8551.0
2392	8512.0
2393	8434.0
2394	8393.0
2395	8409.0
2396	8427.0
2397	8371.0
2398	8445.0
2399	8535.0
2400	8495.0
2401	8500.0
2402	8507.0
2403	8500.0
2404	8524.0
2405	8490.0
2406	8482.0
2407	8493.0
2408	8436.0
2409	8360.0
2410	8380.0
2411	8383.0
2412	8318.0
2413	8371.0
2414	8368.0
2415	8436.0
2416	8414.0
2417	8444.0
2418	8501.0
2419	8491.0
2420	8434.0
2421	8525.0
2422	8502.0
2423	8516.0
2424	8538.0
2425	8580.0
2426	8548.0
2427	8503.0
2428	8472.0
2429	8396.0
2430	8544.0
2431	8562.0
2432	8529.0
2433	8502.0
2434	8538.0
2435	8519.0
2436	8473.0
2437	8402.0
2438	8492.0
2439	8500.0
2440	8490.0
2441	8575.0
2442	8596.0
2443	8516.0
2444	8420.0
2445	8496.0
2446	8483.0
2447	8483.0
2448	8577.0
2449	8589.0
2450	8520.0
2451	8550.0
2452	8534.0
2453	8432.0
2454	8462.0
2455	8473.0
2456	8559.0
2457	8608.0
2458	8672.0
2459	8684.0
2460	8582.0
2461	8548.0
2462	8571.0
2463	8499.0
2464	8460.0
2465	8483.0
2466	8459.0
2467	8429.0
2468	8444.0
2469	8455.0
2470	8471.0
2471	8517.0
2472	8438.0
2473	8404.0
2474	8346.0
2475	8335.0
2476	8327.0
2477	8381.0
2478	8367.0
2479	8446.0
2480	8378.0
2481	8403.0
2482	8393.0
2483	8443.0
2484	8389.0
2485	8466.0
2486	8460.0
2487	8378.0
2488	8414.0
2489	8428.0
2490	8489.0
2491	8458.0
2492	8474.0
2493	8416.0
2494	8436.0
2495	8420.0
2496	8443.0
2497	8468.0
2498	8506.0
2499	8668.0
2500	8582.0
2501	8525.0
2502	8434.0
2503	8508.0
2504	8388.0
2505	8422.0
2506	8429.0
2507	8454.0
2508	8492.0
2509	8607.0
2510	8484.0
2511	8498.0
2512	8616.0
2513	8530.0
2514	8489.0
2515	8510.0
2516	8499.0
2517	8477.0
2518	8556.0
2519	8484.0
2520	8494.0
2521	8459.0
2522	8394.0
2523	8440.0
2524	8449.0
2525	8360.0
2526	8466.0
2527	8462.0
2528	8419.0
2529	8363.0
2530	8402.0
2531	8421.0
2532	8484.0
2533	8439.0
2534	8442.0
2535	8466.0
2536	8526.0
2537	8497.0
2538	8495.0
2539	8483.0
2540	8475.0
2541	8522.0
2542	8478.0
2543	8467.0
2544	8446.0
2545	8480.0
2546	8430.0
2547	8485.0
2548	8507.0
2549	8576.0
2550	8560.0
2551	8510.0
2552	8493.0
2553	8559.0
2554	8452.0
2555	8464.0
2556	8501.0
2557	8469.0
2558	8476.0
2559	8461.0
2560	8443.0
2561	8432.0
2562	8434.0
2563	8440.0
2564	8499.0
2565	8502.0
2566	8500.0
2567	8529.0
2568	8455.0
2569	8398.0
2570	8458.0
2571	8447.0
2572	8452.0
2573	8449.0
2574	8444.0
2575	8437.0
2576	8420.0
2577	8486.0
2578	8493.0
2579	8511.0
2580	8489.0
2581	8361.0
2582	8463.0
2583	8368.0
2584	8410.0
2585	8523.0
2586	8597.0
2587	8688.0
2588	8626.0
2589	8490.0
2590	8553.0
2591	8443.0
2592	8470.0
2593	8547.0
2594	8467.0
2595	8426.0
2596	8480.0
2597	8530.0
2598	8501.0
2599	8475.0
2600	8544.0
2601	8566.0
2602	8527.0
2603	8577.0
2604	8571.0
2605	8532.0
2606	8523.0
2607	8601.0
2608	8554.0
2609	8542.0
2610	8559.0
2611	8551.0
2612	8531.0
2613	8468.0
2614	8508.0
2615	8496.0
2616	8517.0
2617	8473.0
2618	8486.0
2619	8496.0
2620	8516.0
2621	8566.0
2622	8521.0
2623	8536.0
2624	8557.0
2625	8509.0
2626	8531.0
2627	8586.0
2628	8572.0
2629	8424.0
2630	8442.0
2631	8415.0
2632	8355.0
2633	8433.0
2634	8546.0
2635	8607.0
2636	8555.0
2637	8497.0
2638	8437.0
2639	8478.0
2640	8464.0
2641	8451.0
2642	8484.0
2643	8567.0
2644	8579.0
2645	8567.0
2646	8535.0
2647	8545.0
2648	8536.0
2649	8551.0
2650	8584.0
2651	8513.0
2652	8559.0
2653	8529.0
2654	8471.0
2655	8527.0
2656	8482.0
2657	8579.0
2658	8661.0
2659	8679.0
2660	8636.0
2661	8658.0
2662	8648.0
2663	8564.0
2664	8503.0
2665	8554.0
2666	8580.0
2667	8566.0
2668	8545.0
2669	8575.0
2670	8623.0
2671	8606.0
2672	8662.0
2673	8643.0
2674	8554.0
2675	8525.0
2676	8532.0
2677	8531.0
2678	8502.0
2679	8511.0
2680	8512.0
2681	8470.0
2682	8503.0
2683	8437.0
2684	8543.0
2685	8635.0
2686	8605.0
2687	8560.0
2688	8567.0
2689	8490.0
2690	8541.0
2691	8545.0
2692	8444.0
2693	8429.0
2694	8406.0
2695	8444.0
2696	8410.0
2697	8449.0
2698	8432.0
2699	8354.0
2700	8403.0
2701	8496.0
2702	8481.0
2703	8481.0
2704	8446.0
2705	8447.0
2706	8393.0
2707	8392.0
2708	8450.0
2709	8563.0
2710	8419.0
2711	8444.0
2712	8506.0
2713	8504.0
2714	8585.0
2715	8621.0
2716	8607.0
2717	8598.0
2718	8556.0
2719	8530.0
2720	8574.0
2721	8596.0
2722	8600.0
2723	8551.0
2724	8529.0
2725	8563.0
2726	8544.0
2727	8418.0
2728	8468.0
2729	8510.0
2730	8457.0
2731	8394.0
2732	8411.0
2733	8457.0
2734	8428.0
2735	8468.0
2736	8508.0
2737	8513.0
2738	8571.0
2739	8591.0
2740	8498.0
2741	8549.0
2742	8531.0
2743	8485.0
2744	8421.0
2745	8489.0
2746	8535.0
2747	8484.0
2748	8468.0
2749	8482.0
2750	8564.0
2751	8499.0
2752	8452.0
2753	8494.0
2754	8472.0
2755	8484.0
2756	8571.0
2757	8520.0
2758	8482.0
2759	8452.0
2760	8507.0
2761	8474.0
2762	8562.0
2763	8472.0
2764	8504.0
2765	8540.0
2766	8499.0
2767	8445.0
2768	8468.0
2769	8331.0
2770	8367.0
2771	8365.0
2772	8379.0
2773	8436.0
2774	8407.0
2775	8484.0
2776	8440.0
2777	8414.0
2778	8337.0
2779	8448.0
2780	8398.0
2781	8451.0
2782	8610.0
2783	8464.0
2784	8596.0
2785	8561.0
2786	8556.0
2787	8457.0
2788	8494.0
2789	8452.0
2790	8534.0
2791	8620.0
2792	8603.0
2793	8638.0
2794	8653.0
2795	8589.0
2796	8646.0
2797	8591.0
2798	8603.0
2799	8608.0
2800	8608.0
2801	8614.0
2802	8630.0
2803	8580.0
2804	8589.0
2805	8594.0
2806	8542.0
2807	8545.0
2808	8408.0
2809	8460.0
2810	8420.0
2811	8463.0
2812	8413.0
2813	8499.0
2814	8473.0
2815	8420.0
2816	8423.0
2817	8305.0
2818	8459.0
2819	8433.0
2820	8444.0
2821	8422.0
2822	8525.0
2823	8587.0
2824	8648.0
2825	8592.0
2826	8555.0
2827	8627.0
2828	8655.0
2829	8607.0
2830	8623.0
2831	8584.0
2832	8585.0
2833	8561.0
2834	8690.0
2835	8584.0
2836	8627.0
2837	8611.0
2838	8578.0
2839	8609.0
2840	8588.0
2841	8527.0
2842	8591.0
2843	8541.0
2844	8567.0
2845	8544.0
2846	8518.0
2847	8500.0
2848	8517.0
2849	8552.0
2850	8446.0
2851	8544.0
2852	8603.0
2853	8551.0
2854	8555.0
2855	8488.0
2856	8609.0
2857	8591.0
2858	8589.0
2859	8619.0
2860	8525.0
2861	8504.0
2862	8576.0
2863	8496.0
2864	8529.0
2865	8525.0
2866	8482.0
2867	8520.0
2868	8505.0
2869	8582.0
2870	8536.0
2871	8557.0
2872	8520.0
2873	8553.0
2874	8577.0
2875	8559.0
2876	8569.0
2877	8542.0
2878	8480.0
2879	8480.0
2880	8535.0
2881	8402.0
2882	8508.0
2883	8509.0
2884	8369.0
2885	8329.0
2886	8460.0
2887	8451.0
2888	8437.0
2889	8448.0
2890	8535.0
2891	8575.0
2892	8517.0
2893	8537.0
2894	8561.0
2895	8526.0
2896	8454.0
2897	8535.0
2898	8523.0
2899	8546.0
2900	8627.0
2901	8592.0
2902	8608.0
2903	8588.0
2904	8490.0
2905	8492.0
2906	8602.0
2907	8597.0
2908	8542.0
2909	8553.0
2910	8549.0
2911	8526.0
2912	8600.0
2913	8605.0
2914	8681.0
2915	8658.0
2916	8599.0
2917	8551.0
2918	8486.0
2919	8420.0
2920	8395.0
2921	8455.0
2922	8557.0
2923	8583.0
2924	8563.0
2925	8489.0
2926	8453.0
2927	8427.0
2928	8432.0
2929	8524.0
2930	8482.0
2931	8503.0
2932	8533.0
2933	8473.0
2934	8493.0
2935	8479.0
2936	8506.0
2937	8536.0
2938	8444.0
2939	8488.0
2940	8543.0
2941	8537.0
2942	8590.0
2943	8532.0
2944	8517.0
2945	8509.0
2946	8576.0
2947	8554.0
2948	8549.0
2949	8517.0
2950	8533.0
2951	8556.0
2952	8514.0
2953	8485.0
2954	8392.0
2955	8428.0
2956	8362.0
2957	8314.0
2958	8436.0
2959	8437.0
2960	8484.0
2961	8449.0
2962	8481.0
2963	8441.0
2964	8432.0
2965	8486.0
2966	8488.0
2967	8521.0
2968	8509.0
2969	8522.0
2970	8594.0
2971	8512.0
2972	8536.0
2973	8601.0
2974	8491.0
2975	8593.0
2976	8600.0
2977	8678.0
2978	8592.0
2979	8537.0
2980	8526.0
2981	8537.0
2982	8578.0
2983	8572.0
2984	8596.0
2985	8590.0
2986	8562.0
2987	8583.0
2988	8559.0
2989	8573.0
2990	8511.0
2991	8547.0
2992	8523.0
2993	8473.0
2994	8419.0
2995	8427.0
2996	8473.0
2997	8450.0
2998	8472.0
2999	8514.0
3000	8560.0
1001	-13.37
1002	15.78
1003	-8.129
1004	10.52
1005	5.115
1006	10.24
1007	-6.822
1008	-7.976
1009	-11.13
1010	9.031
1011	-11.75
1012	22.99
1013	-41.24
1014	6.471
1015	-7.702
1016	33.33
1017	28.06
1018	-0.09194
1019	-11.52
1020	-5.646
1021	1.969
1022	-4.14
1023	-1.297
1024	4.221
1025	1.493
1026	-0.8284
1027	3.627
1028	-7.906
1029	-3.378
1030	5.116
1031	6.508
1032	-1.109
1033	-0.8987
1034	-9.287
1035	3.639
1036	-16.7
1037	-10.75
1038	-5.602
1039	0.6805
1040	6.016
1041	1.334
1042	-9.221
1043	7.08
1044	-0.8932
1045	-10.09
1046	1.857
1047	-5.475
1048	2.259
1049	-8.868
1050	-0.5998
1051	4.219
1052	-0.7348
1053	-3.631
1054	2.526
1055	-4.526
1056	0.3215
1057	-8.524
1058	-5.53
1059	-8.057
1060	7.23
1061	-6.478
1062	8.979
1063	-21.0
1064	7.122
1065	7.466
1066	7.042
1067	6.622
1068	-9.34
1069	6.614
1070	0.7379
1071	2.383
1072	9.635
1073	26.85
1074	-4.078
1075	-9.872
1076	-0.7178
1077	-12.86
1078	23.88
1079	5.969
1080	11.19
1081	-7.532
1082	16.07
1083	8.793
1084	7.834
1085	-1.859
1086	1.71
1087	-0.193
1088	-3.402
1089	12.61
1090	5.573
1091	5.3
1092	0.9615
1093	3.957
1094	11.02
1095	5.328
1096	-10.41
1097	2.371
1098	-4.118
1099	1.949
1100	-1.816
1101	0.4618
1102	7.533
1103	-5.412
1104	-11.2
1105	-0.8783
1106	-0.5666
1107	6.999
1108	13.06
1109	-11.83
1110	-20.21
1111	10.34
1112	31.38
1113	35.14
1114	19.32
1115	32.77
1116	-2.633
1117	18.01
1118	27.1
1119	-12.7
1120	-1.352
1121	45.27
1122	-4.001
1123	-15.43
1124	10.95
1125	9.957
1126	-17.68
1127	-6.192
1128	-11.26
1129	-8.508
1130	-7.793
1131	5.97
1132	2.283
1133	0.002163
1134	11.83
1135	5.067
1136	25.51
1137	41.64
1138	10.07
1139	-5.219
1140	-0.101
1141	-1.677
1142	7.917
1143	3.385
1144	3.419
1145	11.35
1146	-1.899
1147	6.317
1148	-2.598
1149	-0.6504
1150	-5.267
1151	-0.1365
1152	-0.2068
1153	0.196
1154	-0.9183
1155	-0.2848
1156	-0.6651
1157	0.04488
1158	-0.1341
1159	4.435
1160	0.2286
1161	2.12
1162	-0.532
1163	0.03463
1164	2.632
1165	-0.06032
1166	-2.875
1167	-1.068E-4
1168	-0.8846
1169	-0.7707
1170	0.4556
1171	0.2677
1172	0.9697
1173	0.7315
1174	-0.5468
1175	-3.367
1176	-0.5688
1177	0.1302
1178	-1.644
1179	4.441
1180	1.95
1181	-0.1464
1182	-0.4709
1183	-2.816
1184	-1.06
1185	-0.7048
1186	2.203
1187	0.2314
1188	0.9584
1189	0.1189
1190	2.822
1191	6.082
1192	5.969
1193	5.787
1194	8.924
1195	-2.458
1196	0.3792
1197	-2.608
1198	-1.027
1199	1.82
1200	3.377
1201	-5.064
1202	1.107
1203	17.89
1204	-11.92
1205	-19.99
1206	6.973
1207	-7.045
1208	0.9585
1209	1.574
1210	-1.791
1211	-1.16
1212	3.733
1213	-2.162
1214	0.5945
1215	-0.8876
1216	0.1264
1217	-4.313
1218	17.05
1219	-8.517
1220	8.4
1221	-6.99
1222	-7.317
1223	-30.24
1224	-3.62
1225	-20.36
1226	-16.34
1227	-5.751
1228	0.753
1229	5.927
1230	-4.362
1231	7.634
1232	-4.752
1233	14.19
1234	-0.4142
1235	5.275
1236	0.9519
1237	3.223
1238	4.006
1239	9.874
1240	1.693
1241	3.984
1242	-0.4002
1243	9.506
1244	-1.836
1245	-0.542
1246	-1.958
1247	0.6974
1248	0.4813
1249	0.2336
1250	-0.07327
1251	-0.08905
1252	-2.174
1253	-0.701
1254	-0.7707
1255	-0.04329
1256	-0.9209
1257	0.1135
1258	0.7564
1259	-1.946
1260	0.0601
1261	-0.6306
1262	0.01906
1263	-3.24
1264	0.3003
1265	5.615
1266	3.042
1267	11.17
1268	-0.548
1269	2.182
1270	1.59
1271	-2.653
1272	3.806
1273	10.03
1274	3.834
1275	0.6373
1276	3.28
1277	9.703
1278	11.42
1279	0.5206
1280	6.021
1281	1.142
1282	0.1721
1283	-1.252
1284	-0.04817
1285	0.5617
1286	-0.2351
1287	-1.625
1288	2.377
1289	2.092
1290	-4.915
1291	-0.1367
1292	1.712
1293	8.684
1294	10.41
1295	-8.064
1296	5.331
1297	0.8896
1298	26.37
1299	-14.28
1300	-0.5637
1301	4.512
1302	0.1979
1303	4.899
1304	4.541
1305	7.231
1306	0.4985
1307	-0.04296
1308	6.619
1309	-2.345
1310	16.39
1311	9.493
1312	-6.612
1313	5.847
1314	-0.883
1315	2.048
1316	-1.403
1317	-11.48
1318	-1.394
1319	-0.5515
1320	-11.26
1321	0.5338
1322	4.824
1323	4.437
1324	-8.335
1325	6.259
1326	6.153
1327	5.58
1328	-0.4083
1329	2.063
1330	1.366
1331	-0.1101
1332	3.656
1333	-1.53
1334	3.682
1335	-0.2945
1336	-0.7506
1337	0.816
1338	-0.5024
1339	2.143
1340	4.999
1341	4.156
1342	-0.4161
1343	-1.176
1344	5.356
1345	1.009
1346	9.401
1347	5.195
1348	0.9624
1349	-0.583
1350	5.333
1351	-2.498
1352	-0.5216
1353	-8.236E-4
1354	-0.246
1355	1.079
1356	2.509
1357	-3.747
1358	0.9534
1359	-0.5072
1360	-0.5068
1361	-0.22
1362	0.1978
1363	0.1349
1364	0.7854
1365	0.1482
1366	-5.767
1367	0.2958
1368	0.01954
1369	3.241
1370	7.753
1371	0.442
1372	0.3247
1373	-2.173
1374	-0.6203
1375	1.291
1376	-6.767
1377	-0.1815
1378	2.162
1379	-0.9652
1380	5.216
1381	0.04725
1382	-0.05233
1383	1.178
1384	0.8904
1385	4.46
1386	0.6028
1387	-0.4442
1388	0.3677
1389	-0.6445
1390	-1.768
1391	0.06373
1392	0.5582
1393	3.856
1394	6.174
1395	3.268
1396	4.472
1397	-5.504
1398	5.991
1399	-1.154
1400	11.4
1401	22.01
1402	19.37
1403	-5.585
1404	2.302
1405	-0.6128
1406	-2.759
1407	5.249
1408	1.061
1409	-0.2245
1410	-1.666
1411	-5.685
1412	2.948
1413	4.293
1414	2.39
1415	0.7159
1416	-0.3479
1417	-2.498
1418	4.111
1419	4.792
1420	-4.072
1421	5.394
1422	12.47
1423	-0.4035
1424	0.5724
1425	1.925
1426	3.832
1427	1.84
1428	0.4421
1429	-2.922
1430	8.382
1431	14.4
1432	18.59
1433	40.99
1434	-1.834
1435	1.406
1436	32.83
1437	16.55
1438	30.9
1439	-5.759
1440	14.89
1441	10.24
1442	-18.09
1443	2.216
1444	4.255
1445	0.732
1446	-4.518
1447	9.24
1448	4.258
1449	-4.94
1450	7.342
1451	-7.438
1452	-7.262
1453	7.796
1454	-4.094
1455	-0.3803
1456	-0.6727
1457	-8.927
1458	9.586
1459	34.1
1460	10.22
1461	-10.47
1462	17.89
1463	21.58
1464	23.89
1465	15.52
1466	4.437
1467	12.13
1468	-14.37
1469	7.44
1470	10.58
1471	2.155
1472	-0.06741
1473	0.7919
1474	0.002055
1475	1.077
1476	7.317
1477	-0.2036
1478	20.57
1479	-5.902
1480	8.889
1481	4.248
1482	-1.47
1483	-1.115
1484	17.89
1485	-5.517
1486	-5.338
1487	1.197
1488	6.949
1489	-2.179
1490	-1.089
1491	4.755
1492	-1.589
1493	5.589
1494	10.54
1495	3.41
1496	-4.653
1497	-3.27
1498	11.9
1499	-0.3519
1500	1.478
1501	0.6411
1502	-13.53
1503	-0.8896
1504	8.117
1505	-10.19
1506	-3.979
1507	6.539
1508	-1.453
1509	5.742
1510	6.327
1511	0.4054
1512	-2.77
1513	2.851
1514	4.088
1515	14.34
1516	-0.7074
1517	-8.669
1518	-4.52
1519	13.41
1520	26.0
1521	27.8
1522	7.911
1523	20.15
1524	-20.86
1525	-4.691
1526	28.11
1527	21.96
1528	1.223
1529	-11.87
1530	-12.0
1531	-15.16
1532	14.32
1533	10.8
1534	12.64
1535	15.63
1536	-0.4833
1537	0.3788
1538	2.968
1539	7.061
1540	-8.789
1541	19.87
1542	-9.089
1543	-2.307
1544	1.732
1545	8.99
1546	-0.782
1547	5.22
1548	-3.721
1549	-3.594
1550	-1.542
1551	0.03098
1552	1.291
1553	3.12
1554	10.58
1555	-24.0
1556	-0.7619
1557	8.923
1558	6.488
1559	4.677
1560	2.687
1561	-1.847
1562	0.5718
1563	0.232
1564	0.4097
1565	2.692
1566	10.39
1567	-0.5518
1568	0.5678
1569	-0.7072
1570	-0.1173
1571	-0.5789
1572	-1.113
1573	-0.1282
1574	6.335
1575	0.909
1576	3.556
1577	0.4454
1578	12.4
1579	2.189
1580	-1.307
1581	-0.7233
1582	0.1237
1583	3.128
1584	-3.705
1585	-0.2433
1586	1.462
1587	-0.8597
1588	0.9115
1589	1.182
1590	0.9159
1591	0.7786
1592	2.964
1593	0.2083
1594	6.15
1595	-2.166
1596	4.182
1597	5.507
1598	5.624
1599	0.7561
1600	5.927
1601	1.954
1602	-0.8609
1603	-4.094
1604	2.989
1605	-3.649
1606	-1.284
1607	2.944
1608	5.845
1609	4.277
1610	8.415
1611	-1.944
1612	5.217
1613	8.551
1614	14.46
1615	11.58
1616	17.44
1617	-10.66
1618	-19.65
1619	21.07
1620	8.41
1621	-31.61
1622	32.2
1623	2.565
1624	5.129
1625	5.259
1626	5.026
1627	-0.01501
1628	1.255
1629	3.431
1630	0.008799
1631	0.4669
1632	0.3124
1633	2.865
1634	3.807
1635	-0.7824
1636	2.758
1637	0.04725
1638	1.606
1639	-1.91
1640	-0.5565
1641	-0.1227
1642	18.01
1643	-0.6
1644	2.082
1645	-0.676
1646	0.1933
1647	-3.088
1648	6.631
1649	-2.051
1650	6.611
1651	3.522
1652	3.276
1653	5.876
1654	-1.018
1655	-3.497
1656	-14.56
1657	12.94
1658	3.286
1659	10.78
1660	-22.68
1661	9.651
1662	-7.432
1663	0.2676
1664	-2.708
1665	2.308
1666	3.026
1667	8.898
1668	2.014
1669	16.09
1670	-3.963
1671	-10.02
1672	-6.823
1673	4.095
1674	-5.566
1675	10.47
1676	1.726
1677	-1.285
1678	-1.518
1679	-0.5293
1680	-0.4769
1681	-5.742
1682	15.52
1683	10.13
1684	-2.002
1685	-0.5861
1686	18.44
1687	22.8
1688	26.78
1689	-7.922
1690	2.264
1691	-29.85
1692	8.335
1693	2.795
1694	-5.026
1695	-0.08089
1696	8.875
1697	-6.369
1698	-3.923
1699	-7.492
1700	0.2967
1701	-0.07215
1702	-0.1031
1703	-0.05364
1704	8.601
1705	2.764
1706	7.283
1707	4.192
1708	-2.43
1709	5.969
1710	-2.399
1711	-4.134
1712	-12.42
1713	2.745
1714	8.226
1715	-1.452
1716	-1.037
1717	0.4609
1718	8.005
1719	12.43
1720	7.515
1721	13.67
1722	7.817
1723	9.583
1724	-0.9155
1725	-0.9246
1726	18.78
1727	3.254
1728	-5.082
1729	-1.791
1730	1.304
1731	0.9607
1732	5.09
1733	-5.161
1734	4.763
1735	1.101
1736	-2.326
1737	5.163
1738	2.415
1739	18.88
1740	0.1945
1741	12.59
1742	3.171
1743	7.545
1744	-5.834
1745	-26.27
1746	0.6227
1747	-10.35
1748	10.32
1749	-0.2512
1750	-0.3852
1751	14.94
1752	5.317
1753	-3.562
1754	21.84
1755	10.25
1756	18.55
1757	3.993
1758	16.38
1759	-11.55
1760	0.1516
1761	6.604
1762	-11.22
1763	20.89
1764	1.134
1765	-9.022
1766	-15.46
1767	1.876
1768	24.78
1769	-10.82
1770	-22.61
1771	1.278
1772	-3.066
1773	-2.011
1774	2.342
1775	1.167
1776	-2.855
1777	5.873
1778	6.013
1779	-0.426
1780	0.1807
1781	4.038
1782	-3.11
1783	0.9914
1784	0.8216
1785	-3.94
1786	0.1906
1787	0.2132
1788	0.8189
1789	-0.9432
1790	1.457
1791	0.1939
1792	1.728
1793	-0.03978
1794	-0.00563
1795	0.2884
1796	8.702
1797	8.91
1798	11.06
1799	-0.3559
1800	14.34
1801	-13.24
1802	28.36
1803	-3.143
1804	-9.539
1805	1.171
1806	-9.955
1807	7.739
1808	13.9
1809	30.46
1810	11.03
1811	-7.078
1812	13.42
1813	0.7399
1814	11.12
1815	3.876
1816	3.234
1817	37.92
1818	2.325
1819	2.514
1820	-5.065
1821	-4.611
1822	-3.085
1823	-3.014
1824	2.014
1825	23.75
1826	16.14
1827	7.951
1828	-18.84
1829	-4.886
1830	-18.46
1831	-2.06
1832	0.1254
1833	-1.174
1834	8.316
1835	-1.888
1836	-14.35
1837	-9.259
1838	2.493
1839	-22.75
1840	7.157
1841	-3.524
1842	19.19
1843	-6.266
1844	6.037
1845	17.92
1846	-2.514
1847	-13.64
1848	-14.13
1849	-12.92
1850	12.77
1851	6.442
1852	-4.323
1853	-1.867
1854	1.245
1855	2.273
1856	0.5194
1857	0.5305
1858	0.5182
1859	-0.05882
1860	-0.2641
1861	2.803
1862	-1.537
1863	0.05868
1864	1.146
1865	-1.568
1866	20.36
1867	-11.26
1868	6.605
1869	3.188
1870	-2.463
1871	-20.23
1872	-3.9
1873	-1.055
1874	4.998
1875	3.236
1876	-2.564
1877	2.896
1878	2.336
1879	3.391
1880	-2.813
1881	-1.783
1882	4.592
1883	-1.609
1884	3.339
1885	-0.2692
1886	1.032
1887	0.3467
1888	5.037
1889	-0.285
1890	3.146
1891	-1.983
1892	5.708
1893	5.598
1894	2.576
1895	3.528
1896	-16.59
1897	12.5
1898	1.926
1899	6.848
1900	-2.507
1901	-4.17
1902	-0.9539
1903	8.67
1904	-14.61
1905	2.99
1906	-1.296
1907	-1.355
1908	-2.605
1909	-11.52
1910	-7.907
1911	-10.19
1912	-0.6442
1913	9.066
1914	-12.73
1915	-9.69
1916	3.22
1917	6.618
1918	-3.614
1919	10.32
1920	2.943
1921	0.8457
1922	1.818
1923	-7.176
1924	-0.5248
1925	0.9527
1926	0.5494
1927	0.5158
1928	0.05863
1929	5.864
1930	0.6977
1931	2.269
1932	-0.6419
1933	12.66
1934	-6.644
1935	0.7091
1936	-7.255
1937	3.806
1938	6.618
1939	2.522
1940	-1.579
1941	19.23
1942	0.006668
1943	-9.701
1944	-3.215
1945	-1.312
1946	-3.362
1947	-11.42
1948	5.925
1949	-5.209
1950	11.11
1951	2.299
1952	9.713
1953	15.48
1954	23.84
1955	-30.74
1956	-1.299
1957	-1.823
1958	4.115
1959	-14.47
1960	-12.81
1961	-0.452
1962	1.142
1963	-7.224
1964	13.33
1965	3.327
1966	27.79
1967	-15.3
1968	-11.28
1969	6.206
1970	-15.87
1971	-2.73
1972	4.58
1973	17.32
1974	17.54
1975	2.485
1976	9.47
1977	-14.42
1978	1.03
1979	-1.786
1980	0.476
1981	2.072
1982	0.6607
1983	0.143
1984	3.627
1985	-0.09596
1986	9.531
1987	4.249
1988	-0.7791
1989	-1.018
1990	12.47
1991	-4.219
1992	7.333
1993	5.027
1994	-3.773
1995	19.08
1996	-14.61
1997	-4.398
1998	28.35
1999	-4.352
2000	2.019
2001	1.904
2002	12.61
2003	0.3989
2004	9.898
2005	-0.6389
2006	11.61
2007	5.329
2008	8.216
2009	-9.132
2010	0.5385
2011	-0.9545
2012	-4.805
2013	-4.515
2014	-8.87
2015	-5.271
2016	7.269
2017	10.92
2018	21.36
2019	1.181
2020	23.31
2021	7.541
2022	0.8329
2023	8.495
2024	5.176
2025	10.68
2026	12.62
2027	25.55
2028	-7.561
2029	5.468
2030	-2.813
2031	3.99
2032	2.504
2033	3.16
2034	8.637
2035	3.374
2036	16.15
2037	-0.3411
2038	-0.2845
2039	5.816
2040	7.645
2041	4.967
2042	-7.692
2043	7.291
2044	1.454
2045	-9.318
2046	3.38
2047	19.84
2048	-6.185
2049	-3.856
2050	-4.673
2051	3.927
2052	14.08
2053	20.72
2054	-25.94
2055	-1.249
2056	12.19
2057	-19.1
2058	-10.2
2059	0.4486
2060	-2.399
2061	0.2556
2062	5.296
2063	-1.288
2064	-0.5378
2065	9.38
2066	-15.26
2067	-6.557
2068	-1.825
2069	-2.803
2070	7.708
2071	13.62
2072	-1.16
2073	-1.651
2074	-8.836
2075	7.744
2076	3.464
2077	4.329
2078	10.4
2079	12.1
2080	-4.308
2081	-18.57
2082	-6.025
2083	-7.521
2084	-9.64
2085	-13.31
2086	-4.206
2087	23.07
2088	0.7678
2089	10.17
2090	-6.647
2091	-7.522
2092	23.05
2093	15.13
2094	23.95
2095	6.161
2096	14.57
2097	2.739
2098	20.96
2099	2.827
2100	19.34
2101	3.46
2102	-10.15
2103	-3.514
2104	2.607
2105	1.453
2106	4.268
2107	2.676
2108	0.8482
2109	9.576
2110	5.419
2111	3.113
2112	8.378
2113	11.83
2114	-11.85
2115	5.321
2116	1.973
2117	1.278
2118	6.188
2119	4.181
2120	3.745
2121	-3.687
2122	2.729
2123	-0.8486
2124	7.861
2125	2.969
2126	-4.646
2127	-0.5023
2128	5.648
2129	0.1059
2130	3.385
2131	7.686
2132	13.74
2133	13.75
2134	-19.54
2135	5.891
2136	1.818
2137	7.318
2138	-0.9618
2139	-2.257
2140	0.6136
2141	1.085
2142	0.8671
2143	-3.718
2144	0.9469
2145	-3.852
2146	4.402
2147	-8.171
2148	19.05
2149	24.51
2150	12.26
2151	7.886
2152	9.623
2153	-20.43
2154	-1.931
2155	8.894
2156	3.721
2157	14.37
2158	-2.824
2159	-2.132
2160	-2.311
2161	-2.695
2162	-5.037
2163	7.36
2164	1.513
2165	5.724
2166	10.11
2167	-10.52
2168	-2.112
2169	4.226
2170	3.576
2171	4.893
2172	-0.2643
2173	-8.295
2174	8.81
2175	7.954
2176	2.417
2177	-4.366
2178	0.104
2179	1.599
2180	2.799
2181	19.93
2182	-11.82
2183	-1.332
2184	20.23
2185	6.834
2186	1.064
2187	5.413
2188	-5.532
2189	5.516
2190	5.545
2191	2.148
2192	-19.42
2193	-2.932
2194	-1.18
2195	14.69
2196	10.15
2197	-16.37
2198	-4.42
2199	-5.392
2200	3.29
2201	-11.63
2202	-14.86
2203	-4.272
2204	-28.68
2205	-11.04
2206	-3.844
2207	4.999
2208	-18.85
2209	3.231
2210	-4.844
2211	-3.572
2212	10.94
2213	4.667
2214	11.17
2215	0.2834
2216	-2.317
2217	5.052
2218	-4.37
2219	2.253
2220	0.7594
2221	-13.05
2222	-11.76
2223	-3.124
2224	-1.423
2225	4.118
2226	-1.826
2227	1.515
2228	0.003418
2229	-0.3195
2230	1.538
2231	1.33
2232	-0.4898
2233	4.142
2234	2.535
2235	1.836
2236	-2.323
2237	2.019
2238	-0.4993
2239	5.203
2240	1.694
2241	0.4826
2242	3.575
2243	4.579
2244	21.38
2245	5.082
2246	1.778
2247	4.704
2248	6.268
2249	4.68
2250	-2.528
2251	2.627
2252	-3.673
2253	0.2707
2254	-1.085
2255	-0.09575
2256	-6.19
2257	-3.983
2258	9.109
2259	-2.909
2260	-5.27
2261	-6.481
2262	-0.4445
2263	-7.188
2264	14.54
2265	-5.447
2266	-0.6176
2267	4.813
2268	3.138
2269	17.24
2270	4.738
2271	12.85
2272	23.06
2273	17.83
2274	-6.037
2275	18.18
2276	-3.643
2277	6.129
2278	4.271
2279	3.151
2280	-3.423
2281	4.528
2282	17.5
2283	3.204
2284	-2.545
2285	12.97
2286	-3.036
2287	0.01177
2288	-3.13
2289	-1.49
2290	12.73
2291	-3.61
2292	3.238
2293	-4.764
2294	-1.48
2295	-0.758
2296	-1.498
2297	0.7597
2298	-0.5096
2299	3.67
2300	-0.4077
2301	0.07487
2302	0.2795
2303	1.8
2304	-7.504
2305	4.91
2306	-0.308
2307	-0.0657
2308	-3.087
2309	-0.9292
2310	12.89
2311	26.71
2312	4.589
2313	14.9
2314	-9.569
2315	2.964
2316	1.387
2317	0.8688
2318	4.483
2319	-0.9827
2320	3.619
2321	2.235
2322	0.3463
2323	4.512
2324	1.731
2325	13.61
2326	0.07218
2327	-4.706
2328	-0.5844
2329	3.871
2330	19.23
2331	4.422
2332	-2.358
2333	1.221
2334	12.71
2335	5.219
2336	3.141
2337	0.09523
2338	14.03
2339	-17.79
2340	2.498
2341	8.357
2342	11.26
2343	10.16
2344	-10.95
2345	14.24
2346	11.6
2347	2.087
2348	-3.502
2349	9.017
2350	5.201
2351	24.53
2352	1.56
2353	16.15
2354	3.013
2355	6.772
2356	-53.36
2357	-11.87
2358	-3.361
2359	10.9
2360	3.583
2361	9.536
2362	6.204
2363	-17.74
2364	6.438
2365	13.28
2366	3.524
2367	-12.19
2368	-7.615
2369	-0.7545
2370	0.4903
2371	0.4538
2372	1.403
2373	-0.112
2374	2.984
2375	-4.732
2376	3.484
2377	1.924
2378	0.5395
2379	7.905
2380	-4.752
2381	0.737
2382	-15.23
2383	-13.72
2384	0.8808
2385	13.21
2386	-14.07
2387	-13.03
2388	-15.02
2389	-10.92
2390	-3.888
2391	1.222
2392	2.119
2393	7.894
2394	1.864
2395	23.83
2396	-0.169
2397	-2.672
2398	1.287
2399	-0.8924
2400	1.197
2401	1.056
2402	0.4355
2403	-2.561
2404	1.053
2405	-0.4886
2406	0.2782
2407	-1.47
2408	2.392
2409	3.991
2410	3.057
2411	4.832
2412	-2.156
2413	0.3712
2414	4.231
2415	-2.624
2416	8.452
2417	2.902
2418	-7.444
2419	10.62
2420	-3.139
2421	-0.8898
2422	1.851
2423	9.965
2424	15.26
2425	-2.419
2426	1.142
2427	-3.505
2428	5.866
2429	4.156
2430	10.27
2431	-2.281
2432	10.35
2433	15.96
2434	9.319
2435	15.74
2436	23.71
2437	15.73
2438	-3.37
2439	6.062
2440	-17.55
2441	10.75
2442	-10.66
2443	14.53
2444	-6.483
2445	-1.976
2446	16.3
2447	-1.407
2448	-0.01742
2449	-4.45
2450	-1.019
2451	-1.915
2452	-0.2388
2453	1.726
2454	-3.43
2455	-5.541
2456	-6.933
2457	-3.726
2458	-12.53
2459	19.45
2460	-5.406
2461	18.88
2462	-9.961
2463	8.405
2464	-17.01
2465	24.18
2466	-29.73
2467	-14.76
2468	1.285
2469	-5.451
2470	15.48
2471	4.468
2472	0.6779
2473	11.94
2474	-8.236
2475	11.22
2476	-10.22
2477	-5.729
2478	1.088
2479	-14.32
2480	5.836
2481	3.181
2482	-11.87
2483	7.643
2484	-2.818
2485	10.54
2486	-6.307
2487	8.844
2488	-4.471
2489	-1.472
2490	1.496
2491	-0.3434
2492	1.083
2493	-7.129
2494	4.076
2495	1.511
2496	3.835
2497	-3.676
2498	15.67
2499	-5.812
2500	6.4
2501	20.89
2502	-2.525
2503	5.265
2504	8.297
2505	4.424
2506	15.94
2507	20.63
2508	0.0541
2509	1.739
2510	15.91
2511	4.409
2512	-9.905
2513	18.07
2514	5.425
2515	7.213
2516	13.68
2517	-4.418
2518	9.031
2519	2.536
2520	-0.235
2521	-1.563
2522	4.742
2523	-0.2126
2524	6.026
2525	-3.184
2526	-12.19
2527	-5.669
2528	4.232
2529	-22.35
2530	16.42
2531	-15.42
2532	-3.445
2533	-18.06
2534	-16.28
2535	1.426
2536	10.68
2537	3.435
2538	-4.201
2539	0.5876
2540	10.72
2541	-4.688
2542	-5.594
2543	10.12
2544	-0.4081
2545	-4.032
2546	5.382
2547	2.319
2548	1.949
2549	3.628
2550	-0.8098
2551	2.01
2552	-3.209
2553	13.31
2554	-0.7943
2555	-3.617
2556	7.17
2557	9.848
2558	0.9049
2559	6.734
2560	-0.8246
2561	5.293
2562	-6.515
2563	-0.3614
2564	2.248
2565	-1.745
2566	-5.15
2567	10.1
2568	5.184
2569	-3.114
2570	8.553
2571	-26.53
2572	-4.261
2573	2.845
2574	-5.632
2575	-2.888
2576	-7.603
2577	0.4149
2578	-5.426
2579	-3.415
2580	-3.349
2581	-3.815
2582	-0.8716
2583	-3.566
2584	12.35
2585	1.431
2586	-3.022
2587	16.7
2588	3.19
2589	6.141
2590	10.25
2591	2.443
2592	1.011
2593	7.266
2594	7.658
2595	20.95
2596	22.04
2597	-4.961
2598	-8.318
2599	-0.4815
2600	34.89
2601	2.131
2602	-10.75
2603	-6.423
2604	6.377
2605	7.646
2606	31.49
2607	-5.783
2608	-0.9505
2609	3.729
2610	-4.187
2611	-11.74
2612	7.848
2613	3.021
2614	8.133
2615	-12.58
2616	7.345
2617	-2.242
2618	2.886
2619	8.255
2620	-8.544
2621	0.2073
2622	-1.914
2623	10.52
2624	3.988
2625	1.503
2626	-5.85
2627	5.693
2628	-1.28
2629	-6.322
2630	-5.29
2631	0.4945
2632	-4.655
2633	1.178
2634	-2.693
2635	2.522
2636	0.7289
2637	-3.028
2638	0.05843
2639	-2.643
2640	-0.4051
2641	-1.395
2642	3.318
2643	-1.147
2644	-1.756
2645	0.7609
2646	1.975
2647	1.525
2648	-7.328
2649	0.2799
2650	2.544
2651	-2.569
2652	-15.57
2653	6.668
2654	6.102
2655	3.38
2656	2.758
2657	13.72
2658	30.76
2659	11.4
2660	8.561
2661	18.28
2662	28.13
2663	8.762
2664	26.75
2665	-7.811
2666	28.91
2667	-19.18
2668	37.72
2669	8.182
2670	20.21
2671	-4.502
2672	-1.978
2673	39.95
2674	-22.02
2675	-14.77
2676	-6.734
2677	4.031
2678	12.4
2679	9.952
2680	-10.17
2681	7.33
2682	3.312
2683	3.933
2684	-4.985
2685	-0.4203
2686	16.83
2687	1.224
2688	0.086
2689	13.72
2690	-0.08289
2691	2.623
2692	2.881
2693	4.247
2694	2.429
2695	3.904
2696	2.506
2697	4.99
2698	-9.971
2699	-11.04
2700	7.183
2701	4.682
2702	-2.372
2703	-19.62
2704	-4.373
2705	12.79
2706	3.542
2707	-6.03
2708	5.165
2709	6.701
2710	15.33
2711	2.205
2712	-1.671
2713	4.435
2714	-2.414
2715	-17.48
2716	-8.4
2717	-13.2
2718	14.26
2719	-5.245
2720	37.18
2721	10.34
2722	6.824
2723	0.8306
2724	-6.156
2725	6.559
2726	-13.56
2727	-0.07484
2728	-1.025
2729	10.26
2730	25.79
2731	0.1913
2732	41.62
2733	22.59
2734	6.774
2735	-13.61
2736	16.01
2737	-2.067
2738	0.03291
2739	5.493
2740	2.173
2741	22.19
2742	25.45
2743	-9.167
2744	-5.076
2745	-6.096
2746	-2.184
2747	8.024
2748	10.67
2749	5.263
2750	26.22
2751	13.63
2752	19.5
2753	14.87
2754	3.383
2755	8.368
2756	-10.13
2757	-3.259
2758	-1.776
2759	8.554
2760	10.76
2761	11.42
2762	5.6
2763	0.09758
2764	3.257
2765	-2.018
2766	1.045
2767	7.007
2768	-8.112
2769	-0.5478
2770	-8.939
2771	0.3388
2772	-0.5977
2773	0.1322
2774	-0.2357
2775	-0.2173
2776	2.427
2777	-0.2332
2778	-0.8339
2779	0.07053
2780	-0.07545
2781	-0.02885
2782	13.34
2783	-7.085
2784	-3.402
2785	-5.562
2786	-0.006447
2787	3.078
2788	-0.2643
2789	7.656
2790	0.5745
2791	1.026
2792	4.148
2793	5.119
2794	2.255
2795	-5.947
2796	3.552
2797	6.504
2798	1.178
2799	0.3994
2800	-2.51
2801	2.09
2802	7.645
2803	-1.494
2804	0.1679
2805	-4.074
2806	-8.293
2807	-1.435
2808	3.002
2809	9.649
2810	-7.935
2811	0.3451
2812	3.896
2813	25.45
2814	11.94
2815	11.74
2816	5.552
2817	16.48
2818	2.395
2819	2.075
2820	10.98
2821	12.34
2822	3.569
2823	11.1
2824	23.02
2825	3.056
2826	26.22
2827	17.32
2828	-27.23
2829	9.415
2830	-2.796
2831	1.861
2832	8.279
2833	24.17
2834	3.799
2835	3.514
2836	9.689
2837	-4.722
2838	4.06
2839	4.839
2840	4.539
2841	-4.279
2842	14.35
2843	-11.42
2844	0.371
2845	4.436
2846	-4.653
2847	-0.3089
2848	1.799
2849	-9.206
2850	6.96
2851	6.249
2852	-12.08
2853	5.761
2854	-5.237
2855	-2.375
2856	-2.567
2857	-1.476
2858	8.537
2859	-2.008
2860	-0.006927
2861	-1.379
2862	0.0691
2863	4.043
2864	-0.3595
2865	0.09204
2866	11.95
2867	-1.481
2868	4.329
2869	0.966
2870	0.8792
2871	3.291
2872	7.814
2873	1.774
2874	-2.407
2875	2.176
2876	0.6762
2877	4.926
2878	-13.92
2879	-1.525
2880	7.675
2881	-0.9183
2882	0.3625
2883	17.9
2884	3.083
2885	0.04632
2886	-7.142
2887	-4.914
2888	4.844
2889	-0.1765
2890	-0.5075
2891	-7.905
2892	6.641
2893	-2.415
2894	-8.88
2895	-1.271
2896	-4.111
2897	11.26
2898	0.1875
2899	12.12
2900	14.86
2901	-0.1517
2902	9.708
2903	29.66
2904	0.6104
2905	8.991
2906	-2.535
2907	-4.467
2908	2.927
2909	-4.616
2910	8.768
2911	5.572
2912	-0.08869
2913	0.2449
2914	-5.469
2915	-1.923
2916	-3.783
2917	-8.06
2918	-10.41
2919	0.3535
2920	-3.394
2921	0.8906
2922	1.504
2923	2.261
2924	1.344
2925	-3.265
2926	4.984
2927	-0.4396
2928	1.638
2929	6.641
2930	10.55
2931	-2.845
2932	15.63
2933	11.49
2934	-11.74
2935	-10.01
2936	14.67
2937	11.26
2938	6.509
2939	7.257
2940	2.492
2941	3.025
2942	-2.257
2943	4.325
2944	10.35
2945	5.41
2946	2.851
2947	12.5
2948	8.182
2949	-2.69
2950	2.849
2951	-6.197
2952	-4.675
2953	8.017
2954	-19.81
2955	-0.5396
2956	0.2791
2957	0.5444
2958	4.898
2959	0.07327
2960	0.6473
2961	2.689
2962	-0.4083
2963	5.989
2964	0.5925
2965	-1.467
2966	8.064
2967	3.141
2968	0.6067
2969	-8.037
2970	5.166
2971	2.997
2972	1.141
2973	-8.191
2974	1.128
2975	2.763
2976	-0.3063
2977	5.897
2978	18.03
2979	8.648
2980	24.99
2981	7.821
2982	-11.81
2983	0.3774
2984	1.331
2985	-3.07
2986	0.7015
2987	4.004
2988	-0.007663
2989	-1.358
2990	-0.02209
2991	2.278
2992	4.377
2993	-6.348
2994	-0.1293
2995	2.615
2996	0.3278
2997	6.455
2998	-7.326
2999	-4.495
3000	3.365
