1001	8477.0
1002	8411.0
1003	8405.0
1004	8424.0
1005	8343.0
1006	8372.0
1007	8307.0
1008	8281.0
1009	8359.0
1010	8390.0
1011	8422.0
1012	8419.0
1013	8376.0
1014	8392.0
1015	8329.0
1016	8423.0
1017	8365.0
1018	8454.0
1019	8410.0
1020	8483.0
1021	8450.0
1022	8347.0
1023	8402.0
1024	8513.0
1025	8453.0
1026	8340.0
1027	8363.0
1028	8383.0
1029	8398.0
1030	8521.0
1031	8531.0
1032	8506.0
1033	8487.0
1034	8443.0
1035	8412.0
1036	8481.0
1037	8506.0
1038	8407.0
1039	8402.0
1040	8397.0
1041	8430.0
1042	8406.0
1043	8472.0
1044	8534.0
1045	8549.0
1046	8485.0
1047	8575.0
1048	8571.0
1049	8484.0
1050	8524.0
1051	8427.0
1052	8467.0
1053	8401.0
1054	8461.0
1055	8426.0
1056	8487.0
1057	8446.0
1058	8490.0
1059	8474.0
1060	8439.0
1061	8464.0
1062	8446.0
1063	8533.0
1064	8617.0
1065	8528.0
1066	8449.0
1067	8498.0
1068	8462.0
1069	8455.0
1070	8406.0
1071	8473.0
1072	8532.0
1073	8450.0
1074	8518.0
1075	8412.0
1076	8416.0
1077	8469.0
1078	8552.0
1079	8472.0
1080	8456.0
1081	8482.0
1082	8460.0
1083	8517.0
1084	8513.0
1085	8535.0
1086	8531.0
1087	8642.0
1088	8685.0
1089	8656.0
1090	8679.0
1091	8578.0
1092	8538.0
1093	8532.0
1094	8484.0
1095	8546.0
1096	8557.0
1097	8618.0
1098	8673.0
1099	8678.0
1100	8592.0
1101	8514.0
1102	8519.0
1103	8484.0
1104	8508.0
1105	8449.0
1106	8489.0
1107	8550.0
1108	8542.0
1109	8437.0
1110	8460.0
1111	8407.0
1112	8470.0
1113	8454.0
1114	8388.0
1115	8378.0
1116	8411.0
1117	8447.0
1118	8472.0
1119	8399.0
1120	8398.0
1121	8335.0
1122	8432.0
1123	8408.0
1124	8462.0
1125	8450.0
1126	8475.0
1127	8451.0
1128	8471.0
1129	8429.0
1130	8463.0
1131	8530.0
1132	8487.0
1133	8399.0
1134	8372.0
1135	8437.0
1136	8471.0
1137	8433.0
1138	8316.0
1139	8395.0
1140	8396.0
1141	8342.0
1142	8399.0
1143	8409.0
1144	8329.0
1145	8335.0
1146	8407.0
1147	8452.0
1148	8569.0
1149	8435.0
1150	8306.0
1151	8345.0
1152	8459.0
1153	8503.0
1154	8524.0
1155	8542.0
1156	8527.0
1157	8565.0
1158	8570.0
1159	8597.0
1160	8615.0
1161	8585.0
1162	8565.0
1163	8658.0
1164	8655.0
1165	8671.0
1166	8630.0
1167	8544.0
1168	8520.0
1169	8521.0
1170	8465.0
1171	8382.0
1172	8437.0
1173	8423.0
1174	8384.0
1175	8374.0
1176	8344.0
1177	8444.0
1178	8425.0
1179	8436.0
1180	8453.0
1181	8319.0
1182	8356.0
1183	8359.0
1184	8416.0
1185	8367.0
1186	8393.0
1187	8332.0
1188	8298.0
1189	8347.0
1190	8324.0
1191	8431.0
1192	8466.0
1193	8501.0
1194	8486.0
1195	8450.0
1196	8369.0
1197	8379.0
1198	8489.0
1199	8403.0
1200	8390.0
1201	8445.0
1202	8474.0
1203	8452.0
1204	8461.0
1205	8448.0
1206	8507.0
1207	8483.0
1208	8462.0
1209	8372.0
1210	8442.0
1211	8345.0
1212	8358.0
1213	8364.0
1214	8332.0
1215	8345.0
1216	8302.0
1217	8299.0
1218	8364.0
1219	8331.0
1220	8374.0
1221	8375.0
1222	8401.0
1223	8411.0
1224	8430.0
1225	8428.0
1226	8456.0
1227	8530.0
1228	8550.0
1229	8487.0
1230	8481.0
1231	8479.0
1232	8518.0
1233	8437.0
1234	8555.0
1235	8474.0
1236	8377.0
1237	8410.0
1238	8497.0
1239	8543.0
1240	8552.0
1241	8609.0
1242	8604.0
1243	8539.0
1244	8503.0
1245	8441.0
1246	8390.0
1247	8365.0
1248	8364.0
1249	8318.0
1250	8377.0
1251	8392.0
1252	8306.0
1253	8412.0
1254	8441.0
1255	8323.0
1256	8287.0
1257	8376.0
1258	8315.0
1259	8392.0
1260	8323.0
1261	8342.0
1262	8372.0
1263	8374.0
1264	8311.0
1265	8369.0
1266	8334.0
1267	8301.0
1268	8330.0
1269	8386.0
1270	8366.0
1271	8388.0
1272	8399.0
1273	8347.0
1274	8380.0
1275	8384.0
1276	8489.0
1277	8506.0
1278	8436.0
1279	8500.0
1280	8474.0
1281	8582.0
1282	8515.0
1283	8532.0
1284	8502.0
1285	8552.0
1286	8589.0
1287	8641.0
1288	8556.0
1289	8555.0
1290	8578.0
1291	8538.0
1292	8491.0
1293	8476.0
1294	8500.0
1295	8492.0
1296	8381.0
1297	8317.0
1298	8420.0
1299	8421.0
1300	8490.0
1301	8452.0
1302	8448.0
1303	8452.0
1304	8422.0
1305	8402.0
1306	8438.0
1307	8442.0
1308	8477.0
1309	8429.0
1310	8383.0
1311	8410.0
1312	8525.0
1313	8458.0
1314	8466.0
1315	8513.0
1316	8503.0
1317	8471.0
1318	8414.0
1319	8403.0
1320	8408.0
1321	8388.0
1322	8337.0
1323	8317.0
1324	8306.0
1325	8312.0
1326	8354.0
1327	8322.0
1328	8333.0
1329	8439.0
1330	8423.0
1331	8393.0
1332	8458.0
1333	8410.0
1334	8321.0
1335	8305.0
1336	8353.0
1337	8396.0
1338	8474.0
1339	8440.0
1340	8447.0
1341	8496.0
1342	8537.0
1343	8594.0
1344	8457.0
1345	8379.0
1346	8413.0
1347	8437.0
1348	8381.0
1349	8345.0
1350	8431.0
1351	8444.0
1352	8485.0
1353	8407.0
1354	8444.0
1355	8451.0
1356	8506.0
1357	8496.0
1358	8531.0
1359	8604.0
1360	8457.0
1361	8388.0
1362	8367.0
1363	8358.0
1364	8363.0
1365	8349.0
1366	8411.0
1367	8413.0
1368	8379.0
1369	8416.0
1370	8454.0
1371	8460.0
1372	8381.0
1373	8360.0
1374	8352.0
1375	8442.0
1376	8374.0
1377	8366.0
1378	8338.0
1379	8379.0
1380	8332.0
1381	8335.0
1382	8391.0
1383	8295.0
1384	8310.0
1385	8311.0
1386	8371.0
1387	8419.0
1388	8395.0
1389	8459.0
1390	8398.0
1391	8413.0
1392	8337.0
1393	8352.0
1394	8280.0
1395	8343.0
1396	8354.0
1397	8307.0
1398	8319.0
1399	8329.0
1400	8285.0
1401	8360.0
1402	8399.0
1403	8444.0
1404	8387.0
1405	8281.0
1406	8397.0
1407	8364.0
1408	8415.0
1409	8383.0
1410	8302.0
1411	8463.0
1412	8434.0
1413	8452.0
1414	8415.0
1415	8397.0
1416	8328.0
1417	8325.0
1418	8361.0
1419	8406.0
1420	8463.0
1421	8470.0
1422	8392.0
1423	8433.0
1424	8291.0
1425	8385.0
1426	8385.0
1427	8375.0
1428	8412.0
1429	8452.0
1430	8377.0
1431	8391.0
1432	8403.0
1433	8505.0
1434	8436.0
1435	8427.0
1436	8343.0
1437	8410.0
1438	8415.0
1439	8418.0
1440	8431.0
1441	8429.0
1442	8458.0
1443	8482.0
1444	8567.0
1445	8468.0
1446	8479.0
1447	8428.0
1448	8346.0
1449	8386.0
1450	8422.0
1451	8354.0
1452	8364.0
1453	8375.0
1454	8429.0
1455	8369.0
1456	8423.0
1457	8503.0
1458	8552.0
1459	8462.0
1460	8516.0
1461	8489.0
1462	8543.0
1463	8490.0
1464	8506.0
1465	8445.0
1466	8397.0
1467	8431.0
1468	8474.0
1469	8479.0
1470	8524.0
1471	8495.0
1472	8410.0
1473	8432.0
1474	8458.0
1475	8452.0
1476	8421.0
1477	8426.0
1478	8384.0
1479	8432.0
1480	8445.0
1481	8444.0
1482	8392.0
1483	8368.0
1484	8453.0
1485	8454.0
1486	8453.0
1487	8454.0
1488	8478.0
1489	8443.0
1490	8473.0
1491	8531.0
1492	8463.0
1493	8596.0
1494	8570.0
1495	8493.0
1496	8431.0
1497	8448.0
1498	8486.0
1499	8463.0
1500	8468.0
1501	8516.0
1502	8551.0
1503	8541.0
1504	8466.0
1505	8392.0
1506	8483.0
1507	8475.0
1508	8468.0
1509	8422.0
1510	8421.0
1511	8566.0
1512	8512.0
1513	8484.0
1514	8452.0
1515	8379.0
1516	8408.0
1517	8442.0
1518	8505.0
1519	8542.0
1520	8514.0
1521	8476.0
1522	8497.0
1523	8593.0
1524	8461.0
1525	8434.0
1526	8447.0
1527	8484.0
1528	8459.0
1529	8515.0
1530	8454.0
1531	8506.0
1532	8431.0
1533	8417.0
1534	8456.0
1535	8504.0
1536	8513.0
1537	8607.0
1538	8580.0
1539	8508.0
1540	8503.0
1541	8431.0
1542	8540.0
1543	8550.0
1544	8501.0
1545	8568.0
1546	8445.0
1547	8419.0
1548	8428.0
1549	8447.0
1550	8420.0
1551	8426.0
1552	8480.0
1553	8446.0
1554	8511.0
1555	8415.0
1556	8402.0
1557	8374.0
1558	8390.0
1559	8430.0
1560	8456.0
1561	8376.0
1562	8436.0
1563	8503.0
1564	8514.0
1565	8524.0
1566	8496.0
1567	8417.0
1568	8462.0
1569	8442.0
1570	8470.0
1571	8535.0
1572	8405.0
1573	8478.0
1574	8528.0
1575	8541.0
1576	8440.0
1577	8442.0
1578	8379.0
1579	8392.0
1580	8430.0
1581	8452.0
1582	8449.0
1583	8302.0
1584	8412.0
1585	8465.0
1586	8417.0
1587	8468.0
1588	8383.0
1589	8306.0
1590	8416.0
1591	8455.0
1592	8378.0
1593	8393.0
1594	8433.0
1595	8384.0
1596	8321.0
1597	8341.0
1598	8327.0
1599	8328.0
1600	8390.0
1601	8417.0
1602	8473.0
1603	8381.0
1604	8514.0
1605	8507.0
1606	8473.0
1607	8464.0
1608	8506.0
1609	8484.0
1610	8540.0
1611	8518.0
1612	8486.0
1613	8500.0
1614	8490.0
1615	8567.0
1616	8525.0
1617	8591.0
1618	8603.0
1619	8579.0
1620	8509.0
1621	8443.0
1622	8500.0
1623	8493.0
1624	8515.0
1625	8487.0
1626	8439.0
1627	8411.0
1628	8421.0
1629	8475.0
1630	8419.0
1631	8511.0
1632	8508.0
1633	8449.0
1634	8476.0
1635	8472.0
1636	8573.0
1637	8532.0
1638	8609.0
1639	8534.0
1640	8609.0
1641	8503.0
1642	8510.0
1643	8531.0
1644	8488.0
1645	8459.0
1646	8438.0
1647	8506.0
1648	8421.0
1649	8498.0
1650	8444.0
1651	8431.0
1652	8374.0
1653	8392.0
1654	8368.0
1655	8448.0
1656	8453.0
1657	8512.0
1658	8488.0
1659	8472.0
1660	8476.0
1661	8559.0
1662	8489.0
1663	8494.0
1664	8318.0
1665	8444.0
1666	8472.0
1667	8474.0
1668	8497.0
1669	8499.0
1670	8526.0
1671	8501.0
1672	8456.0
1673	8583.0
1674	8503.0
1675	8493.0
1676	8407.0
1677	8341.0
1678	8351.0
1679	8349.0
1680	8421.0
1681	8385.0
1682	8374.0
1683	8324.0
1684	8347.0
1685	8416.0
1686	8496.0
1687	8498.0
1688	8499.0
1689	8498.0
1690	8433.0
1691	8445.0
1692	8460.0
1693	8454.0
1694	8434.0
1695	8388.0
1696	8425.0
1697	8354.0
1698	8318.0
1699	8355.0
1700	8336.0
1701	8427.0
1702	8378.0
1703	8368.0
1704	8433.0
1705	8456.0
1706	8431.0
1707	8389.0
1708	8377.0
1709	8340.0
1710	8353.0
1711	8413.0
1712	8368.0
1713	8309.0
1714	8405.0
1715	8371.0
1716	8418.0
1717	8417.0
1718	8381.0
1719	8312.0
1720	8331.0
1721	8428.0
1722	8409.0
1723	8440.0
1724	8421.0
1725	8479.0
1726	8433.0
1727	8313.0
1728	8413.0
1729	8428.0
1730	8437.0
1731	8355.0
1732	8344.0
1733	8375.0
1734	8362.0
1735	8425.0
1736	8433.0
1737	8469.0
1738	8544.0
1739	8579.0
1740	8545.0
1741	8451.0
1742	8404.0
1743	8391.0
1744	8328.0
1745	8316.0
1746	8387.0
1747	8373.0
1748	8381.0
1749	8404.0
1750	8395.0
1751	8341.0
1752	8261.0
1753	8426.0
1754	8412.0
1755	8439.0
1756	8491.0
1757	8391.0
1758	8333.0
1759	8380.0
1760	8381.0
1761	8390.0
1762	8365.0
1763	8397.0
1764	8362.0
1765	8321.0
1766	8348.0
1767	8430.0
1768	8406.0
1769	8428.0
1770	8370.0
1771	8513.0
1772	8429.0
1773	8444.0
1774	8435.0
1775	8353.0
1776	8372.0
1777	8396.0
1778	8363.0
1779	8338.0
1780	8362.0
1781	8337.0
1782	8401.0
1783	8409.0
1784	8421.0
1785	8466.0
1786	8485.0
1787	8486.0
1788	8483.0
1789	8474.0
1790	8470.0
1791	8493.0
1792	8458.0
1793	8457.0
1794	8352.0
1795	8463.0
1796	8403.0
1797	8366.0
1798	8345.0
1799	8395.0
1800	8406.0
1801	8426.0
1802	8466.0
1803	8540.0
1804	8475.0
1805	8539.0
1806	8516.0
1807	8572.0
1808	8597.0
1809	8484.0
1810	8468.0
1811	8478.0
1812	8543.0
1813	8525.0
1814	8505.0
1815	8532.0
1816	8547.0
1817	8546.0
1818	8465.0
1819	8408.0
1820	8443.0
1821	8413.0
1822	8427.0
1823	8320.0
1824	8284.0
1825	8315.0
1826	8342.0
1827	8363.0
1828	8431.0
1829	8323.0
1830	8395.0
1831	8357.0
1832	8383.0
1833	8403.0
1834	8491.0
1835	8484.0
1836	8411.0
1837	8503.0
1838	8571.0
1839	8458.0
1840	8468.0
1841	8563.0
1842	8435.0
1843	8477.0
1844	8471.0
1845	8452.0
1846	8472.0
1847	8541.0
1848	8451.0
1849	8459.0
1850	8465.0
1851	8506.0
1852	8544.0
1853	8550.0
1854	8527.0
1855	8530.0
1856	8488.0
1857	8454.0
1858	8397.0
1859	8287.0
1860	8414.0
1861	8518.0
1862	8447.0
1863	8456.0
1864	8449.0
1865	8409.0
1866	8481.0
1867	8490.0
1868	8420.0
1869	8468.0
1870	8482.0
1871	8467.0
1872	8486.0
1873	8527.0
1874	8455.0
1875	8461.0
1876	8503.0
1877	8454.0
1878	8485.0
1879	8463.0
1880	8457.0
1881	8549.0
1882	8546.0
1883	8533.0
1884	8474.0
1885	8399.0
1886	8319.0
1887	8370.0
1888	8316.0
1889	8379.0
1890	8413.0
1891	8339.0
1892	8410.0
1893	8509.0
1894	8460.0
1895	8420.0
1896	8463.0
1897	8461.0
1898	8337.0
1899	8406.0
1900	8406.0
1901	8412.0
1902	8486.0
1903	8488.0
1904	8426.0
1905	8417.0
1906	8385.0
1907	8330.0
1908	8441.0
1909	8413.0
1910	8371.0
1911	8333.0
1912	8353.0
1913	8282.0
1914	8411.0
1915	8425.0
1916	8433.0
1917	8450.0
1918	8582.0
1919	8615.0
1920	8528.0
1921	8498.0
1922	8517.0
1923	8498.0
1924	8528.0
1925	8427.0
1926	8420.0
1927	8485.0
1928	8537.0
1929	8556.0
1930	8566.0
1931	8478.0
1932	8438.0
1933	8468.0
1934	8480.0
1935	8445.0
1936	8413.0
1937	8406.0
1938	8439.0
1939	8424.0
1940	8459.0
1941	8350.0
1942	8419.0
1943	8366.0
1944	8427.0
1945	8502.0
1946	8388.0
1947	8347.0
1948	8333.0
1949	8333.0
1950	8455.0
1951	8400.0
1952	8354.0
1953	8411.0
1954	8299.0
1955	8298.0
1956	8412.0
1957	8412.0
1958	8342.0
1959	8356.0
1960	8444.0
1961	8355.0
1962	8336.0
1963	8380.0
1964	8393.0
1965	8409.0
1966	8349.0
1967	8256.0
1968	8264.0
1969	8228.0
1970	8208.0
1971	8275.0
1972	8389.0
1973	8385.0
1974	8342.0
1975	8345.0
1976	8304.0
1977	8307.0
1978	8406.0
1979	8390.0
1980	8446.0
1981	8481.0
1982	8448.0
1983	8473.0
1984	8401.0
1985	8442.0
1986	8419.0
1987	8457.0
1988	8440.0
1989	8403.0
1990	8311.0
1991	8394.0
1992	8368.0
1993	8308.0
1994	8267.0
1995	8289.0
1996	8308.0
1997	8259.0
1998	8407.0
1999	8453.0
2000	8399.0
2001	8427.0
2002	8448.0
2003	8481.0
2004	8479.0
2005	8566.0
2006	8624.0
2007	8622.0
2008	8562.0
2009	8627.0
2010	8607.0
2011	8584.0
2012	8581.0
2013	8558.0
2014	8493.0
2015	8473.0
2016	8442.0
2017	8334.0
2018	8334.0
2019	8439.0
2020	8444.0
2021	8467.0
2022	8417.0
2023	8396.0
2024	8413.0
2025	8460.0
2026	8456.0
2027	8370.0
2028	8450.0
2029	8544.0
2030	8449.0
2031	8398.0
2032	8533.0
2033	8491.0
2034	8439.0
2035	8429.0
2036	8432.0
2037	8390.0
2038	8434.0
2039	8477.0
2040	8430.0
2041	8429.0
2042	8362.0
2043	8439.0
2044	8381.0
2045	8529.0
2046	8580.0
2047	8561.0
2048	8542.0
2049	8483.0
2050	8440.0
2051	8479.0
2052	8494.0
2053	8493.0
2054	8392.0
2055	8467.0
2056	8478.0
2057	8507.0
2058	8372.0
2059	8451.0
2060	8367.0
2061	8381.0
2062	8340.0
2063	8312.0
2064	8329.0
2065	8391.0
2066	8415.0
2067	8423.0
2068	8402.0
2069	8396.0
2070	8378.0
2071	8390.0
2072	8514.0
2073	8463.0
2074	8469.0
2075	8406.0
2076	8438.0
2077	8351.0
2078	8351.0
2079	8259.0
2080	8346.0
2081	8319.0
2082	8319.0
2083	8316.0
2084	8264.0
2085	8389.0
2086	8457.0
2087	8477.0
2088	8457.0
2089	8543.0
2090	8475.0
2091	8412.0
2092	8436.0
2093	8358.0
2094	8325.0
2095	8412.0
2096	8479.0
2097	8503.0
2098	8491.0
2099	8467.0
2100	8516.0
2101	8384.0
2102	8451.0
2103	8480.0
2104	8455.0
2105	8352.0
2106	8413.0
2107	8466.0
2108	8497.0
2109	8436.0
2110	8534.0
2111	8442.0
2112	8484.0
2113	8513.0
2114	8495.0
2115	8482.0
2116	8541.0
2117	8546.0
2118	8551.0
2119	8511.0
2120	8550.0
2121	8485.0
2122	8477.0
2123	8519.0
2124	8417.0
2125	8578.0
2126	8530.0
2127	8533.0
2128	8536.0
2129	8479.0
2130	8449.0
2131	8489.0
2132	8431.0
2133	8420.0
2134	8448.0
2135	8405.0
2136	8355.0
2137	8492.0
2138	8459.0
2139	8428.0
2140	8491.0
2141	8461.0
2142	8448.0
2143	8429.0
2144	8436.0
2145	8421.0
2146	8473.0
2147	8519.0
2148	8546.0
2149	8546.0
2150	8505.0
2151	8492.0
2152	8507.0
2153	8478.0
2154	8341.0
2155	8343.0
2156	8388.0
2157	8505.0
2158	8482.0
2159	8411.0
2160	8461.0
2161	8460.0
2162	8508.0
2163	8493.0
2164	8512.0
2165	8503.0
2166	8398.0
2167	8408.0
2168	8369.0
2169	8438.0
2170	8578.0
2171	8563.0
2172	8685.0
2173	8582.0
2174	8504.0
2175	8591.0
2176	8523.0
2177	8514.0
2178	8530.0
2179	8530.0
2180	8461.0
2181	8505.0
2182	8554.0
2183	8577.0
2184	8604.0
2185	8608.0
2186	8457.0
2187	8495.0
2188	8439.0
2189	8432.0
2190	8557.0
2191	8536.0
2192	8532.0
2193	8544.0
2194	8550.0
2195	8608.0
2196	8559.0
2197	8572.0
2198	8498.0
2199	8563.0
2200	8551.0
2201	8477.0
2202	8441.0
2203	8391.0
2204	8446.0
2205	8322.0
2206	8318.0
2207	8383.0
2208	8398.0
2209	8392.0
2210	8567.0
2211	8568.0
2212	8660.0
2213	8470.0
2214	8521.0
2215	8496.0
2216	8403.0
2217	8351.0
2218	8421.0
2219	8398.0
2220	8460.0
2221	8476.0
2222	8472.0
2223	8492.0
2224	8521.0
2225	8419.0
2226	8452.0
2227	8554.0
2228	8473.0
2229	8480.0
2230	8416.0
2231	8448.0
2232	8409.0
2233	8374.0
2234	8362.0
2235	8403.0
2236	8376.0
2237	8325.0
2238	8440.0
2239	8442.0
2240	8486.0
2241	8437.0
2242	8428.0
2243	8466.0
2244	8435.0
2245	8453.0
2246	8331.0
2247	8348.0
2248	8313.0
2249	8302.0
2250	8323.0
2251	8370.0
2252	8358.0
2253	8251.0
2254	8373.0
2255	8381.0
2256	8329.0
2257	8380.0
2258	8391.0
2259	8400.0
2260	8401.0
2261	8461.0
2262	8404.0
2263	8373.0
2264	8413.0
2265	8421.0
2266	8417.0
2267	8411.0
2268	8461.0
2269	8489.0
2270	8543.0
2271	8454.0
2272	8469.0
2273	8473.0
2274	8486.0
2275	8470.0
2276	8522.0
2277	8459.0
2278	8560.0
2279	8506.0
2280	8458.0
2281	8406.0
2282	8429.0
2283	8503.0
2284	8461.0
2285	8481.0
2286	8466.0
2287	8452.0
2288	8371.0
2289	8393.0
2290	8387.0
2291	8528.0
2292	8460.0
2293	8433.0
2294	8425.0
2295	8461.0
2296	8460.0
2297	8390.0
2298	8406.0
2299	8420.0
2300	8370.0
2301	8336.0
2302	8357.0
2303	8278.0
2304	8403.0
2305	8459.0
2306	8453.0
2307	8403.0
2308	8499.0
2309	8431.0
2310	8384.0
2311	8371.0
2312	8453.0
2313	8294.0
2314	8319.0
2315	8271.0
2316	8371.0
2317	8350.0
2318	8383.0
2319	8402.0
2320	8357.0
2321	8452.0
2322	8468.0
2323	8525.0
2324	8518.0
2325	8615.0
2326	8615.0
2327	8557.0
2328	8481.0
2329	8457.0
2330	8482.0
2331	8501.0
2332	8451.0
2333	8451.0
2334	8388.0
2335	8450.0
2336	8395.0
2337	8431.0
2338	8416.0
2339	8387.0
2340	8376.0
2341	8389.0
2342	8410.0
2343	8378.0
2344	8371.0
2345	8312.0
2346	8287.0
2347	8323.0
2348	8323.0
2349	8344.0
2350	8312.0
2351	8270.0
2352	8313.0
2353	8423.0
2354	8359.0
2355	8374.0
2356	8397.0
2357	8427.0
2358	8360.0
2359	8401.0
2360	8396.0
2361	8414.0
2362	8433.0
2363	8441.0
2364	8464.0
2365	8592.0
2366	8532.0
2367	8548.0
2368	8590.0
2369	8439.0
2370	8470.0
2371	8473.0
2372	8456.0
2373	8450.0
2374	8551.0
2375	8502.0
2376	8587.0
2377	8530.0
2378	8585.0
2379	8446.0
2380	8483.0
2381	8446.0
2382	8398.0
2383	8513.0
2384	8544.0
2385	8479.0
2386	8515.0
2387	8547.0
2388	8448.0
2389	8504.0
2390	8497.0
2391	8541.0
2392	8481.0
2393	8467.0
2394	8390.0
2395	8380.0
2396	8359.0
2397	8323.0
2398	8375.0
2399	8386.0
2400	8395.0
2401	8445.0
2402	8460.0
2403	8450.0
2404	8376.0
2405	8422.0
2406	8471.0
2407	8493.0
2408	8500.0
2409	8439.0
2410	8454.0
2411	8468.0
2412	8370.0
2413	8427.0
2414	8358.0
2415	8429.0
2416	8487.0
2417	8519.0
2418	8554.0
2419	8568.0
2420	8457.0
2421	8524.0
2422	8514.0
2423	8572.0
2424	8562.0
2425	8577.0
2426	8563.0
2427	8552.0
2428	8560.0
2429	8455.0
2430	8471.0
2431	8459.0
2432	8423.0
2433	8437.0
2434	8520.0
2435	8463.0
2436	8384.0
2437	8285.0
2438	8368.0
2439	8414.0
2440	8407.0
2441	8354.0
2442	8370.0
2443	8328.0
2444	8235.0
2445	8294.0
2446	8340.0
2447	8312.0
2448	8341.0
2449	8378.0
2450	8330.0
2451	8359.0
2452	8332.0
2453	8294.0
2454	8382.0
2455	8409.0
2456	8416.0
2457	8416.0
2458	8537.0
2459	8507.0
2460	8523.0
2461	8508.0
2462	8541.0
2463	8499.0
2464	8449.0
2465	8471.0
2466	8419.0
2467	8371.0
2468	8386.0
2469	8343.0
2470	8381.0
2471	8495.0
2472	8414.0
2473	8447.0
2474	8381.0
2475	8371.0
2476	8329.0
2477	8335.0
2478	8312.0
2479	8375.0
2480	8303.0
2481	8339.0
2482	8320.0
2483	8307.0
2484	8262.0
2485	8318.0
2486	8319.0
2487	8276.0
2488	8372.0
2489	8412.0
2490	8474.0
2491	8418.0
2492	8433.0
2493	8428.0
2494	8443.0
2495	8444.0
2496	8431.0
2497	8450.0
2498	8496.0
2499	8589.0
2500	8411.0
2501	8418.0
2502	8396.0
2503	8409.0
2504	8369.0
2505	8403.0
2506	8450.0
2507	8420.0
2508	8433.0
2509	8519.0
2510	8543.0
2511	8536.0
2512	8615.0
2513	8496.0
2514	8518.0
2515	8490.0
2516	8465.0
2517	8516.0
2518	8583.0
2519	8590.0
2520	8556.0
2521	8550.0
2522	8423.0
2523	8446.0
2524	8496.0
2525	8417.0
2526	8530.0
2527	8533.0
2528	8439.0
2529	8393.0
2530	8462.0
2531	8388.0
2532	8481.0
2533	8443.0
2534	8448.0
2535	8533.0
2536	8542.0
2537	8472.0
2538	8474.0
2539	8446.0
2540	8458.0
2541	8417.0
2542	8453.0
2543	8473.0
2544	8423.0
2545	8367.0
2546	8410.0
2547	8469.0
2548	8445.0
2549	8422.0
2550	8440.0
2551	8438.0
2552	8498.0
2553	8585.0
2554	8408.0
2555	8400.0
2556	8444.0
2557	8432.0
2558	8466.0
2559	8439.0
2560	8507.0
2561	8449.0
2562	8435.0
2563	8450.0
2564	8434.0
2565	8438.0
2566	8434.0
2567	8488.0
2568	8483.0
2569	8411.0
2570	8488.0
2571	8563.0
2572	8544.0
2573	8506.0
2574	8511.0
2575	8523.0
2576	8425.0
2577	8453.0
2578	8444.0
2579	8478.0
2580	8427.0
2581	8377.0
2582	8435.0
2583	8324.0
2584	8367.0
2585	8404.0
2586	8440.0
2587	8494.0
2588	8454.0
2589	8317.0
2590	8386.0
2591	8311.0
2592	8399.0
2593	8386.0
2594	8302.0
2595	8344.0
2596	8286.0
2597	8417.0
2598	8431.0
2599	8367.0
2600	8352.0
2601	8316.0
2602	8323.0
2603	8333.0
2604	8390.0
2605	8389.0
2606	8406.0
2607	8417.0
2608	8324.0
2609	8355.0
2610	8414.0
2611	8271.0
2612	8253.0
2613	8270.0
2614	8338.0
2615	8350.0
2616	8405.0
2617	8389.0
2618	8351.0
2619	8342.0
2620	8425.0
2621	8511.0
2622	8403.0
2623	8415.0
2624	8411.0
2625	8435.0
2626	8462.0
2627	8538.0
2628	8488.0
2629	8328.0
2630	8387.0
2631	8409.0
2632	8387.0
2633	8404.0
2634	8432.0
2635	8575.0
2636	8480.0
2637	8517.0
2638	8418.0
2639	8432.0
2640	8399.0
2641	8364.0
2642	8378.0
2643	8476.0
2644	8495.0
2645	8444.0
2646	8436.0
2647	8430.0
2648	8419.0
2649	8460.0
2650	8559.0
2651	8470.0
2652	8414.0
2653	8431.0
2654	8510.0
2655	8552.0
2656	8526.0
2657	8570.0
2658	8557.0
2659	8550.0
2660	8535.0
2661	8592.0
2662	8570.0
2663	8526.0
2664	8476.0
2665	8453.0
2666	8488.0
2667	8470.0
2668	8388.0
2669	8420.0
2670	8401.0
2671	8426.0
2672	8422.0
2673	8435.0
2674	8365.0
2675	8355.0
2676	8374.0
2677	8410.0
2678	8330.0
2679	8353.0
2680	8354.0
2681	8306.0
2682	8333.0
2683	8280.0
2684	8308.0
2685	8413.0
2686	8437.0
2687	8400.0
2688	8417.0
2689	8360.0
2690	8406.0
2691	8371.0
2692	8327.0
2693	8280.0
2694	8310.0
2695	8375.0
2696	8346.0
2697	8373.0
2698	8387.0
2699	8330.0
2700	8404.0
2701	8451.0
2702	8407.0
2703	8421.0
2704	8446.0
2705	8408.0
2706	8372.0
2707	8361.0
2708	8380.0
2709	8439.0
2710	8375.0
2711	8441.0
2712	8491.0
2713	8514.0
2714	8528.0
2715	8427.0
2716	8491.0
2717	8590.0
2718	8498.0
2719	8462.0
2720	8384.0
2721	8412.0
2722	8420.0
2723	8394.0
2724	8439.0
2725	8435.0
2726	8378.0
2727	8375.0
2728	8435.0
2729	8475.0
2730	8427.0
2731	8307.0
2732	8372.0
2733	8362.0
2734	8314.0
2735	8478.0
2736	8467.0
2737	8479.0
2738	8479.0
2739	8481.0
2740	8468.0
2741	8510.0
2742	8539.0
2743	8448.0
2744	8408.0
2745	8434.0
2746	8454.0
2747	8442.0
2748	8454.0
2749	8467.0
2750	8571.0
2751	8522.0
2752	8516.0
2753	8511.0
2754	8413.0
2755	8404.0
2756	8421.0
2757	8421.0
2758	8467.0
2759	8474.0
2760	8521.0
2761	8440.0
2762	8488.0
2763	8411.0
2764	8464.0
2765	8503.0
2766	8444.0
2767	8423.0
2768	8476.0
2769	8398.0
2770	8402.0
2771	8438.0
2772	8398.0
2773	8490.0
2774	8445.0
2775	8462.0
2776	8511.0
2777	8449.0
2778	8333.0
2779	8358.0
2780	8356.0
2781	8378.0
2782	8503.0
2783	8435.0
2784	8459.0
2785	8468.0
2786	8479.0
2787	8415.0
2788	8392.0
2789	8396.0
2790	8429.0
2791	8484.0
2792	8490.0
2793	8457.0
2794	8491.0
2795	8423.0
2796	8400.0
2797	8326.0
2798	8300.0
2799	8356.0
2800	8438.0
2801	8429.0
2802	8382.0
2803	8360.0
2804	8440.0
2805	8420.0
2806	8340.0
2807	8329.0
2808	8241.0
2809	8360.0
2810	8344.0
2811	8410.0
2812	8414.0
2813	8464.0
2814	8395.0
2815	8360.0
2816	8423.0
2817	8334.0
2818	8433.0
2819	8421.0
2820	8376.0
2821	8357.0
2822	8439.0
2823	8510.0
2824	8597.0
2825	8515.0
2826	8529.0
2827	8609.0
2828	8627.0
2829	8617.0
2830	8577.0
2831	8592.0
2832	8559.0
2833	8556.0
2834	8589.0
2835	8499.0
2836	8507.0
2837	8424.0
2838	8427.0
2839	8462.0
2840	8384.0
2841	8348.0
2842	8375.0
2843	8404.0
2844	8443.0
2845	8383.0
2846	8484.0
2847	8462.0
2848	8466.0
2849	8445.0
2850	8412.0
2851	8384.0
2852	8435.0
2853	8401.0
2854	8451.0
2855	8419.0
2856	8503.0
2857	8497.0
2858	8523.0
2859	8492.0
2860	8447.0
2861	8450.0
2862	8508.0
2863	8450.0
2864	8514.0
2865	8530.0
2866	8464.0
2867	8528.0
2868	8568.0
2869	8601.0
2870	8433.0
2871	8432.0
2872	8464.0
2873	8519.0
2874	8527.0
2875	8462.0
2876	8533.0
2877	8531.0
2878	8508.0
2879	8425.0
2880	8514.0
2881	8375.0
2882	8483.0
2883	8442.0
2884	8343.0
2885	8332.0
2886	8437.0
2887	8373.0
2888	8396.0
2889	8363.0
2890	8509.0
2891	8403.0
2892	8359.0
2893	8360.0
2894	8354.0
2895	8347.0
2896	8290.0
2897	8401.0
2898	8370.0
2899	8337.0
2900	8343.0
2901	8361.0
2902	8344.0
2903	8361.0
2904	8340.0
2905	8422.0
2906	8438.0
2907	8442.0
2908	8447.0
2909	8343.0
2910	8330.0
2911	8219.0
2912	8267.0
2913	8281.0
2914	8359.0
2915	8328.0
2916	8312.0
2917	8328.0
2918	8345.0
2919	8321.0
2920	8330.0
2921	8329.0
2922	8458.0
2923	8445.0
2924	8429.0
2925	8363.0
2926	8291.0
2927	8303.0
2928	8364.0
2929	8366.0
2930	8328.0
2931	8310.0
2932	8367.0
2933	8309.0
2934	8394.0
2935	8406.0
2936	8350.0
2937	8455.0
2938	8342.0
2939	8388.0
2940	8373.0
2941	8435.0
2942	8487.0
2943	8445.0
2944	8447.0
2945	8495.0
2946	8540.0
2947	8536.0
2948	8514.0
2949	8526.0
2950	8529.0
2951	8568.0
2952	8561.0
2953	8483.0
2954	8376.0
2955	8399.0
2956	8465.0
2957	8337.0
2958	8437.0
2959	8335.0
2960	8363.0
2961	8301.0
2962	8331.0
2963	8356.0
2964	8386.0
2965	8410.0
2966	8400.0
2967	8390.0
2968	8400.0
2969	8465.0
2970	8549.0
2971	8451.0
2972	8435.0
2973	8545.0
2974	8507.0
2975	8564.0
2976	8511.0
2977	8544.0
2978	8521.0
2979	8460.0
2980	8455.0
2981	8431.0
2982	8552.0
2983	8518.0
2984	8485.0
2985	8509.0
2986	8525.0
2987	8485.0
2988	8383.0
2989	8444.0
2990	8441.0
2991	8380.0
2992	8343.0
2993	8388.0
2994	8322.0
2995	8426.0
2996	8483.0
2997	8456.0
2998	8429.0
2999	8437.0
3000	8509.0
1001	13.96
1002	18.8
1003	13.02
1004	0.2054
1005	8.557
1006	-11.03
1007	-14.39
1008	-15.47
1009	2.488
1010	6.228
1011	-7.722
1012	-0.05066
1013	-22.06
1014	-1.432
1015	-8.748
1016	37.62
1017	23.11
1018	-21.95
1019	3.921
1020	1.427
1021	15.9
1022	-7.343
1023	-3.706
1024	-3.425
1025	5.702
1026	-0.7925
1027	2.188
1028	-11.5
1029	-23.9
1030	-2.385
1031	13.91
1032	-17.23
1033	-31.11
1034	11.92
1035	-7.272
1036	-6.862
1037	-14.21
1038	6.659
1039	-0.3233
1040	-7.995
1041	-9.197
1042	-34.37
1043	-26.66
1044	-4.934
1045	12.43
1046	17.09
1047	-10.47
1048	-15.42
1049	-19.69
1050	-5.877
1051	-14.05
1052	-5.679
1053	7.551
1054	8.126
1055	-23.73
1056	-32.5
1057	-16.35
1058	9.538
1059	-5.78
1060	12.5
1061	-5.385
1062	-10.22
1063	-4.982
1064	-29.52
1065	18.24
1066	-5.849
1067	-33.68
1068	-27.35
1069	14.84
1070	3.328
1071	9.064
1072	8.954
1073	-4.243
1074	-3.584
1075	-47.8
1076	17.32
1077	-22.3
1078	14.75
1079	-10.05
1080	-13.5
1081	-7.151
1082	16.66
1083	19.9
1084	18.32
1085	-4.794
1086	2.211
1087	5.699
1088	10.05
1089	0.451
1090	0.007404
1091	22.41
1092	-13.2
1093	20.23
1094	4.174
1095	-1.93
1096	-27.29
1097	21.92
1098	0.6357
1099	-12.92
1100	-29.93
1101	10.36
1102	23.86
1103	7.973
1104	10.18
1105	-30.59
1106	-8.773
1107	-6.463
1108	19.97
1109	-23.29
1110	-23.49
1111	-23.31
1112	-1.828
1113	4.226
1114	-12.11
1115	-16.59
1116	10.07
1117	18.69
1118	-29.06
1119	-8.227
1120	-2.606
1121	-4.308
1122	-28.6
1123	-43.49
1124	-22.72
1125	-6.876
1126	-11.42
1127	-18.7
1128	-22.1
1129	-1.937
1130	-23.75
1131	12.11
1132	10.05
1133	-20.43
1134	-2.221
1135	-5.574
1136	-7.057
1137	18.19
1138	-6.166
1139	10.24
1140	-1.143
1141	15.22
1142	-15.25
1143	-5.416
1144	0.771
1145	0.8403
1146	-13.88
1147	4.742
1148	2.013
1149	11.7
1150	-6.097
1151	11.85
1152	-13.05
1153	3.843
1154	10.15
1155	-17.62
1156	-35.9
1157	8.921
1158	4.772
1159	-35.51
1160	-8.415
1161	-0.8188
1162	4.959
1163	-0.7742
1164	7.707
1165	-6.553
1166	-20.37
1167	-11.81
1168	2.263
1169	-4.612
1170	-0.2136
1171	-21.31
1172	6.602
1173	10.54
1174	4.308
1175	-1.831
1176	-21.51
1177	-13.16
1178	12.88
1179	-13.01
1180	5.533
1181	-0.7802
1182	-27.59
1183	-28.2
1184	13.74
1185	23.48
1186	12.92
1187	13.17
1188	-0.548
1189	16.15
1190	-0.9227
1191	22.13
1192	0.3908
1193	14.09
1194	2.884
1195	-16.27
1196	18.63
1197	-2.468
1198	-2.457
1199	14.86
1200	8.658
1201	4.767
1202	10.48
1203	15.39
1204	3.859
1205	4.007
1206	11.35
1207	-16.99
1208	2.818
1209	14.52
1210	-21.83
1211	-0.2531
1212	4.027
1213	3.653
1214	-18.06
1215	16.93
1216	-8.082
1217	-25.43
1218	1.23
1219	-11.55
1220	-27.18
1221	-36.22
1222	-6.022
1223	-1.258
1224	2.977
1225	0.3197
1226	-0.7172
1227	-9.598
1228	-8.752
1229	-6.149
1230	8.751
1231	-3.588
1232	36.86
1233	-23.96
1234	-7.491
1235	26.76
1236	-8.297
1237	-8.762
1238	18.48
1239	20.19
1240	3.778
1241	-4.528
1242	-12.04
1243	10.6
1244	-15.41
1245	-2.937
1246	-5.934
1247	-0.513
1248	4.765
1249	0.3449
1250	-3.767
1251	-10.14
1252	3.446
1253	-20.33
1254	5.425
1255	-16.87
1256	-0.6221
1257	1.653
1258	-8.35
1259	-8.875
1260	2.251
1261	-18.26
1262	-14.94
1263	-19.17
1264	4.977
1265	9.578
1266	-5.476
1267	2.755
1268	17.41
1269	-14.09
1270	-7.89
1271	-15.35
1272	20.8
1273	3.336
1274	6.288
1275	-9.091
1276	-8.356
1277	15.87
1278	16.03
1279	-0.2658
1280	24.46
1281	5.239
1282	1.023
1283	4.103
1284	5.278
1285	3.21
1286	2.238
1287	13.78
1288	-1.835
1289	-1.663
1290	-8.779
1291	20.45
1292	5.457
1293	-11.77
1294	6.831
1295	-16.11
1296	-2.178
1297	-10.98
1298	-16.2
1299	-31.13
1300	-0.7062
1301	7.131
1302	-6.769
1303	-6.244
1304	0.06104
1305	10.76
1306	-9.44
1307	-5.49
1308	1.585
1309	6.365
1310	13.9
1311	-11.84
1312	11.01
1313	14.37
1314	-11.71
1315	-24.75
1316	-28.32
1317	-10.29
1318	7.165
1319	-0.2734
1320	-39.4
1321	5.786
1322	9.559
1323	-18.27
1324	8.142
1325	23.01
1326	15.33
1327	-22.41
1328	7.779
1329	6.153
1330	7.268
1331	4.644
1332	27.08
1333	0.3
1334	12.01
1335	20.63
1336	-6.815
1337	-4.664
1338	12.63
1339	-7.213
1340	-5.109
1341	-0.5558
1342	6.504
1343	7.843
1344	8.115
1345	-12.26
1346	12.3
1347	-1.942
1348	-9.99
1349	-27.89
1350	13.9
1351	4.602
1352	21.72
1353	12.94
1354	5.327
1355	-6.323
1356	6.6
1357	-33.33
1358	10.68
1359	-1.76
1360	5.497
1361	13.58
1362	13.69
1363	-17.17
1364	-3.093
1365	11.35
1366	-32.87
1367	-11.81
1368	-16.46
1369	12.13
1370	32.05
1371	-19.24
1372	2.624
1373	-15.18
1374	15.9
1375	-5.586
1376	6.743
1377	-6.773
1378	4.958
1379	4.591
1380	-5.575
1381	-11.93
1382	8.912
1383	14.14
1384	2.984
1385	17.17
1386	17.12
1387	-3.856
1388	11.78
1389	-16.21
1390	-10.46
1391	8.922
1392	27.05
1393	12.82
1394	4.878
1395	-13.18
1396	11.34
1397	0.7797
1398	-5.002
1399	2.178
1400	8.387
1401	-25.67
1402	9.575
1403	-26.08
1404	-5.724
1405	-7.451
1406	13.01
1407	1.092
1408	15.83
1409	-12.68
1410	-13.92
1411	-15.14
1412	11.09
1413	1.214
1414	2.254
1415	-4.088
1416	-3.791
1417	3.681
1418	-7.973
1419	3.875
1420	8.976
1421	-7.405
1422	2.762
1423	-25.28
1424	-2.945
1425	-3.451
1426	14.96
1427	2.786
1428	2.446
1429	4.111
1430	8.2
1431	11.52
1432	2.918
1433	6.366
1434	-11.3
1435	7.515
1436	-14.63
1437	-1.102
1438	10.88
1439	-29.41
1440	26.69
1441	-12.67
1442	-6.795
1443	0.4225
1444	16.86
1445	4.584
1446	10.19
1447	-15.62
1448	13.54
1449	1.696
1450	-1.2
1451	-18.41
1452	15.89
1453	-9.786
1454	-20.18
1455	-20.94
1456	-17.47
1457	-9.975
1458	-17.23
1459	2.608
1460	-29.29
1461	2.021
1462	-1.257
1463	3.874
1464	17.72
1465	-5.26
1466	-31.47
1467	3.956
1468	-20.54
1469	-6.255
1470	7.517
1471	4.028
1472	24.49
1473	23.15
1474	-10.65
1475	-3.475
1476	-9.699
1477	-17.19
1478	19.85
1479	6.928
1480	16.04
1481	-23.56
1482	-7.617
1483	-7.858
1484	9.223
1485	-46.4
1486	-5.235
1487	-7.426
1488	0.5204
1489	1.523
1490	9.254
1491	7.725
1492	-9.079
1493	-8.379
1494	-22.03
1495	-6.399
1496	4.006
1497	-8.966
1498	19.39
1499	6.299
1500	10.97
1501	-7.72
1502	-41.11
1503	-4.53
1504	3.665
1505	-20.96
1506	-2.251
1507	19.69
1508	-2.573
1509	-7.583
1510	-10.88
1511	15.83
1512	8.708
1513	7.488
1514	-4.712
1515	16.9
1516	1.172
1517	-18.49
1518	2.733
1519	0.7532
1520	-7.609
1521	7.881
1522	-9.717
1523	11.13
1524	-37.14
1525	0.1535
1526	0.9781
1527	-2.864
1528	-4.591
1529	-17.68
1530	6.724
1531	-6.747
1532	-11.24
1533	-10.05
1534	-34.28
1535	15.12
1536	-1.775
1537	-3.588
1538	15.57
1539	12.62
1540	-14.63
1541	-19.23
1542	-8.093
1543	12.53
1544	10.97
1545	0.4176
1546	-2.616
1547	-24.52
1548	1.415
1549	-7.437
1550	-67.48
1551	-11.78
1552	6.806
1553	-4.377
1554	-4.877
1555	-16.98
1556	-13.85
1557	6.262
1558	8.785
1559	24.8
1560	-1.325
1561	13.84
1562	-11.06
1563	-8.257
1564	18.02
1565	16.03
1566	0.2006
1567	-7.761
1568	9.251
1569	0.9107
1570	2.476
1571	-2.374
1572	-13.2
1573	-8.436
1574	-3.888
1575	-9.421
1576	-6.995
1577	22.83
1578	8.945
1579	11.38
1580	-22.96
1581	-3.941
1582	30.1
1583	13.62
1584	-23.22
1585	-2.581
1586	11.92
1587	-22.46
1588	32.62
1589	4.15
1590	-6.689
1591	12.58
1592	-1.36
1593	9.763
1594	8.679
1595	-22.25
1596	9.768
1597	14.33
1598	8.322
1599	5.598
1600	-4.517
1601	5.384
1602	-9.634
1603	1.257
1604	3.805
1605	-7.831
1606	4.981
1607	-6.957
1608	-17.5
1609	5.205
1610	-14.78
1611	-9.59
1612	9.025
1613	0.107
1614	11.11
1615	-4.52
1616	6.153
1617	-13.71
1618	-14.63
1619	-22.98
1620	4.662
1621	-2.41
1622	-11.95
1623	19.11
1624	23.29
1625	10.62
1626	20.04
1627	1.515
1628	9.126
1629	27.9
1630	-2.279
1631	-7.168
1632	9.816
1633	2.079
1634	-2.983
1635	-9.863
1636	-2.636
1637	-0.7216
1638	5.003
1639	-4.99
1640	-5.068
1641	-1.022
1642	2.22
1643	21.14
1644	-2.591
1645	-20.78
1646	14.62
1647	-14.57
1648	15.03
1649	-3.256
1650	21.04
1651	13.69
1652	-4.714
1653	9.612
1654	4.596
1655	-8.109
1656	1.602
1657	-0.7765
1658	0.2751
1659	8.812
1660	-37.23
1661	20.47
1662	-25.27
1663	7.037
1664	9.492
1665	0.9447
1666	31.15
1667	-7.291
1668	11.46
1669	-0.2559
1670	-4.614
1671	-34.17
1672	15.36
1673	12.67
1674	6.52
1675	22.7
1676	9.321
1677	-13.04
1678	9.388
1679	-4.21
1680	0.4685
1681	1.061
1682	26.09
1683	-10.99
1684	14.4
1685	-14.34
1686	9.006
1687	1.778
1688	3.085
1689	-31.13
1690	-35.26
1691	-9.193
1692	-25.54
1693	-20.65
1694	-0.6002
1695	13.16
1696	2.627
1697	-3.123
1698	14.44
1699	-26.34
1700	6.817
1701	-1.022
1702	3.675
1703	-2.321
1704	13.43
1705	-0.4596
1706	7.141
1707	11.49
1708	-20.89
1709	11.79
1710	-0.8351
1711	5.194
1712	-23.3
1713	6.104
1714	3.523
1715	-1.625
1716	-25.18
1717	10.0
1718	-3.501
1719	23.81
1720	-7.428
1721	-10.28
1722	11.77
1723	16.25
1724	19.72
1725	15.73
1726	0.9227
1727	19.61
1728	-10.65
1729	-2.841
1730	7.451
1731	-5.155
1732	2.913
1733	4.078
1734	-10.87
1735	9.848
1736	9.726
1737	26.33
1738	11.12
1739	16.39
1740	8.659
1741	-1.261
1742	-30.93
1743	-14.19
1744	-6.087
1745	0.6008
1746	-11.27
1747	-10.61
1748	7.619
1749	1.215
1750	-10.45
1751	2.329
1752	3.425
1753	6.487
1754	-34.17
1755	10.13
1756	16.68
1757	-15.13
1758	-10.6
1759	-5.465
1760	-13.72
1761	-8.723
1762	-15.69
1763	15.46
1764	-1.09
1765	-33.08
1766	-34.39
1767	23.31
1768	1.603
1769	-8.16
1770	3.617
1771	4.09
1772	-5.335
1773	3.848
1774	-41.7
1775	16.78
1776	-8.74
1777	-1.987
1778	-1.543
1779	-3.87
1780	13.88
1781	-0.6283
1782	-33.4
1783	-5.979
1784	-12.64
1785	-8.245
1786	5.632
1787	-26.48
1788	19.39
1789	-3.474
1790	-5.218
1791	-3.981
1792	-0.1719
1793	-14.96
1794	9.211
1795	16.14
1796	29.95
1797	5.671
1798	14.7
1799	5.468
1800	-8.797
1801	-13.72
1802	23.57
1803	-11.48
1804	-0.6897
1805	-1.084
1806	6.642
1807	11.17
1808	4.232
1809	9.664
1810	-4.549
1811	-16.24
1812	12.69
1813	-4.848
1814	-2.819
1815	25.93
1816	7.379
1817	23.41
1818	-7.737
1819	15.15
1820	27.38
1821	-8.108
1822	-12.42
1823	-13.29
1824	-0.4968
1825	0.6599
1826	14.89
1827	7.419
1828	-3.604
1829	-20.43
1830	-18.76
1831	-0.1487
1832	-28.97
1833	-18.17
1834	-2.784
1835	-11.39
1836	-25.8
1837	-34.97
1838	-10.33
1839	-45.34
1840	1.663
1841	-30.07
1842	-3.482
1843	1.583
1844	-7.541
1845	12.03
1846	2.2
1847	-14.35
1848	2.959
1849	-14.97
1850	8.752
1851	13.93
1852	-14.56
1853	-15.88
1854	16.34
1855	0.4319
1856	-3.966
1857	-14.94
1858	-12.14
1859	-21.15
1860	-5.84
1861	7.436
1862	-21.38
1863	-11.1
1864	13.39
1865	4.636
1866	5.312
1867	-16.42
1868	14.36
1869	2.249
1870	-9.466
1871	-17.0
1872	1.646
1873	10.33
1874	10.12
1875	-10.89
1876	11.43
1877	5.696
1878	-7.033
1879	21.43
1880	-10.04
1881	-19.32
1882	-16.02
1883	-17.74
1884	15.59
1885	-14.63
1886	11.73
1887	10.03
1888	-2.738
1889	7.457
1890	10.2
1891	-1.621
1892	19.54
1893	21.99
1894	21.56
1895	5.993
1896	-27.91
1897	8.39
1898	-17.03
1899	-10.81
1900	-13.62
1901	-14.48
1902	-14.25
1903	21.39
1904	-3.481
1905	-5.63
1906	-15.71
1907	1.931
1908	-0.5189
1909	0.3185
1910	-17.64
1911	-3.013
1912	9.256
1913	-6.821
1914	-26.45
1915	11.87
1916	4.347
1917	1.096
1918	-11.19
1919	6.784
1920	9.329
1921	-10.14
1922	5.987
1923	-17.95
1924	-2.521
1925	24.7
1926	-10.02
1927	18.04
1928	15.39
1929	-23.33
1930	-26.58
1931	11.06
1932	-17.67
1933	22.4
1934	-8.734
1935	11.17
1936	-13.27
1937	7.966
1938	5.496
1939	-17.64
1940	-4.38
1941	0.8252
1942	-2.627
1943	-6.256
1944	-8.445
1945	2.469
1946	-15.59
1947	-14.35
1948	-8.301
1949	-13.28
1950	-13.48
1951	24.75
1952	-1.673
1953	18.25
1954	6.396
1955	-7.808
1956	4.497
1957	-12.68
1958	-17.52
1959	-28.12
1960	-14.61
1961	-8.401
1962	5.913
1963	-5.582
1964	-10.3
1965	-9.712
1966	-13.32
1967	-11.23
1968	-30.06
1969	-32.48
1970	-32.3
1971	-12.51
1972	-4.428
1973	5.246
1974	-6.12
1975	16.78
1976	-27.03
1977	-16.57
1978	13.98
1979	3.849
1980	-5.47
1981	-0.02475
1982	1.834
1983	-10.94
1984	19.45
1985	8.632
1986	-1.221
1987	9.297
1988	-31.7
1989	-2.026
1990	14.77
1991	-6.952
1992	4.209
1993	-0.6878
1994	-12.5
1995	-13.73
1996	-27.0
1997	-13.3
1998	7.518
1999	-29.66
2000	-20.95
2001	-20.98
2002	18.97
2003	-9.685
2004	27.11
2005	7.997
2006	2.174
2007	-20.26
2008	4.957
2009	-2.656
2010	10.56
2011	-28.23
2012	-2.3
2013	-30.62
2014	1.751
2015	-0.4718
2016	16.13
2017	8.967
2018	11.51
2019	-1.509
2020	21.07
2021	8.539
2022	11.3
2023	4.162
2024	9.512
2025	0.9971
2026	12.72
2027	2.382
2028	9.229
2029	-12.56
2030	4.027
2031	7.716
2032	4.012
2033	6.045
2034	9.832
2035	-3.984
2036	13.78
2037	11.37
2038	-18.74
2039	24.25
2040	12.88
2041	-21.79
2042	-1.392
2043	1.423
2044	-7.825
2045	-5.304
2046	17.13
2047	-1.214
2048	-27.03
2049	-45.59
2050	-10.26
2051	5.358
2052	5.897
2053	17.41
2054	-32.89
2055	4.598
2056	7.998
2057	-25.74
2058	-1.065
2059	16.7
2060	1.256
2061	20.19
2062	11.04
2063	1.568
2064	-18.31
2065	-0.7993
2066	1.942
2067	-3.427
2068	3.087
2069	15.04
2070	14.03
2071	-8.667
2072	5.109
2073	-10.97
2074	6.396
2075	12.62
2076	-1.652
2077	-5.163
2078	-0.6409
2079	26.23
2080	-51.0
2081	-17.39
2082	-43.71
2083	-21.27
2084	8.423
2085	10.53
2086	-8.316
2087	-1.481
2088	20.66
2089	18.73
2090	-22.49
2091	-18.75
2092	19.65
2093	18.44
2094	-7.388
2095	-8.032
2096	-1.38
2097	-1.088
2098	5.224
2099	13.24
2100	5.94
2101	-14.0
2102	11.69
2103	-38.51
2104	-13.7
2105	4.069
2106	10.84
2107	-0.295
2108	-2.218
2109	12.56
2110	25.03
2111	8.607
2112	15.3
2113	-15.94
2114	10.84
2115	-22.57
2116	1.395
2117	-1.253
2118	1.606
2119	-6.403
2120	-24.18
2121	-21.01
2122	-8.385
2123	-0.849
2124	-19.09
2125	-4.9
2126	-9.936
2127	-9.665
2128	14.92
2129	10.42
2130	10.73
2131	-22.48
2132	14.15
2133	10.6
2134	-11.59
2135	-29.13
2136	-15.63
2137	9.066
2138	-11.84
2139	0.5721
2140	6.352
2141	22.11
2142	-4.367
2143	-4.06
2144	6.69
2145	-8.196
2146	2.588
2147	3.667
2148	5.446
2149	33.28
2150	-20.32
2151	7.759
2152	14.8
2153	-3.11
2154	1.886
2155	6.737
2156	-2.352
2157	19.71
2158	7.131
2159	-19.75
2160	8.196
2161	-0.408
2162	-11.59
2163	24.0
2164	1.101
2165	10.6
2166	-9.669
2167	-11.72
2168	-0.3351
2169	-2.56
2170	0.1561
2171	-8.477
2172	10.06
2173	3.918
2174	12.55
2175	5.096
2176	1.195
2177	-16.68
2178	-16.56
2179	4.146
2180	3.643
2181	1.403
2182	6.786
2183	-11.57
2184	-9.875
2185	-3.129
2186	-33.29
2187	17.58
2188	6.09
2189	-7.103
2190	-1.005
2191	-2.037
2192	1.603
2193	-6.637
2194	-12.35
2195	3.704
2196	23.57
2197	-29.7
2198	-10.43
2199	0.8126
2200	6.225
2201	-3.297
2202	-13.15
2203	4.243
2204	-19.64
2205	-21.63
2206	-16.55
2207	-21.54
2208	-13.56
2209	-3.157
2210	4.193
2211	7.12
2212	5.222
2213	5.545
2214	27.93
2215	-22.29
2216	-2.082
2217	-2.867
2218	-5.758
2219	-9.9
2220	16.96
2221	-17.85
2222	-3.066
2223	14.76
2224	-14.85
2225	23.24
2226	-5.455
2227	-29.08
2228	2.092
2229	26.14
2230	-8.654
2231	5.386
2232	-0.2545
2233	-1.548
2234	-16.69
2235	22.67
2236	-3.135
2237	-7.835
2238	-0.8748
2239	-0.8829
2240	18.06
2241	5.477
2242	-11.18
2243	21.53
2244	14.2
2245	-7.608
2246	19.06
2247	9.98
2248	-4.433
2249	-17.05
2250	-28.68
2251	-24.42
2252	-14.05
2253	6.077
2254	-6.964
2255	-0.4094
2256	1.26
2257	-26.85
2258	5.46
2259	-1.469
2260	-10.18
2261	-18.49
2262	1.677
2263	6.263
2264	0.8283
2265	-11.05
2266	0.5899
2267	11.98
2268	7.697
2269	-4.341
2270	-1.55
2271	4.41
2272	2.085
2273	-10.75
2274	8.838
2275	-16.92
2276	-5.757
2277	-8.495
2278	10.43
2279	0.9576
2280	5.365
2281	-4.287
2282	13.45
2283	-9.597
2284	-19.32
2285	2.702
2286	10.67
2287	-13.72
2288	8.52
2289	-5.159
2290	-1.039
2291	-3.948
2292	7.975
2293	-16.43
2294	-5.272
2295	2.828
2296	-29.58
2297	-6.712
2298	12.58
2299	10.83
2300	-21.12
2301	-4.415
2302	-2.346
2303	-5.282
2304	11.46
2305	10.97
2306	0.6779
2307	5.378
2308	-15.03
2309	-8.734
2310	-13.71
2311	-4.463
2312	5.957
2313	7.194
2314	-17.89
2315	-6.949
2316	-17.02
2317	6.556
2318	5.102
2319	-11.52
2320	3.869
2321	3.778
2322	11.51
2323	-24.89
2324	-16.6
2325	-6.051
2326	-6.392
2327	-19.84
2328	-13.35
2329	-2.267
2330	6.674
2331	-6.308
2332	-7.301
2333	3.978
2334	11.89
2335	-1.48
2336	3.983
2337	8.771
2338	-7.828
2339	-8.209
2340	-5.119
2341	19.31
2342	-8.223
2343	10.74
2344	2.74
2345	7.673
2346	-5.179
2347	-43.55
2348	-20.29
2349	4.844
2350	1.144
2351	-5.715
2352	16.08
2353	-15.31
2354	21.76
2355	-7.512
2356	-19.31
2357	-2.755
2358	12.59
2359	-1.292
2360	-9.249
2361	-8.017
2362	6.702
2363	-11.73
2364	-13.26
2365	13.23
2366	7.152
2367	-22.63
2368	1.964
2369	-1.265
2370	17.34
2371	8.584
2372	-2.586
2373	2.23
2374	12.53
2375	-12.42
2376	19.34
2377	7.585
2378	4.084
2379	8.486
2380	-8.828
2381	-19.01
2382	-12.26
2383	-20.56
2384	-8.398
2385	9.301
2386	-28.64
2387	-29.81
2388	-14.58
2389	-0.3528
2390	2.425
2391	-1.087
2392	3.987
2393	2.865
2394	0.5813
2395	-7.387
2396	-4.994
2397	10.13
2398	-5.859
2399	20.58
2400	-13.0
2401	-1.561
2402	18.91
2403	2.831
2404	26.17
2405	2.805
2406	6.308
2407	-6.061
2408	5.796
2409	18.73
2410	16.06
2411	9.152
2412	14.74
2413	4.075
2414	13.64
2415	7.257
2416	3.227
2417	-1.637
2418	2.097
2419	1.545
2420	-22.24
2421	-16.74
2422	29.03
2423	11.94
2424	17.7
2425	-12.18
2426	-11.41
2427	-14.99
2428	9.913
2429	-29.76
2430	-3.644
2431	-8.823
2432	11.43
2433	27.43
2434	-16.32
2435	15.47
2436	-2.654
2437	-8.972
2438	-28.99
2439	-18.17
2440	-18.77
2441	-24.85
2442	4.328
2443	-15.25
2444	-23.27
2445	5.937
2446	6.442
2447	-7.089
2448	27.35
2449	-13.74
2450	5.89
2451	-8.902
2452	-18.85
2453	4.783
2454	-15.43
2455	-35.54
2456	-8.455
2457	-10.62
2458	-9.642
2459	12.63
2460	7.013
2461	17.32
2462	-17.42
2463	-28.47
2464	-11.25
2465	-3.533
2466	-36.79
2467	4.438
2468	11.69
2469	11.87
2470	-28.46
2471	-4.484
2472	6.062
2473	-22.24
2474	-12.38
2475	7.338
2476	-14.53
2477	-3.161
2478	-4.977
2479	-11.72
2480	-6.949
2481	13.48
2482	-29.15
2483	-19.78
2484	12.6
2485	11.5
2486	-18.12
2487	9.452
2488	-18.13
2489	2.488
2490	-9.788
2491	7.065
2492	11.08
2493	-4.479
2494	-15.07
2495	5.937
2496	21.93
2497	-1.059
2498	-0.2098
2499	-19.43
2500	-4.029
2501	19.17
2502	20.06
2503	-2.325
2504	12.94
2505	-2.147
2506	17.58
2507	4.984
2508	1.266
2509	-9.13
2510	19.87
2511	-4.505
2512	-4.397
2513	-0.501
2514	-6.34
2515	-30.57
2516	2.392
2517	-2.056
2518	5.951
2519	10.51
2520	-5.303
2521	1.938
2522	10.46
2523	9.004
2524	6.713
2525	-18.22
2526	-23.97
2527	-26.8
2528	-31.41
2529	-13.55
2530	7.923
2531	-34.87
2532	-14.65
2533	-4.548
2534	-22.82
2535	8.316
2536	5.648
2537	-5.591
2538	4.115
2539	-0.2538
2540	-3.391
2541	0.9693
2542	-12.29
2543	4.534
2544	-6.312
2545	-14.69
2546	-7.175
2547	8.06
2548	5.163
2549	12.17
2550	2.313
2551	-16.93
2552	-8.11
2553	26.07
2554	-25.81
2555	-2.493
2556	10.08
2557	-14.4
2558	6.87
2559	13.28
2560	16.06
2561	-1.216
2562	-34.28
2563	12.85
2564	11.58
2565	-23.56
2566	-11.37
2567	11.31
2568	-20.4
2569	-1.148
2570	-2.406
2571	-17.85
2572	4.241
2573	-13.62
2574	8.055
2575	-12.97
2576	-8.155
2577	-9.004
2578	-21.97
2579	19.22
2580	10.02
2581	-15.15
2582	11.88
2583	10.39
2584	-6.556
2585	5.41
2586	20.88
2587	0.009161
2588	-11.08
2589	5.016
2590	6.622
2591	2.06
2592	6.439
2593	13.31
2594	2.697
2595	1.272
2596	-5.459
2597	-15.98
2598	-6.161
2599	-24.16
2600	-1.754
2601	12.5
2602	8.799
2603	-22.53
2604	-7.771
2605	5.941
2606	-32.67
2607	-12.7
2608	-1.756
2609	3.794
2610	-5.973
2611	0.5609
2612	0.295
2613	3.049
2614	-11.77
2615	-7.719
2616	3.683
2617	-1.638
2618	-8.849
2619	15.21
2620	2.649
2621	9.438
2622	15.33
2623	16.93
2624	-5.621
2625	-3.863
2626	-22.46
2627	19.46
2628	-7.29
2629	-9.131
2630	7.526
2631	-7.512
2632	-14.68
2633	5.994
2634	3.19
2635	0.2105
2636	-2.422
2637	-8.002
2638	1.948
2639	-0.722
2640	-12.27
2641	-25.51
2642	11.22
2643	-19.07
2644	-27.72
2645	21.03
2646	-13.45
2647	21.77
2648	3.747
2649	1.684
2650	-0.9005
2651	4.714
2652	-15.29
2653	-9.161
2654	26.15
2655	-5.671
2656	-8.615
2657	0.4183
2658	20.72
2659	4.099
2660	-18.78
2661	-8.596
2662	20.12
2663	-4.677
2664	-11.31
2665	-11.89
2666	3.638
2667	0.2064
2668	-0.3258
2669	-4.15
2670	7.421
2671	-13.64
2672	-1.026
2673	2.958
2674	-34.47
2675	5.067
2676	-5.609
2677	13.42
2678	26.35
2679	26.04
2680	-10.0
2681	1.723
2682	8.252
2683	16.89
2684	-35.37
2685	1.824
2686	1.458
2687	-16.91
2688	11.82
2689	-1.067
2690	-4.572
2691	11.32
2692	-1.482
2693	10.64
2694	7.488
2695	8.116
2696	-4.656
2697	16.04
2698	-37.79
2699	-0.4331
2700	-4.329
2701	-21.1
2702	14.51
2703	-8.049
2704	-5.939
2705	-19.58
2706	-14.73
2707	-0.5995
2708	19.57
2709	16.71
2710	2.538
2711	22.33
2712	-38.88
2713	-8.36
2714	-13.25
2715	-24.26
2716	4.193
2717	-13.69
2718	-12.4
2719	22.36
2720	17.41
2721	0.2831
2722	-10.06
2723	-13.78
2724	-12.33
2725	-9.415
2726	-26.96
2727	0.5196
2728	-16.07
2729	-10.19
2730	-0.5781
2731	-0.9495
2732	10.55
2733	-4.43
2734	13.14
2735	-24.85
2736	15.59
2737	18.6
2738	6.063
2739	1.205
2740	-6.111
2741	-1.258
2742	7.05
2743	-2.511
2744	-15.86
2745	-1.338
2746	-11.06
2747	17.87
2748	-1.982
2749	-11.12
2750	-14.96
2751	17.14
2752	0.1238
2753	-12.76
2754	2.205
2755	-14.14
2756	6.282
2757	14.23
2758	-19.69
2759	12.54
2760	11.92
2761	4.601
2762	-1.075
2763	2.374
2764	12.6
2765	-9.004
2766	-4.774
2767	1.509
2768	0.2082
2769	4.191
2770	-23.5
2771	2.761
2772	-19.25
2773	-25.39
2774	13.87
2775	29.1
2776	-5.715
2777	6.394
2778	-14.54
2779	-8.105
2780	4.071
2781	-6.02
2782	2.287
2783	3.895
2784	-3.889
2785	-3.627
2786	7.253
2787	14.9
2788	-3.762
2789	27.81
2790	-37.62
2791	14.79
2792	-27.81
2793	13.98
2794	-15.16
2795	23.19
2796	15.74
2797	-3.728
2798	-1.339
2799	16.08
2800	-0.1348
2801	0.8375
2802	-9.75
2803	7.897
2804	-8.044
2805	-25.34
2806	-23.84
2807	-6.278
2808	7.323
2809	22.88
2810	-9.091
2811	-5.591
2812	-2.621
2813	18.14
2814	-1.712
2815	-2.696
2816	6.584
2817	-3.154
2818	-5.706
2819	12.13
2820	-2.305
2821	12.72
2822	-13.12
2823	12.66
2824	9.389
2825	3.463
2826	-8.18
2827	-6.732
2828	-25.3
2829	19.82
2830	-18.48
2831	-0.1556
2832	-3.655
2833	-13.57
2834	-0.6691
2835	-1.404
2836	15.07
2837	-12.63
2838	-5.961
2839	-1.646
2840	30.94
2841	-36.94
2842	12.72
2843	-22.64
2844	10.89
2845	-17.08
2846	-18.71
2847	5.295
2848	24.28
2849	-23.72
2850	-17.27
2851	10.38
2852	-0.9052
2853	-9.918
2854	9.94
2855	-35.72
2856	-6.933
2857	-12.07
2858	8.739
2859	-23.35
2860	-1.751
2861	12.95
2862	25.12
2863	-3.622
2864	2.413
2865	-7.951
2866	-2.69
2867	-21.99
2868	-0.6535
2869	13.0
2870	14.45
2871	1.644
2872	-14.45
2873	-3.4
2874	-16.69
2875	-5.729
2876	8.757
2877	6.989
2878	-20.04
2879	-15.07
2880	12.48
2881	-0.6699
2882	-5.518
2883	16.3
2884	-10.08
2885	-5.132
2886	-9.546
2887	3.969
2888	5.567
2889	-11.67
2890	-37.21
2891	-6.795
2892	-45.74
2893	-1.675
2894	-23.95
2895	-11.12
2896	3.262
2897	19.77
2898	-17.72
2899	-7.101
2900	-10.26
2901	2.761
2902	19.42
2903	14.87
2904	-1.58
2905	7.296
2906	-29.12
2907	13.74
2908	0.8373
2909	1.539
2910	17.72
2911	-33.81
2912	2.426
2913	14.39
2914	-30.37
2915	1.333
2916	-12.47
2917	6.797
2918	-13.82
2919	-14.95
2920	-11.15
2921	-25.94
2922	9.192
2923	-3.065
2924	15.42
2925	-11.27
2926	-15.03
2927	-28.74
2928	-5.251
2929	-0.3469
2930	13.93
2931	7.879
2932	5.717
2933	7.784
2934	-17.05
2935	-16.24
2936	12.0
2937	1.147
2938	9.244
2939	19.82
2940	11.82
2941	4.753
2942	-25.25
2943	-13.58
2944	-11.74
2945	20.28
2946	2.848
2947	1.773
2948	-2.1
2949	6.069
2950	18.7
2951	-25.57
2952	25.47
2953	-12.24
2954	-8.973
2955	-19.97
2956	26.73
2957	5.225
2958	-1.689
2959	3.587
2960	23.14
2961	6.638
2962	-7.699
2963	29.6
2964	14.56
2965	-15.6
2966	-18.43
2967	0.2201
2968	-8.826
2969	10.06
2970	-7.814
2971	8.882
2972	17.93
2973	-4.264
2974	-1.713
2975	-1.296
2976	-16.1
2977	10.84
2978	21.06
2979	-0.3973
2980	9.694
2981	1.985
2982	-14.99
2983	8.609
2984	6.654
2985	6.242
2986	-7.624
2987	-7.791
2988	-17.72
2989	-9.659
2990	-2.185
2991	-2.825
2992	-6.156
2993	-8.277
2994	-12.22
2995	-17.58
2996	5.293
2997	-1.676
2998	-11.63
2999	-10.37
3000	-2.718
