1001	8429.0
1002	8497.0
1003	8482.0
1004	8418.0
1005	8418.0
1006	8355.0
1007	8493.0
1008	8461.0
1009	8422.0
1010	8422.0
1011	8313.0
1012	8347.0
1013	8372.0
1014	8410.0
1015	8386.0
1016	8335.0
1017	8364.0
1018	8264.0
1019	8273.0
1020	8259.0
1021	8285.0
1022	8354.0
1023	8306.0
1024	8295.0
1025	8396.0
1026	8428.0
1027	8406.0
1028	8377.0
1029	8402.0
1030	8405.0
1031	8331.0
1032	8218.0
1033	8224.0
1034	8283.0
1035	8226.0
1036	8223.0
1037	8237.0
1038	8261.0
1039	8193.0
1040	8229.0
1041	8299.0
1042	8351.0
1043	8391.0
1044	8329.0
1045	8363.0
1046	8299.0
1047	8291.0
1048	8242.0
1049	8251.0
1050	8361.0
1051	8385.0
1052	8280.0
1053	8354.0
1054	8360.0
1055	8408.0
1056	8375.0
1057	8287.0
1058	8270.0
1059	8319.0
1060	8334.0
1061	8282.0
1062	8240.0
1063	8289.0
1064	8260.0
1065	8169.0
1066	8248.0
1067	8267.0
1068	8260.0
1069	8346.0
1070	8326.0
1071	8316.0
1072	8428.0
1073	8478.0
1074	8409.0
1075	8334.0
1076	8355.0
1077	8356.0
1078	8287.0
1079	8315.0
1080	8376.0
1081	8378.0
1082	8368.0
1083	8437.0
1084	8493.0
1085	8430.0
1086	8374.0
1087	8366.0
1088	8391.0
1089	8353.0
1090	8278.0
1091	8261.0
1092	8439.0
1093	8484.0
1094	8544.0
1095	8453.0
1096	8420.0
1097	8438.0
1098	8340.0
1099	8362.0
1100	8484.0
1101	8535.0
1102	8522.0
1103	8365.0
1104	8456.0
1105	8495.0
1106	8487.0
1107	8370.0
1108	8340.0
1109	8344.0
1110	8412.0
1111	8355.0
1112	8374.0
1113	8337.0
1114	8405.0
1115	8322.0
1116	8429.0
1117	8422.0
1118	8534.0
1119	8420.0
1120	8409.0
1121	8426.0
1122	8398.0
1123	8351.0
1124	8429.0
1125	8452.0
1126	8465.0
1127	8411.0
1128	8343.0
1129	8339.0
1130	8320.0
1131	8324.0
1132	8312.0
1133	8385.0
1134	8387.0
1135	8411.0
1136	8451.0
1137	8385.0
1138	8425.0
1139	8501.0
1140	8364.0
1141	8408.0
1142	8338.0
1143	8361.0
1144	8368.0
1145	8423.0
1146	8347.0
1147	8353.0
1148	8470.0
1149	8435.0
1150	8441.0
1151	8497.0
1152	8548.0
1153	8488.0
1154	8422.0
1155	8468.0
1156	8405.0
1157	8460.0
1158	8449.0
1159	8430.0
1160	8474.0
1161	8432.0
1162	8486.0
1163	8424.0
1164	8405.0
1165	8351.0
1166	8446.0
1167	8448.0
1168	8400.0
1169	8353.0
1170	8293.0
1171	8383.0
1172	8392.0
1173	8415.0
1174	8396.0
1175	8368.0
1176	8394.0
1177	8378.0
1178	8349.0
1179	8375.0
1180	8481.0
1181	8456.0
1182	8372.0
1183	8563.0
1184	8453.0
1185	8409.0
1186	8351.0
1187	8359.0
1188	8372.0
1189	8444.0
1190	8346.0
1191	8318.0
1192	8384.0
1193	8356.0
1194	8329.0
1195	8253.0
1196	8318.0
1197	8347.0
1198	8401.0
1199	8381.0
1200	8342.0
1201	8331.0
1202	8367.0
1203	8442.0
1204	8346.0
1205	8377.0
1206	8395.0
1207	8481.0
1208	8496.0
1209	8442.0
1210	8354.0
1211	8323.0
1212	8389.0
1213	8367.0
1214	8242.0
1215	8238.0
1216	8287.0
1217	8328.0
1218	8272.0
1219	8388.0
1220	8441.0
1221	8339.0
1222	8314.0
1223	8332.0
1224	8300.0
1225	8353.0
1226	8338.0
1227	8310.0
1228	8351.0
1229	8392.0
1230	8457.0
1231	8490.0
1232	8428.0
1233	8362.0
1234	8400.0
1235	8403.0
1236	8447.0
1237	8445.0
1238	8391.0
1239	8429.0
1240	8403.0
1241	8471.0
1242	8469.0
1243	8394.0
1244	8323.0
1245	8337.0
1246	8333.0
1247	8348.0
1248	8300.0
1249	8324.0
1250	8382.0
1251	8355.0
1252	8286.0
1253	8247.0
1254	8223.0
1255	8136.0
1256	8254.0
1257	8278.0
1258	8237.0
1259	8353.0
1260	8257.0
1261	8340.0
1262	8248.0
1263	8287.0
1264	8241.0
1265	8245.0
1266	8264.0
1267	8193.0
1268	8269.0
1269	8199.0
1270	8350.0
1271	8394.0
1272	8280.0
1273	8338.0
1274	8341.0
1275	8333.0
1276	8287.0
1277	8348.0
1278	8257.0
1279	8362.0
1280	8355.0
1281	8338.0
1282	8200.0
1283	8255.0
1284	8281.0
1285	8295.0
1286	8278.0
1287	8327.0
1288	8285.0
1289	8326.0
1290	8323.0
1291	8334.0
1292	8318.0
1293	8416.0
1294	8420.0
1295	8423.0
1296	8344.0
1297	8350.0
1298	8406.0
1299	8386.0
1300	8404.0
1301	8468.0
1302	8437.0
1303	8330.0
1304	8384.0
1305	8369.0
1306	8385.0
1307	8381.0
1308	8340.0
1309	8438.0
1310	8415.0
1311	8409.0
1312	8449.0
1313	8445.0
1314	8357.0
1315	8486.0
1316	8435.0
1317	8389.0
1318	8409.0
1319	8391.0
1320	8370.0
1321	8349.0
1322	8333.0
1323	8400.0
1324	8363.0
1325	8313.0
1326	8311.0
1327	8323.0
1328	8400.0
1329	8387.0
1330	8325.0
1331	8423.0
1332	8459.0
1333	8372.0
1334	8363.0
1335	8349.0
1336	8367.0
1337	8461.0
1338	8487.0
1339	8544.0
1340	8475.0
1341	8475.0
1342	8506.0
1343	8477.0
1344	8442.0
1345	8507.0
1346	8398.0
1347	8430.0
1348	8409.0
1349	8405.0
1350	8457.0
1351	8529.0
1352	8455.0
1353	8328.0
1354	8422.0
1355	8358.0
1356	8354.0
1357	8347.0
1358	8405.0
1359	8399.0
1360	8513.0
1361	8378.0
1362	8399.0
1363	8347.0
1364	8363.0
1365	8385.0
1366	8340.0
1367	8260.0
1368	8303.0
1369	8307.0
1370	8367.0
1371	8346.0
1372	8384.0
1373	8325.0
1374	8351.0
1375	8290.0
1376	8287.0
1377	8342.0
1378	8333.0
1379	8295.0
1380	8354.0
1381	8394.0
1382	8382.0
1383	8376.0
1384	8414.0
1385	8290.0
1386	8278.0
1387	8376.0
1388	8353.0
1389	8363.0
1390	8396.0
1391	8352.0
1392	8387.0
1393	8400.0
1394	8445.0
1395	8448.0
1396	8524.0
1397	8407.0
1398	8346.0
1399	8414.0
1400	8294.0
1401	8258.0
1402	8230.0
1403	8234.0
1404	8275.0
1405	8267.0
1406	8282.0
1407	8276.0
1408	8316.0
1409	8322.0
1410	8339.0
1411	8318.0
1412	8331.0
1413	8303.0
1414	8369.0
1415	8373.0
1416	8437.0
1417	8419.0
1418	8425.0
1419	8420.0
1420	8358.0
1421	8406.0
1422	8354.0
1423	8350.0
1424	8386.0
1425	8335.0
1426	8332.0
1427	8360.0
1428	8292.0
1429	8304.0
1430	8346.0
1431	8249.0
1432	8220.0
1433	8232.0
1434	8333.0
1435	8436.0
1436	8427.0
1437	8461.0
1438	8428.0
1439	8392.0
1440	8416.0
1441	8336.0
1442	8325.0
1443	8286.0
1444	8289.0
1445	8459.0
1446	8418.0
1447	8398.0
1448	8387.0
1449	8369.0
1450	8436.0
1451	8360.0
1452	8382.0
1453	8293.0
1454	8322.0
1455	8386.0
1456	8398.0
1457	8331.0
1458	8395.0
1459	8395.0
1460	8381.0
1461	8388.0
1462	8354.0
1463	8335.0
1464	8276.0
1465	8306.0
1466	8276.0
1467	8301.0
1468	8302.0
1469	8305.0
1470	8255.0
1471	8285.0
1472	8314.0
1473	8326.0
1474	8352.0
1475	8333.0
1476	8348.0
1477	8372.0
1478	8481.0
1479	8493.0
1480	8510.0
1481	8459.0
1482	8478.0
1483	8407.0
1484	8338.0
1485	8307.0
1486	8405.0
1487	8316.0
1488	8316.0
1489	8404.0
1490	8415.0
1491	8323.0
1492	8261.0
1493	8286.0
1494	8313.0
1495	8307.0
1496	8300.0
1497	8337.0
1498	8453.0
1499	8380.0
1500	8373.0
1501	8367.0
1502	8351.0
1503	8383.0
1504	8347.0
1505	8354.0
1506	8360.0
1507	8355.0
1508	8356.0
1509	8291.0
1510	8351.0
1511	8300.0
1512	8292.0
1513	8389.0
1514	8374.0
1515	8437.0
1516	8445.0
1517	8468.0
1518	8461.0
1519	8349.0
1520	8319.0
1521	8313.0
1522	8312.0
1523	8260.0
1524	8392.0
1525	8356.0
1526	8373.0
1527	8340.0
1528	8436.0
1529	8363.0
1530	8408.0
1531	8457.0
1532	8364.0
1533	8354.0
1534	8252.0
1535	8381.0
1536	8396.0
1537	8461.0
1538	8387.0
1539	8464.0
1540	8538.0
1541	8536.0
1542	8470.0
1543	8402.0
1544	8404.0
1545	8432.0
1546	8484.0
1547	8467.0
1548	8474.0
1549	8375.0
1550	8360.0
1551	8339.0
1552	8357.0
1553	8351.0
1554	8302.0
1555	8278.0
1556	8355.0
1557	8360.0
1558	8368.0
1559	8403.0
1560	8415.0
1561	8410.0
1562	8336.0
1563	8362.0
1564	8357.0
1565	8447.0
1566	8435.0
1567	8317.0
1568	8323.0
1569	8286.0
1570	8295.0
1571	8277.0
1572	8298.0
1573	8326.0
1574	8334.0
1575	8407.0
1576	8356.0
1577	8267.0
1578	8211.0
1579	8278.0
1580	8294.0
1581	8353.0
1582	8365.0
1583	8333.0
1584	8308.0
1585	8402.0
1586	8296.0
1587	8240.0
1588	8305.0
1589	8234.0
1590	8271.0
1591	8332.0
1592	8335.0
1593	8297.0
1594	8379.0
1595	8354.0
1596	8475.0
1597	8333.0
1598	8449.0
1599	8372.0
1600	8356.0
1601	8317.0
1602	8254.0
1603	8329.0
1604	8327.0
1605	8298.0
1606	8297.0
1607	8326.0
1608	8346.0
1609	8355.0
1610	8420.0
1611	8396.0
1612	8273.0
1613	8313.0
1614	8286.0
1615	8267.0
1616	8384.0
1617	8389.0
1618	8322.0
1619	8373.0
1620	8368.0
1621	8440.0
1622	8467.0
1623	8409.0
1624	8454.0
1625	8436.0
1626	8423.0
1627	8433.0
1628	8420.0
1629	8416.0
1630	8429.0
1631	8473.0
1632	8454.0
1633	8395.0
1634	8380.0
1635	8368.0
1636	8475.0
1637	8460.0
1638	8473.0
1639	8525.0
1640	8434.0
1641	8482.0
1642	8410.0
1643	8483.0
1644	8465.0
1645	8441.0
1646	8486.0
1647	8443.0
1648	8324.0
1649	8372.0
1650	8390.0
1651	8474.0
1652	8464.0
1653	8453.0
1654	8421.0
1655	8404.0
1656	8418.0
1657	8321.0
1658	8389.0
1659	8425.0
1660	8416.0
1661	8467.0
1662	8467.0
1663	8389.0
1664	8427.0
1665	8478.0
1666	8406.0
1667	8476.0
1668	8542.0
1669	8600.0
1670	8489.0
1671	8449.0
1672	8479.0
1673	8436.0
1674	8354.0
1675	8330.0
1676	8385.0
1677	8368.0
1678	8307.0
1679	8296.0
1680	8289.0
1681	8247.0
1682	8375.0
1683	8341.0
1684	8297.0
1685	8182.0
1686	8261.0
1687	8270.0
1688	8326.0
1689	8250.0
1690	8244.0
1691	8308.0
1692	8319.0
1693	8311.0
1694	8272.0
1695	8294.0
1696	8392.0
1697	8417.0
1698	8418.0
1699	8398.0
1700	8344.0
1701	8344.0
1702	8364.0
1703	8279.0
1704	8294.0
1705	8407.0
1706	8437.0
1707	8384.0
1708	8407.0
1709	8411.0
1710	8389.0
1711	8398.0
1712	8342.0
1713	8340.0
1714	8331.0
1715	8371.0
1716	8272.0
1717	8292.0
1718	8321.0
1719	8250.0
1720	8264.0
1721	8424.0
1722	8380.0
1723	8301.0
1724	8270.0
1725	8288.0
1726	8320.0
1727	8331.0
1728	8272.0
1729	8340.0
1730	8466.0
1731	8350.0
1732	8358.0
1733	8418.0
1734	8334.0
1735	8335.0
1736	8382.0
1737	8468.0
1738	8365.0
1739	8351.0
1740	8450.0
1741	8478.0
1742	8320.0
1743	8384.0
1744	8371.0
1745	8416.0
1746	8370.0
1747	8389.0
1748	8355.0
1749	8296.0
1750	8318.0
1751	8382.0
1752	8401.0
1753	8423.0
1754	8452.0
1755	8384.0
1756	8296.0
1757	8280.0
1758	8326.0
1759	8265.0
1760	8259.0
1761	8369.0
1762	8249.0
1763	8276.0
1764	8305.0
1765	8315.0
1766	8344.0
1767	8429.0
1768	8429.0
1769	8407.0
1770	8405.0
1771	8334.0
1772	8346.0
1773	8428.0
1774	8393.0
1775	8438.0
1776	8454.0
1777	8411.0
1778	8368.0
1779	8369.0
1780	8339.0
1781	8379.0
1782	8415.0
1783	8364.0
1784	8316.0
1785	8365.0
1786	8324.0
1787	8317.0
1788	8306.0
1789	8377.0
1790	8397.0
1791	8396.0
1792	8416.0
1793	8346.0
1794	8377.0
1795	8318.0
1796	8273.0
1797	8287.0
1798	8370.0
1799	8377.0
1800	8405.0
1801	8322.0
1802	8291.0
1803	8258.0
1804	8278.0
1805	8275.0
1806	8269.0
1807	8249.0
1808	8305.0
1809	8303.0
1810	8307.0
1811	8206.0
1812	8308.0
1813	8296.0
1814	8316.0
1815	8246.0
1816	8343.0
1817	8321.0
1818	8277.0
1819	8280.0
1820	8290.0
1821	8231.0
1822	8266.0
1823	8257.0
1824	8234.0
1825	8222.0
1826	8352.0
1827	8378.0
1828	8360.0
1829	8334.0
1830	8302.0
1831	8346.0
1832	8388.0
1833	8422.0
1834	8386.0
1835	8307.0
1836	8223.0
1837	8262.0
1838	8215.0
1839	8274.0
1840	8350.0
1841	8267.0
1842	8219.0
1843	8336.0
1844	8377.0
1845	8405.0
1846	8364.0
1847	8351.0
1848	8378.0
1849	8354.0
1850	8316.0
1851	8212.0
1852	8393.0
1853	8260.0
1854	8257.0
1855	8315.0
1856	8271.0
1857	8345.0
1858	8237.0
1859	8332.0
1860	8322.0
1861	8347.0
1862	8275.0
1863	8313.0
1864	8349.0
1865	8263.0
1866	8233.0
1867	8296.0
1868	8281.0
1869	8312.0
1870	8396.0
1871	8398.0
1872	8373.0
1873	8323.0
1874	8331.0
1875	8255.0
1876	8306.0
1877	8194.0
1878	8218.0
1879	8266.0
1880	8194.0
1881	8149.0
1882	8165.0
1883	8235.0
1884	8170.0
1885	8182.0
1886	8170.0
1887	8190.0
1888	8087.0
1889	8090.0
1890	8074.0
1891	8183.0
1892	8126.0
1893	8155.0
1894	8215.0
1895	8272.0
1896	8284.0
1897	8230.0
1898	8214.0
1899	8233.0
1900	8167.0
1901	8160.0
1902	8168.0
1903	8172.0
1904	8151.0
1905	8110.0
1906	8174.0
1907	8220.0
1908	8232.0
1909	8203.0
1910	8151.0
1911	8121.0
1912	8078.0
1913	8080.0
1914	8115.0
1915	8163.0
1916	8241.0
1917	8239.0
1918	8304.0
1919	8277.0
1920	8278.0
1921	8312.0
1922	8295.0
1923	8280.0
1924	8280.0
1925	8277.0
1926	8324.0
1927	8360.0
1928	8279.0
1929	8324.0
1930	8271.0
1931	8198.0
1932	8221.0
1933	8186.0
1934	8304.0
1935	8274.0
1936	8355.0
1937	8317.0
1938	8323.0
1939	8267.0
1940	8275.0
1941	8306.0
1942	8315.0
1943	8323.0
1944	8379.0
1945	8370.0
1946	8339.0
1947	8301.0
1948	8374.0
1949	8303.0
1950	8301.0
1951	8299.0
1952	8336.0
1953	8307.0
1954	8329.0
1955	8371.0
1956	8346.0
1957	8345.0
1958	8479.0
1959	8376.0
1960	8345.0
1961	8362.0
1962	8410.0
1963	8336.0
1964	8349.0
1965	8338.0
1966	8380.0
1967	8373.0
1968	8378.0
1969	8436.0
1970	8299.0
1971	8294.0
1972	8282.0
1973	8299.0
1974	8249.0
1975	8305.0
1976	8355.0
1977	8397.0
1978	8358.0
1979	8354.0
1980	8369.0
1981	8306.0
1982	8261.0
1983	8299.0
1984	8218.0
1985	8254.0
1986	8356.0
1987	8265.0
1988	8335.0
1989	8344.0
1990	8310.0
1991	8349.0
1992	8425.0
1993	8390.0
1994	8381.0
1995	8293.0
1996	8420.0
1997	8385.0
1998	8342.0
1999	8463.0
2000	8428.0
2001	8340.0
2002	8420.0
2003	8430.0
2004	8451.0
2005	8405.0
2006	8316.0
2007	8335.0
2008	8401.0
2009	8423.0
2010	8451.0
2011	8362.0
2012	8410.0
2013	8342.0
2014	8406.0
2015	8363.0
2016	8373.0
2017	8356.0
2018	8344.0
2019	8366.0
2020	8309.0
2021	8323.0
2022	8344.0
2023	8291.0
2024	8265.0
2025	8272.0
2026	8287.0
2027	8204.0
2028	8267.0
2029	8284.0
2030	8263.0
2031	8244.0
2032	8176.0
2033	8207.0
2034	8364.0
2035	8203.0
2036	8199.0
2037	8227.0
2038	8238.0
2039	8218.0
2040	8278.0
2041	8233.0
2042	8174.0
2043	8190.0
2044	8222.0
2045	8237.0
2046	8312.0
2047	8326.0
2048	8304.0
2049	8418.0
2050	8386.0
2051	8328.0
2052	8449.0
2053	8323.0
2054	8375.0
2055	8311.0
2056	8289.0
2057	8288.0
2058	8297.0
2059	8287.0
2060	8400.0
2061	8342.0
2062	8301.0
2063	8275.0
2064	8349.0
2065	8425.0
2066	8416.0
2067	8397.0
2068	8338.0
2069	8414.0
2070	8433.0
2071	8318.0
2072	8318.0
2073	8247.0
2074	8416.0
2075	8365.0
2076	8327.0
2077	8360.0
2078	8407.0
2079	8394.0
2080	8378.0
2081	8369.0
2082	8342.0
2083	8321.0
2084	8268.0
2085	8351.0
2086	8394.0
2087	8279.0
2088	8192.0
2089	8318.0
2090	8355.0
2091	8383.0
2092	8327.0
2093	8354.0
2094	8460.0
2095	8272.0
2096	8334.0
2097	8334.0
2098	8332.0
2099	8370.0
2100	8328.0
2101	8322.0
2102	8256.0
2103	8301.0
2104	8336.0
2105	8392.0
2106	8458.0
2107	8432.0
2108	8289.0
2109	8299.0
2110	8206.0
2111	8336.0
2112	8404.0
2113	8394.0
2114	8381.0
2115	8374.0
2116	8397.0
2117	8418.0
2118	8442.0
2119	8413.0
2120	8354.0
2121	8358.0
2122	8368.0
2123	8335.0
2124	8326.0
2125	8306.0
2126	8291.0
2127	8196.0
2128	8251.0
2129	8321.0
2130	8346.0
2131	8331.0
2132	8474.0
2133	8419.0
2134	8350.0
2135	8438.0
2136	8459.0
2137	8484.0
2138	8398.0
2139	8365.0
2140	8384.0
2141	8362.0
2142	8438.0
2143	8352.0
2144	8206.0
2145	8284.0
2146	8354.0
2147	8341.0
2148	8394.0
2149	8375.0
2150	8241.0
2151	8249.0
2152	8233.0
2153	8177.0
2154	8235.0
2155	8218.0
2156	8189.0
2157	8257.0
2158	8222.0
2159	8335.0
2160	8335.0
2161	8358.0
2162	8396.0
2163	8377.0
2164	8335.0
2165	8403.0
2166	8407.0
2167	8328.0
2168	8322.0
2169	8408.0
2170	8270.0
2171	8266.0
2172	8147.0
2173	8218.0
2174	8220.0
2175	8206.0
2176	8264.0
2177	8289.0
2178	8389.0
2179	8410.0
2180	8457.0
2181	8442.0
2182	8505.0
2183	8340.0
2184	8362.0
2185	8369.0
2186	8403.0
2187	8332.0
2188	8305.0
2189	8307.0
2190	8348.0
2191	8350.0
2192	8304.0
2193	8166.0
2194	8277.0
2195	8314.0
2196	8315.0
2197	8346.0
2198	8409.0
2199	8370.0
2200	8326.0
2201	8364.0
2202	8328.0
2203	8409.0
2204	8396.0
2205	8412.0
2206	8348.0
2207	8323.0
2208	8278.0
2209	8379.0
2210	8348.0
2211	8309.0
2212	8316.0
2213	8302.0
2214	8243.0
2215	8303.0
2216	8311.0
2217	8292.0
2218	8298.0
2219	8309.0
2220	8317.0
2221	8314.0
2222	8372.0
2223	8399.0
2224	8334.0
2225	8329.0
2226	8373.0
2227	8370.0
2228	8384.0
2229	8405.0
2230	8440.0
2231	8382.0
2232	8280.0
2233	8300.0
2234	8352.0
2235	8340.0
2236	8366.0
2237	8463.0
2238	8444.0
2239	8434.0
2240	8303.0
2241	8312.0
2242	8355.0
2243	8389.0
2244	8455.0
2245	8366.0
2246	8367.0
2247	8364.0
2248	8341.0
2249	8348.0
2250	8320.0
2251	8355.0
2252	8409.0
2253	8424.0
2254	8418.0
2255	8301.0
2256	8352.0
2257	8423.0
2258	8412.0
2259	8408.0
2260	8382.0
2261	8371.0
2262	8423.0
2263	8350.0
2264	8361.0
2265	8438.0
2266	8447.0
2267	8451.0
2268	8427.0
2269	8360.0
2270	8378.0
2271	8291.0
2272	8342.0
2273	8235.0
2274	8311.0
2275	8362.0
2276	8386.0
2277	8470.0
2278	8360.0
2279	8265.0
2280	8277.0
2281	8335.0
2282	8349.0
2283	8235.0
2284	8241.0
2285	8268.0
2286	8260.0
2287	8183.0
2288	8157.0
2289	8092.0
2290	8176.0
2291	8226.0
2292	8355.0
2293	8406.0
2294	8476.0
2295	8472.0
2296	8393.0
2297	8421.0
2298	8424.0
2299	8417.0
2300	8461.0
2301	8511.0
2302	8417.0
2303	8378.0
2304	8233.0
2305	8278.0
2306	8210.0
2307	8280.0
2308	8293.0
2309	8332.0
2310	8336.0
2311	8273.0
2312	8278.0
2313	8268.0
2314	8287.0
2315	8360.0
2316	8328.0
2317	8282.0
2318	8373.0
2319	8350.0
2320	8309.0
2321	8268.0
2322	8366.0
2323	8351.0
2324	8304.0
2325	8294.0
2326	8344.0
2327	8283.0
2328	8277.0
2329	8295.0
2330	8313.0
2331	8293.0
2332	8355.0
2333	8318.0
2334	8342.0
2335	8271.0
2336	8302.0
2337	8340.0
2338	8359.0
2339	8403.0
2340	8383.0
2341	8375.0
2342	8357.0
2343	8373.0
2344	8381.0
2345	8427.0
2346	8374.0
2347	8351.0
2348	8320.0
2349	8304.0
2350	8361.0
2351	8357.0
2352	8283.0
2353	8199.0
2354	8260.0
2355	8306.0
2356	8433.0
2357	8426.0
2358	8501.0
2359	8362.0
2360	8335.0
2361	8367.0
2362	8391.0
2363	8305.0
2364	8300.0
2365	8280.0
2366	8334.0
2367	8279.0
2368	8281.0
2369	8259.0
2370	8243.0
2371	8225.0
2372	8255.0
2373	8349.0
2374	8293.0
2375	8268.0
2376	8253.0
2377	8367.0
2378	8385.0
2379	8335.0
2380	8317.0
2381	8360.0
2382	8429.0
2383	8317.0
2384	8276.0
2385	8280.0
2386	8290.0
2387	8257.0
2388	8338.0
2389	8351.0
2390	8312.0
2391	8294.0
2392	8290.0
2393	8323.0
2394	8341.0
2395	8384.0
2396	8290.0
2397	8248.0
2398	8300.0
2399	8261.0
2400	8293.0
2401	8304.0
2402	8363.0
2403	8325.0
2404	8390.0
2405	8332.0
2406	8272.0
2407	8292.0
2408	8285.0
2409	8361.0
2410	8402.0
2411	8416.0
2412	8363.0
2413	8403.0
2414	8402.0
2415	8319.0
2416	8225.0
2417	8316.0
2418	8254.0
2419	8266.0
2420	8317.0
2421	8351.0
2422	8320.0
2423	8346.0
2424	8377.0
2425	8324.0
2426	8331.0
2427	8330.0
2428	8471.0
2429	8390.0
2430	8475.0
2431	8364.0
2432	8314.0
2433	8322.0
2434	8292.0
2435	8331.0
2436	8375.0
2437	8375.0
2438	8346.0
2439	8303.0
2440	8338.0
2441	8354.0
2442	8361.0
2443	8304.0
2444	8381.0
2445	8361.0
2446	8351.0
2447	8324.0
2448	8370.0
2449	8362.0
2450	8357.0
2451	8323.0
2452	8372.0
2453	8367.0
2454	8366.0
2455	8298.0
2456	8321.0
2457	8276.0
2458	8346.0
2459	8321.0
2460	8397.0
2461	8441.0
2462	8404.0
2463	8365.0
2464	8385.0
2465	8319.0
2466	8283.0
2467	8352.0
2468	8397.0
2469	8372.0
2470	8487.0
2471	8315.0
2472	8340.0
2473	8312.0
2474	8330.0
2475	8327.0
2476	8380.0
2477	8306.0
2478	8286.0
2479	8290.0
2480	8309.0
2481	8270.0
2482	8353.0
2483	8384.0
2484	8299.0
2485	8389.0
2486	8490.0
2487	8429.0
2488	8335.0
2489	8273.0
2490	8334.0
2491	8408.0
2492	8394.0
2493	8349.0
2494	8317.0
2495	8350.0
2496	8346.0
2497	8416.0
2498	8318.0
2499	8406.0
2500	8437.0
2501	8357.0
2502	8318.0
2503	8261.0
2504	8471.0
2505	8516.0
2506	8521.0
2507	8483.0
2508	8499.0
2509	8477.0
2510	8427.0
2511	8437.0
2512	8391.0
2513	8332.0
2514	8377.0
2515	8327.0
2516	8332.0
2517	8337.0
2518	8400.0
2519	8445.0
2520	8416.0
2521	8351.0
2522	8370.0
2523	8321.0
2524	8348.0
2525	8327.0
2526	8310.0
2527	8367.0
2528	8453.0
2529	8439.0
2530	8377.0
2531	8350.0
2532	8356.0
2533	8355.0
2534	8327.0
2535	8340.0
2536	8317.0
2537	8302.0
2538	8308.0
2539	8293.0
2540	8351.0
2541	8355.0
2542	8355.0
2543	8350.0
2544	8325.0
2545	8327.0
2546	8341.0
2547	8390.0
2548	8334.0
2549	8398.0
2550	8360.0
2551	8328.0
2552	8418.0
2553	8344.0
2554	8310.0
2555	8366.0
2556	8332.0
2557	8345.0
2558	8369.0
2559	8410.0
2560	8414.0
2561	8282.0
2562	8278.0
2563	8289.0
2564	8282.0
2565	8249.0
2566	8285.0
2567	8315.0
2568	8374.0
2569	8328.0
2570	8265.0
2571	8390.0
2572	8335.0
2573	8325.0
2574	8379.0
2575	8345.0
2576	8348.0
2577	8415.0
2578	8404.0
2579	8344.0
2580	8330.0
2581	8329.0
2582	8290.0
2583	8398.0
2584	8313.0
2585	8360.0
2586	8313.0
2587	8274.0
2588	8270.0
2589	8295.0
2590	8391.0
2591	8356.0
2592	8336.0
2593	8270.0
2594	8304.0
2595	8402.0
2596	8316.0
2597	8304.0
2598	8324.0
2599	8302.0
2600	8330.0
2601	8244.0
2602	8288.0
2603	8354.0
2604	8269.0
2605	8285.0
2606	8272.0
2607	8205.0
2608	8282.0
2609	8271.0
2610	8344.0
2611	8365.0
2612	8364.0
2613	8326.0
2614	8271.0
2615	8353.0
2616	8344.0
2617	8316.0
2618	8270.0
2619	8323.0
2620	8219.0
2621	8299.0
2622	8337.0
2623	8320.0
2624	8293.0
2625	8338.0
2626	8369.0
2627	8410.0
2628	8318.0
2629	8318.0
2630	8396.0
2631	8431.0
2632	8423.0
2633	8399.0
2634	8312.0
2635	8398.0
2636	8280.0
2637	8317.0
2638	8349.0
2639	8364.0
2640	8331.0
2641	8270.0
2642	8221.0
2643	8225.0
2644	8319.0
2645	8374.0
2646	8350.0
2647	8270.0
2648	8265.0
2649	8259.0
2650	8290.0
2651	8391.0
2652	8401.0
2653	8394.0
2654	8325.0
2655	8312.0
2656	8371.0
2657	8381.0
2658	8306.0
2659	8259.0
2660	8225.0
2661	8277.0
2662	8288.0
2663	8267.0
2664	8237.0
2665	8240.0
2666	8302.0
2667	8280.0
2668	8200.0
2669	8226.0
2670	8291.0
2671	8357.0
2672	8319.0
2673	8381.0
2674	8481.0
2675	8382.0
2676	8420.0
2677	8321.0
2678	8327.0
2679	8328.0
2680	8342.0
2681	8423.0
2682	8374.0
2683	8440.0
2684	8360.0
2685	8433.0
2686	8490.0
2687	8494.0
2688	8442.0
2689	8367.0
2690	8454.0
2691	8331.0
2692	8316.0
2693	8290.0
2694	8302.0
2695	8336.0
2696	8290.0
2697	8338.0
2698	8395.0
2699	8372.0
2700	8364.0
2701	8436.0
2702	8384.0
2703	8393.0
2704	8392.0
2705	8371.0
2706	8403.0
2707	8344.0
2708	8403.0
2709	8394.0
2710	8357.0
2711	8391.0
2712	8486.0
2713	8367.0
2714	8317.0
2715	8321.0
2716	8313.0
2717	8332.0
2718	8380.0
2719	8330.0
2720	8272.0
2721	8264.0
2722	8266.0
2723	8279.0
2724	8295.0
2725	8315.0
2726	8262.0
2727	8295.0
2728	8269.0
2729	8317.0
2730	8411.0
2731	8363.0
2732	8414.0
2733	8383.0
2734	8404.0
2735	8461.0
2736	8443.0
2737	8375.0
2738	8372.0
2739	8448.0
2740	8460.0
2741	8430.0
2742	8483.0
2743	8443.0
2744	8453.0
2745	8535.0
2746	8413.0
2747	8530.0
2748	8457.0
2749	8360.0
2750	8415.0
2751	8384.0
2752	8384.0
2753	8326.0
2754	8380.0
2755	8500.0
2756	8497.0
2757	8396.0
2758	8399.0
2759	8437.0
2760	8342.0
2761	8349.0
2762	8362.0
2763	8313.0
2764	8366.0
2765	8421.0
2766	8426.0
2767	8434.0
2768	8349.0
2769	8397.0
2770	8436.0
2771	8390.0
2772	8323.0
2773	8371.0
2774	8433.0
2775	8436.0
2776	8387.0
2777	8394.0
2778	8290.0
2779	8302.0
2780	8274.0
2781	8290.0
2782	8368.0
2783	8469.0
2784	8425.0
2785	8354.0
2786	8350.0
2787	8310.0
2788	8313.0
2789	8337.0
2790	8408.0
2791	8466.0
2792	8351.0
2793	8348.0
2794	8333.0
2795	8300.0
2796	8360.0
2797	8352.0
2798	8415.0
2799	8416.0
2800	8416.0
2801	8463.0
2802	8479.0
2803	8484.0
2804	8459.0
2805	8482.0
2806	8564.0
2807	8516.0
2808	8528.0
2809	8481.0
2810	8455.0
2811	8513.0
2812	8491.0
2813	8445.0
2814	8365.0
2815	8272.0
2816	8284.0
2817	8336.0
2818	8300.0
2819	8348.0
2820	8359.0
2821	8278.0
2822	8369.0
2823	8463.0
2824	8346.0
2825	8370.0
2826	8351.0
2827	8468.0
2828	8327.0
2829	8343.0
2830	8384.0
2831	8324.0
2832	8266.0
2833	8263.0
2834	8373.0
2835	8347.0
2836	8325.0
2837	8364.0
2838	8437.0
2839	8406.0
2840	8439.0
2841	8423.0
2842	8464.0
2843	8389.0
2844	8427.0
2845	8409.0
2846	8396.0
2847	8308.0
2848	8396.0
2849	8373.0
2850	8285.0
2851	8350.0
2852	8362.0
2853	8315.0
2854	8334.0
2855	8288.0
2856	8291.0
2857	8268.0
2858	8352.0
2859	8296.0
2860	8260.0
2861	8327.0
2862	8318.0
2863	8291.0
2864	8268.0
2865	8231.0
2866	8198.0
2867	8143.0
2868	8207.0
2869	8284.0
2870	8288.0
2871	8222.0
2872	8301.0
2873	8283.0
2874	8334.0
2875	8375.0
2876	8347.0
2877	8367.0
2878	8434.0
2879	8374.0
2880	8320.0
2881	8408.0
2882	8391.0
2883	8389.0
2884	8368.0
2885	8366.0
2886	8370.0
2887	8469.0
2888	8371.0
2889	8267.0
2890	8319.0
2891	8278.0
2892	8264.0
2893	8180.0
2894	8170.0
2895	8156.0
2896	8191.0
2897	8220.0
2898	8228.0
2899	8285.0
2900	8298.0
2901	8262.0
2902	8280.0
2903	8294.0
2904	8321.0
2905	8430.0
2906	8449.0
2907	8380.0
2908	8322.0
2909	8337.0
2910	8330.0
2911	8339.0
2912	8394.0
2913	8332.0
2914	8263.0
2915	8303.0
2916	8296.0
2917	8221.0
2918	8253.0
2919	8266.0
2920	8246.0
2921	8306.0
2922	8282.0
2923	8352.0
2924	8271.0
2925	8334.0
2926	8222.0
2927	8282.0
2928	8290.0
2929	8231.0
2930	8213.0
2931	8294.0
2932	8314.0
2933	8378.0
2934	8414.0
2935	8383.0
2936	8452.0
2937	8401.0
2938	8388.0
2939	8341.0
2940	8414.0
2941	8344.0
2942	8351.0
2943	8406.0
2944	8437.0
2945	8435.0
2946	8364.0
2947	8417.0
2948	8277.0
2949	8316.0
2950	8418.0
2951	8415.0
2952	8358.0
2953	8360.0
2954	8293.0
2955	8281.0
2956	8288.0
2957	8395.0
2958	8324.0
2959	8334.0
2960	8346.0
2961	8378.0
2962	8383.0
2963	8327.0
2964	8318.0
2965	8362.0
2966	8317.0
2967	8412.0
2968	8377.0
2969	8437.0
2970	8336.0
2971	8412.0
2972	8518.0
2973	8327.0
2974	8309.0
2975	8248.0
2976	8354.0
2977	8382.0
2978	8382.0
2979	8407.0
2980	8448.0
2981	8477.0
2982	8450.0
2983	8408.0
2984	8410.0
2985	8445.0
2986	8468.0
2987	8520.0
2988	8526.0
2989	8455.0
2990	8475.0
2991	8438.0
2992	8482.0
2993	8406.0
2994	8458.0
2995	8419.0
2996	8387.0
2997	8325.0
2998	8402.0
2999	8441.0
3000	8449.0
1001	1.439
1002	-6.942
1003	-4.974
1004	3.265
1005	-4.175
1006	-1.166
1007	-1.284
1008	-1.569
1009	3.737
1010	10.7
1011	-0.9087
1012	0.9249
1013	-8.342
1014	6.921
1015	2.714
1016	-0.9942
1017	2.784
1018	-1.853
1019	-1.106
1020	2.144
1021	2.281
1022	1.35
1023	1.224
1024	-4.091
1025	2.042
1026	-1.37
1027	-0.2811
1028	-2.134
1029	-4.075
1030	0.6462
1031	-8.163
1032	1.166
1033	0.8884
1034	-5.539
1035	-7.272
1036	-0.1447
1037	-11.1
1038	-0.6558
1039	0.1827
1040	0.5745
1041	-1.605
1042	-3.66
1043	0.1223
1044	-0.5802
1045	-0.293
1046	0.06508
1047	-1.883
1048	-0.4702
1049	1.103
1050	0.8763
1051	0.02374
1052	-0.5366
1053	0.5354
1054	1.15
1055	-9.917
1056	-0.9526
1057	-3.144
1058	7.428
1059	-8.085
1060	-1.611
1061	-0.5455
1062	-3.757
1063	-0.6307
1064	-0.2234
1065	1.172
1066	1.189
1067	0.1549
1068	-0.08633
1069	-0.0419
1070	-0.3714
1071	3.328
1072	-0.5638
1073	0.1518
1074	-2.024
1075	1.429
1076	-0.2992
1077	-1.022
1078	0.7661
1079	0.6799
1080	1.096
1081	-0.5926
1082	3.711
1083	-4.67
1084	0.9449
1085	1.03
1086	-1.459
1087	-0.06057
1088	1.13
1089	0.2257
1090	2.828
1091	-1.207
1092	0.05546
1093	-0.1191
1094	-2.015
1095	-0.4668
1096	-0.7577
1097	-2.979
1098	0.5425
1099	-0.2799
1100	-0.9139
1101	-2.724
1102	0.672
1103	-0.01507
1104	-1.741
1105	2.938
1106	-1.196
1107	-16.56
1108	-3.204
1109	3.45
1110	-1.264
1111	1.267
1112	5.332
1113	-9.678
1114	-3.862
1115	3.372
1116	-5.528
1117	1.513
1118	-0.6056
1119	4.831
1120	-4.676
1121	0.438
1122	-4.145
1123	-1.192
1124	2.093
1125	-0.3841
1126	9.828
1127	1.271
1128	2.594
1129	-6.544
1130	6.819
1131	2.942
1132	-3.382
1133	-6.55
1134	-0.4207
1135	-0.3096
1136	-0.6058
1137	3.394
1138	3.013
1139	4.539
1140	-9.681
1141	-1.442
1142	0.9304
1143	-6.848
1144	-0.8331
1145	-3.425
1146	0.7772
1147	1.119
1148	-0.1678
1149	-0.1013
1150	1.222
1151	1.83
1152	-0.9813
1153	0.1885
1154	-1.3
1155	0.2355
1156	-3.181
1157	-0.725
1158	0.7587
1159	0.009641
1160	-0.9602
1161	-0.1852
1162	-5.169
1163	-8.279
1164	2.707
1165	3.654
1166	3.109
1167	-3.896
1168	0.5038
1169	0.8294
1170	0.9463
1171	-1.874
1172	0.2125
1173	0.5041
1174	-0.1994
1175	-0.2182
1176	-6.604
1177	-15.06
1178	-2.676
1179	-6.033
1180	2.001
1181	-0.6457
1182	-1.107
1183	-0.2728
1184	0.7714
1185	-2.077
1186	-0.7149
1187	-0.705
1188	-3.025
1189	0.3546
1190	0.5231
1191	-0.1349
1192	-3.288
1193	0.1682
1194	0.1012
1195	0.05038
1196	-1.345
1197	-3.535
1198	-0.5469
1199	0.1405
1200	0.4035
1201	-1.96
1202	-0.8456
1203	0.364
1204	-0.3005
1205	-1.014
1206	1.31
1207	-2.269
1208	0.5143
1209	-0.6282
1210	0.004355
1211	-0.8952
1212	-7.391
1213	2.009
1214	-3.054
1215	-2.134
1216	0.1801
1217	-1.888
1218	-4.073
1219	-4.348
1220	2.493
1221	2.455
1222	-8.029
1223	3.566
1224	-1.907
1225	2.4
1226	0.1818
1227	-0.6424
1228	1.479
1229	-2.359
1230	1.621
1231	-0.551
1232	-11.01
1233	-6.425
1234	7.275
1235	-0.2164
1236	0.9559
1237	-11.42
1238	-3.355
1239	-0.8631
1240	0.8477
1241	-1.968
1242	-0.2769
1243	1.875
1244	0.4522
1245	0.1662
1246	-0.9836
1247	-0.3038
1248	-0.03068
1249	0.5649
1250	0.08656
1251	1.352
1252	2.0
1253	0.5195
1254	0.1633
1255	-11.01
1256	1.747
1257	3.014
1258	0.3321
1259	0.5989
1260	7.922
1261	-11.34
1262	-4.448
1263	-2.082
1264	-0.1649
1265	-5.831
1266	-1.028
1267	-2.76
1268	-0.3829
1269	-17.1
1270	-2.033
1271	5.442
1272	-3.35
1273	-9.077
1274	-7.093
1275	-0.04063
1276	0.5581
1277	-9.043
1278	-11.41
1279	-3.596
1280	2.451
1281	-4.128
1282	0.4638
1283	-3.449
1284	0.8985
1285	-5.709
1286	0.6611
1287	8.644
1288	6.108
1289	-0.2431
1290	2.73
1291	0.8736
1292	-5.035
1293	1.435
1294	5.39
1295	-2.884
1296	-0.5273
1297	0.443
1298	0.8465
1299	1.412
1300	0.2061
1301	-2.251
1302	0.2654
1303	1.783
1304	-8.299
1305	-4.057
1306	-3.381
1307	3.431
1308	0.298
1309	2.17
1310	-4.46
1311	-0.3451
1312	-3.4
1313	2.67
1314	3.954
1315	-2.519
1316	-3.431
1317	-16.83
1318	-5.461
1319	3.328
1320	-0.8732
1321	-5.674
1322	2.162
1323	-1.253
1324	-4.415
1325	1.437
1326	-2.422
1327	-2.523
1328	-0.02979
1329	-2.232
1330	0.5223
1331	-1.745
1332	-0.5409
1333	-0.3774
1334	0.2655
1335	-0.0446
1336	-0.679
1337	1.267
1338	-0.8486
1339	1.251
1340	-2.24
1341	-0.163
1342	0.3472
1343	2.137
1344	2.978
1345	2.429
1346	0.07402
1347	-9.167
1348	-8.354
1349	-3.153
1350	-4.201
1351	-9.687
1352	5.517
1353	-15.53
1354	-1.358
1355	0.2158
1356	-3.784
1357	0.2491
1358	0.1487
1359	0.03848
1360	-0.369
1361	-0.3978
1362	0.192
1363	0.1698
1364	0.2877
1365	-1.075
1366	-0.1268
1367	0.4415
1368	-1.678
1369	0.198
1370	-8.749
1371	1.786
1372	-4.117
1373	0.1623
1374	-0.7428
1375	1.33
1376	2.998
1377	0.424
1378	1.59
1379	-0.09286
1380	1.201
1381	-5.294
1382	-0.8933
1383	1.639
1384	1.847
1385	-6.446
1386	-1.663
1387	-3.661
1388	-2.639
1389	-7.652
1390	5.735
1391	-3.844
1392	1.654
1393	-0.5139
1394	-5.02
1395	7.453
1396	-0.3266
1397	-4.301
1398	-8.066
1399	-6.969
1400	1.578
1401	2.631
1402	-4.251
1403	4.615
1404	3.365
1405	-9.524
1406	-5.904
1407	-16.48
1408	-3.205
1409	-5.105
1410	-1.893
1411	6.385
1412	-0.775
1413	-16.33
1414	3.744
1415	-6.283
1416	0.961
1417	1.104
1418	0.9732
1419	-6.505
1420	0.2486
1421	0.6073
1422	-0.1119
1423	-0.6094
1424	-0.3414
1425	-0.7249
1426	3.541
1427	-3.053
1428	-5.385
1429	2.909
1430	-3.332
1431	-0.2742
1432	-1.125
1433	0.07002
1434	0.00305
1435	-1.328
1436	0.4035
1437	0.4677
1438	-0.9082
1439	-3.048
1440	-2.512
1441	0.4924
1442	0.06525
1443	-0.02487
1444	-0.5101
1445	0.1239
1446	-1.68
1447	-0.6942
1448	-5.812
1449	-1.11
1450	-2.457
1451	-0.09775
1452	-0.4271
1453	0.4569
1454	-0.02989
1455	-0.5768
1456	-1.41
1457	0.08335
1458	-0.04313
1459	-0.02511
1460	-2.838
1461	-3.129
1462	0.03205
1463	-1.17
1464	0.07309
1465	-1.501
1466	-3.563
1467	-0.2465
1468	-1.432
1469	-3.282
1470	0.2844
1471	-1.462
1472	0.1226
1473	-1.899
1474	-1.281
1475	2.486
1476	-2.749
1477	-9.53
1478	-0.002411
1479	0.2176
1480	-0.372
1481	-0.7412
1482	-0.7998
1483	0.3422
1484	-0.03005
1485	-0.4179
1486	-0.06011
1487	-2.218
1488	-0.08031
1489	0.4453
1490	0.5827
1491	-0.0421
1492	-1.199
1493	-3.081
1494	0.6781
1495	2.203
1496	-3.403
1497	-15.45
1498	-1.75
1499	-5.008
1500	3.512
1501	2.034
1502	0.7573
1503	0.9537
1504	1.563
1505	-2.64
1506	-0.6815
1507	-13.11
1508	3.006
1509	-3.234
1510	5.027
1511	-1.699
1512	2.096
1513	-3.155
1514	-4.108
1515	2.304
1516	0.4313
1517	1.201
1518	0.113
1519	-0.1426
1520	1.483
1521	-0.02099
1522	0.3095
1523	0.1934
1524	-0.1195
1525	3.021
1526	0.1677
1527	1.455
1528	3.032
1529	0.1229
1530	2.795
1531	3.368
1532	-2.645
1533	-3.44
1534	-1.158
1535	5.384
1536	-2.478
1537	3.292
1538	-1.519
1539	-8.075
1540	-14.75
1541	-6.92
1542	-0.3083
1543	-1.455
1544	0.2407
1545	-18.59
1546	7.11
1547	-3.512
1548	-0.9494
1549	4.843
1550	2.216
1551	6.954
1552	-4.68
1553	2.625
1554	-0.6127
1555	-5.234
1556	0.301
1557	0.5018
1558	-0.4902
1559	-0.2816
1560	-2.923
1561	-1.227
1562	0.3079
1563	-0.05288
1564	-1.108
1565	-0.2182
1566	-0.4303
1567	0.00203
1568	-2.769
1569	-0.5774
1570	-1.422
1571	-1.123
1572	-1.985
1573	-0.02763
1574	-0.6025
1575	-0.1335
1576	-2.992
1577	-0.03839
1578	-1.401
1579	-0.2568
1580	0.6396
1581	-2.642
1582	0.5959
1583	0.5219
1584	0.7143
1585	-0.2436
1586	1.452
1587	2.773
1588	-1.105
1589	0.7053
1590	3.873
1591	0.5387
1592	-2.38
1593	-0.07296
1594	-6.695E-4
1595	0.3463
1596	-0.3863
1597	-5.627
1598	4.173
1599	0.7427
1600	-1.509
1601	-0.3205
1602	-0.8501
1603	-2.463
1604	1.925
1605	-1.564
1606	-4.065
1607	-1.801
1608	-2.053
1609	2.202
1610	1.819
1611	-0.6208
1612	-4.48
1613	-5.0
1614	-16.48
1615	-9.516
1616	-7.851
1617	0.23
1618	-3.907
1619	1.13
1620	-5.306
1621	0.5792
1622	-0.8403
1623	-4.96
1624	-0.0149
1625	-2.739
1626	-7.478
1627	-12.96
1628	-7.163
1629	0.2587
1630	-9.228
1631	7.769
1632	-7.024
1633	-1.313
1634	-6.998
1635	-7.174
1636	3.386
1637	-6.211
1638	3.212
1639	-4.603
1640	-0.5493
1641	-3.411
1642	0.1287
1643	0.8211
1644	0.05752
1645	-0.2756
1646	-0.58
1647	-1.08
1648	-2.637
1649	1.02
1650	-6.037
1651	-0.6959
1652	-1.116
1653	2.162
1654	0.4776
1655	-0.6355
1656	1.049
1657	-0.03583
1658	-0.1301
1659	0.7179
1660	-1.083
1661	1.911
1662	4.893
1663	-11.63
1664	-2.028
1665	0.9921
1666	-0.8676
1667	2.059
1668	-6.867
1669	-3.436
1670	-10.01
1671	0.7807
1672	-6.104
1673	0.366
1674	-0.06017
1675	-6.372
1676	-13.86
1677	-0.08609
1678	-1.653
1679	2.691
1680	0.3238
1681	1.273
1682	4.825
1683	-4.018
1684	-0.9562
1685	2.595
1686	-1.51
1687	-1.889
1688	0.8207
1689	-1.283
1690	2.632
1691	0.8468
1692	-1.12
1693	2.451
1694	-4.627
1695	-1.573
1696	-0.9166
1697	2.184
1698	0.3184
1699	1.491
1700	3.137
1701	1.362
1702	-0.4113
1703	-3.302
1704	1.367
1705	0.4614
1706	0.2927
1707	-0.6653
1708	-0.1184
1709	0.2798
1710	0.9456
1711	0.2615
1712	1.138
1713	-1.535
1714	-0.5158
1715	-0.2236
1716	-1.693
1717	-2.366
1718	3.536
1719	1.755
1720	1.419
1721	0.05722
1722	0.1594
1723	1.526
1724	0.1782
1725	-0.03442
1726	-0.06164
1727	0.1266
1728	-2.016
1729	-0.3544
1730	-2.181
1731	-3.736
1732	-0.7449
1733	-5.798
1734	-2.014
1735	0.2126
1736	-1.609
1737	-0.3354
1738	0.1665
1739	-0.1755
1740	-7.239
1741	-6.356
1742	3.742
1743	1.404
1744	-1.251
1745	2.685
1746	1.486
1747	-1.351
1748	-0.2854
1749	-1.224
1750	-0.159
1751	2.718
1752	-9.637
1753	-5.431
1754	0.4712
1755	1.33
1756	1.192
1757	-0.1642
1758	-4.072
1759	5.275
1760	3.337
1761	0.2881
1762	-1.646
1763	-9.528
1764	-0.6244
1765	4.933
1766	-1.334
1767	3.336
1768	-1.507
1769	-18.79
1770	-0.04677
1771	-0.3584
1772	0.3502
1773	-0.3908
1774	-0.4058
1775	0.9452
1776	-3.928
1777	0.5506
1778	-7.017
1779	3.176
1780	0.0269
1781	-6.382
1782	0.1197
1783	3.9
1784	-2.249
1785	0.3442
1786	1.208
1787	-5.683
1788	-10.59
1789	-7.248
1790	0.4318
1791	3.143
1792	-0.8358
1793	-3.262
1794	2.363
1795	-0.7401
1796	1.486
1797	-0.3503
1798	-2.432
1799	2.7
1800	-5.606
1801	-12.27
1802	2.399
1803	-2.122
1804	-3.665
1805	-0.5701
1806	-9.224
1807	3.267
1808	-0.05365
1809	-2.682
1810	0.9934
1811	-1.423
1812	-3.752
1813	-1.531
1814	-16.68
1815	-2.793
1816	5.745
1817	3.118
1818	-1.543
1819	7.516
1820	-11.61
1821	-11.69
1822	4.82
1823	-8.441
1824	-1.758
1825	0.2234
1826	-1.464
1827	-4.297
1828	-1.695
1829	1.054
1830	0.1901
1831	-1.007
1832	5.166
1833	-5.813
1834	-6.754
1835	0.8592
1836	-0.9993
1837	-0.4139
1838	0.8371
1839	-5.622
1840	-4.328
1841	1.301
1842	-0.4532
1843	-1.18
1844	1.567
1845	5.773
1846	-1.501
1847	-4.44
1848	1.909
1849	0.4133
1850	-2.927
1851	-3.229
1852	1.723
1853	-9.238
1854	-6.495
1855	5.697
1856	-1.03
1857	-8.156
1858	-8.483
1859	1.869
1860	-10.89
1861	-5.407
1862	-1.64
1863	-1.617
1864	0.8446
1865	-2.857
1866	0.2017
1867	-0.06565
1868	0.542
1869	-0.1897
1870	0.2502
1871	0.1541
1872	0.7781
1873	-8.891
1874	2.939
1875	0.7908
1876	1.691
1877	-3.212
1878	-4.403
1879	0.2535
1880	-0.9031
1881	-9.575
1882	-11.99
1883	-7.332
1884	1.237
1885	1.499
1886	5.174
1887	-12.13
1888	5.9
1889	-5.342
1890	2.289
1891	3.465
1892	3.47
1893	-3.192
1894	-0.06808
1895	-4.297
1896	-15.02
1897	-9.982
1898	-3.706
1899	-4.6
1900	3.991
1901	-1.489
1902	0.7557
1903	3.033
1904	-0.8592
1905	1.603
1906	-3.838
1907	1.249
1908	-4.166
1909	-8.841
1910	-2.105
1911	1.471
1912	-0.002105
1913	-3.205
1914	0.3268
1915	0.608
1916	2.102
1917	-0.9588
1918	1.241
1919	-0.1995
1920	-4.971
1921	1.596
1922	1.883
1923	-6.429
1924	5.286
1925	-0.1973
1926	-3.275
1927	-0.5576
1928	-0.8943
1929	3.858
1930	-5.413
1931	-0.8512
1932	-10.6
1933	-1.677
1934	-4.658
1935	-13.3
1936	-0.1827
1937	0.3059
1938	-6.963
1939	-8.173
1940	-11.53
1941	-9.987
1942	-5.847
1943	7.417
1944	2.483
1945	0.4213
1946	-0.1242
1947	0.4562
1948	-0.8638
1949	1.152
1950	-4.032
1951	-4.776
1952	1.524
1953	0.3268
1954	-2.476
1955	0.2026
1956	0.0811
1957	0.2003
1958	-1.055
1959	-2.726
1960	-1.379
1961	-0.08348
1962	0.322
1963	-1.307
1964	-0.339
1965	1.121
1966	0.5242
1967	-3.015
1968	-0.3047
1969	-1.438
1970	-0.5214
1971	-2.425
1972	-4.452
1973	0.6512
1974	-5.929
1975	-0.7827
1976	0.1644
1977	-2.252
1978	-0.3735
1979	1.534
1980	0.4074
1981	-0.7608
1982	2.824
1983	0.2876
1984	-5.705
1985	-1.772
1986	1.622
1987	-4.789
1988	-4.779
1989	-1.087
1990	-1.163
1991	-1.854
1992	-1.13
1993	2.611
1994	-4.771
1995	-0.1888
1996	0.4766
1997	-1.104
1998	1.988
1999	-0.9835
2000	-1.967
2001	1.648
2002	-2.592
2003	-11.39
2004	0.9785
2005	0.5406
2006	3.786
2007	-9.763
2008	2.45
2009	-7.02
2010	0.04741
2011	-1.66
2012	-8.965
2013	-1.557
2014	1.098
2015	-0.8173
2016	1.678
2017	0.3594
2018	0.6791
2019	-0.665
2020	-4.107
2021	1.93
2022	-2.413
2023	3.418
2024	0.01166
2025	-13.63
2026	3.938
2027	-8.877
2028	0.5112
2029	-2.455
2030	-0.4647
2031	-2.017
2032	0.7606
2033	-0.3104
2034	-2.366
2035	-5.914
2036	-0.5675
2037	1.938
2038	-2.617
2039	-3.724
2040	-0.3409
2041	-0.2195
2042	-0.2925
2043	-0.02547
2044	0.4565
2045	0.1012
2046	0.3095
2047	-0.3158
2048	1.647
2049	-1.472
2050	1.923
2051	0.08112
2052	0.4854
2053	-0.2309
2054	1.815
2055	-4.597
2056	1.343
2057	-0.108
2058	-1.685
2059	-1.731
2060	-4.233
2061	-0.9767
2062	-0.4134
2063	0.5159
2064	2.026
2065	-0.4595
2066	0.2042
2067	-8.508
2068	3.696
2069	-11.44
2070	-7.412
2071	0.1101
2072	-5.869
2073	0.8057
2074	-2.802
2075	-12.24
2076	-3.586
2077	-0.396
2078	-1.252
2079	1.331
2080	4.07
2081	1.997
2082	-1.525
2083	-13.91
2084	3.886
2085	1.973
2086	-2.011
2087	-3.329
2088	1.468
2089	3.334
2090	0.8447
2091	-2.089
2092	1.027
2093	-3.213
2094	-8.638
2095	1.707
2096	-5.276
2097	2.101
2098	-7.798
2099	-9.737
2100	-3.695
2101	2.797
2102	-1.258
2103	0.7988
2104	-0.6937
2105	0.02026
2106	-0.2377
2107	-0.8415
2108	-0.0737
2109	-0.136
2110	-1.936
2111	-0.1234
2112	0.002205
2113	-0.2934
2114	0.1068
2115	-0.7628
2116	-0.621
2117	-1.272
2118	-0.02393
2119	-1.665
2120	-2.278
2121	-0.08102
2122	1.484
2123	1.803
2124	-0.7463
2125	1.979
2126	0.2996
2127	1.968
2128	-8.216
2129	1.301
2130	5.986
2131	-2.425
2132	1.188
2133	3.003
2134	5.933
2135	5.008
2136	-7.979
2137	1.37
2138	0.1756
2139	2.125
2140	0.9173
2141	1.701
2142	2.582
2143	-3.605
2144	-1.873
2145	1.783
2146	2.434
2147	-4.714
2148	-4.382
2149	0.5784
2150	-0.06407
2151	-1.213
2152	-4.64
2153	0.9607
2154	0.04753
2155	4.905
2156	-4.653
2157	-12.42
2158	0.01585
2159	-2.973
2160	-0.2823
2161	-2.504
2162	-0.0055
2163	-0.6881
2164	0.6848
2165	-0.4966
2166	-0.00987
2167	0.5554
2168	0.1487
2169	0.9496
2170	0.03779
2171	1.728
2172	-0.9292
2173	-0.7116
2174	-0.2112
2175	0.3213
2176	1.142
2177	-1.099
2178	1.639
2179	-0.9495
2180	0.5424
2181	-4.16
2182	-8.741
2183	-0.9847
2184	0.1858
2185	5.667
2186	-14.43
2187	0.3388
2188	3.243
2189	-0.8375
2190	4.221
2191	-4.121
2192	-1.152
2193	-4.268
2194	3.675
2195	3.368
2196	-3.609
2197	-0.2648
2198	-0.1233
2199	0.3158
2200	0.0097
2201	-0.2658
2202	-3.438
2203	-3.729
2204	-7.806
2205	-4.692
2206	-6.664
2207	0.09446
2208	-1.831
2209	-0.7904
2210	-0.7542
2211	-5.405
2212	-0.006048
2213	-0.7534
2214	-0.4216
2215	-4.212
2216	-0.7592
2217	0.03306
2218	-0.09202
2219	-0.5772
2220	-0.1241
2221	-1.795
2222	-0.7611
2223	0.2009
2224	0.6154
2225	-0.5396
2226	1.029
2227	-0.2428
2228	-0.1919
2229	-0.00944
2230	-0.5913
2231	-2.732
2232	-6.804
2233	2.209
2234	1.811
2235	2.458
2236	0.7671
2237	-2.99
2238	1.092
2239	0.1933
2240	-0.023
2241	0.02381
2242	0.2064
2243	0.5909
2244	0.07653
2245	-0.8165
2246	-1.711
2247	0.7719
2248	-1.175
2249	1.274
2250	0.176
2251	-0.705
2252	1.002
2253	0.4446
2254	-1.792
2255	0.8736
2256	6.016
2257	2.566
2258	-4.609
2259	-0.5098
2260	2.483
2261	-1.786
2262	-9.367
2263	1.719
2264	3.892
2265	3.735
2266	-3.848
2267	-1.495
2268	-5.637
2269	-0.01257
2270	-2.879
2271	-9.756
2272	-6.941
2273	-4.54
2274	1.853
2275	-0.7273
2276	-1.249
2277	-3.008
2278	0.6386
2279	0.07269
2280	1.935
2281	-3.672
2282	1.803
2283	-2.236
2284	0.4811
2285	0.2832
2286	0.1366
2287	0.175
2288	-4.948
2289	-2.699
2290	0.6266
2291	-5.174
2292	-3.205
2293	-2.547
2294	-3.15
2295	-0.05595
2296	1.08
2297	0.2905
2298	0.6438
2299	-0.3057
2300	-0.2027
2301	-0.6461
2302	-1.45
2303	-2.128
2304	-2.36
2305	-1.379
2306	0.2597
2307	0.4326
2308	0.08344
2309	-1.587
2310	0.4386
2311	-0.0966
2312	-3.635
2313	0.8371
2314	1.183
2315	-5.12
2316	-5.183
2317	0.4127
2318	-0.01094
2319	0.7128
2320	0.02911
2321	-0.1657
2322	0.007128
2323	0.0418
2324	-2.869
2325	-0.01054
2326	0.2484
2327	-1.863
2328	-0.6641
2329	-4.393
2330	0.1587
2331	-0.2946
2332	-1.349
2333	0.03517
2334	-0.2232
2335	0.4207
2336	-0.08705
2337	0.3439
2338	-0.03408
2339	1.728
2340	-1.235
2341	-1.512
2342	-1.836
2343	1.074
2344	0.7364
2345	-1.227
2346	-1.132
2347	-6.117
2348	-1.967
2349	-0.2009
2350	-0.5392
2351	-0.1994
2352	-3.017
2353	-5.903
2354	-4.569
2355	0.6531
2356	0.06236
2357	0.05872
2358	3.297
2359	0.7754
2360	0.001208
2361	-1.38
2362	-0.1083
2363	-4.118
2364	-8.509
2365	-0.0311
2366	-0.1487
2367	-8.602
2368	-3.103
2369	-0.5534
2370	0.389
2371	-0.07625
2372	-2.095
2373	1.301
2374	-0.4108
2375	1.309
2376	-4.593
2377	1.441
2378	0.6725
2379	-0.0578
2380	0.5257
2381	1.042
2382	-0.7019
2383	-0.2102
2384	-0.6882
2385	-1.193
2386	0.6561
2387	-3.778
2388	-0.2155
2389	-0.3114
2390	0.07259
2391	0.8271
2392	-2.105
2393	-0.5375
2394	0.3902
2395	0.3241
2396	-2.873
2397	-5.162
2398	-0.7202
2399	-1.266
2400	-0.02562
2401	-0.0469
2402	0.8896
2403	-2.739
2404	-0.3164
2405	-2.488
2406	-0.8811
2407	-0.06196
2408	-1.189
2409	0.3296
2410	-0.04267
2411	0.03189
2412	0.387
2413	-0.9347
2414	-1.996
2415	-0.1889
2416	-7.835
2417	-10.33
2418	-0.8241
2419	-0.1859
2420	0.01044
2421	-1.404
2422	-0.1971
2423	0.003592
2424	-2.184
2425	-0.7613
2426	-0.4903
2427	-0.3655
2428	0.01028
2429	1.246
2430	-2.058
2431	0.6901
2432	5.203
2433	-6.758
2434	-1.066
2435	1.419
2436	0.06474
2437	-2.81
2438	1.647
2439	-1.023
2440	-0.4462
2441	-5.315
2442	-1.528
2443	-0.1267
2444	-0.02151
2445	-4.087
2446	0.2176
2447	0.5783
2448	-1.399
2449	-7.815
2450	-19.19
2451	1.21
2452	-2.938
2453	-0.962
2454	0.3349
2455	-6.322
2456	-0.03401
2457	0.3843
2458	-0.02899
2459	-0.8603
2460	0.8522
2461	-0.5443
2462	2.601
2463	0.8936
2464	-7.53
2465	-4.834
2466	-5.214
2467	-0.3571
2468	-0.6445
2469	-0.1844
2470	0.1743
2471	-0.07554
2472	0.06514
2473	0.1847
2474	0.7362
2475	-1.002
2476	0.09844
2477	0.00588
2478	-0.5439
2479	2.322
2480	1.128
2481	-1.772
2482	0.2779
2483	-0.3646
2484	0.9536
2485	1.165
2486	-0.3699
2487	-0.3298
2488	-6.376
2489	-0.9242
2490	-3.045
2491	-4.411
2492	-4.102
2493	4.072
2494	0.4928
2495	-0.775
2496	-5.085
2497	-0.7606
2498	3.13
2499	-10.14
2500	-0.6492
2501	-1.154
2502	-1.348
2503	0.5407
2504	0.6923
2505	-1.138
2506	-5.089
2507	-5.748
2508	-2.82
2509	-1.906
2510	0.786
2511	-0.9318
2512	-0.04614
2513	3.002
2514	-1.127
2515	-3.391
2516	-2.933
2517	0.2835
2518	1.843
2519	1.463
2520	-2.877
2521	0.8406
2522	0.2836
2523	0.4479
2524	-0.03369
2525	-0.04896
2526	-0.06371
2527	-0.3045
2528	-1.808
2529	-2.694
2530	-0.2294
2531	0.6928
2532	1.351
2533	-0.3599
2534	-0.09996
2535	-0.4291
2536	0.03188
2537	-2.51
2538	0.5629
2539	-7.694
2540	0.4502
2541	0.3335
2542	-0.4893
2543	0.1725
2544	-0.6301
2545	-2.08
2546	-0.9683
2547	-0.138
2548	-0.2808
2549	-2.624
2550	-0.8687
2551	-1.93
2552	0.8637
2553	-3.067
2554	-4.095
2555	-3.577
2556	-18.2
2557	-1.614
2558	-8.833
2559	5.708
2560	-2.917
2561	-6.469
2562	-3.124
2563	5.017
2564	-5.501
2565	-4.075
2566	7.007
2567	-0.204
2568	-0.7249
2569	4.313
2570	-0.5852
2571	-0.7732
2572	-1.363
2573	3.387
2574	-4.706
2575	4.578
2576	1.613
2577	-3.282
2578	1.315
2579	-8.642
2580	2.746
2581	-3.888
2582	-0.6442
2583	1.148
2584	-6.757
2585	0.6017
2586	-1.794
2587	-2.678
2588	-1.642
2589	0.7037
2590	-2.136
2591	-2.245
2592	0.7187
2593	-3.551
2594	0.5599
2595	2.37
2596	-0.07248
2597	-0.2677
2598	0.5161
2599	-1.092
2600	-8.39
2601	-7.573
2602	-1.585
2603	-3.696
2604	-7.383
2605	3.91
2606	-1.817
2607	4.489
2608	3.599
2609	1.56
2610	-3.783
2611	-3.813
2612	-1.163
2613	-0.4992
2614	-0.4548
2615	-1.471
2616	0.9998
2617	-0.001856
2618	0.4649
2619	-0.5524
2620	-0.1531
2621	-0.7013
2622	-0.2065
2623	-4.493
2624	0.003533
2625	0.01693
2626	0.1201
2627	-0.3074
2628	-1.363
2629	-0.5829
2630	0.1152
2631	0.7954
2632	-0.9282
2633	0.08488
2634	-2.157
2635	0.05039
2636	0.7043
2637	-0.4177
2638	-1.996
2639	-0.7764
2640	4.639
2641	4.194
2642	-2.336
2643	-4.549
2644	-11.96
2645	-12.87
2646	1.161
2647	-5.596
2648	-4.905
2649	1.944
2650	-7.707
2651	1.358
2652	3.879
2653	3.66
2654	-9.689
2655	-2.417
2656	-6.508
2657	-4.984
2658	2.841
2659	1.146
2660	1.146
2661	-2.986
2662	-3.813
2663	0.4039
2664	-2.046
2665	-0.9503
2666	-0.6935
2667	-0.1382
2668	0.8485
2669	-0.7819
2670	-5.15
2671	2.915
2672	-0.7075
2673	-0.09011
2674	-1.048
2675	-0.1401
2676	-0.03148
2677	-0.6566
2678	-0.2565
2679	-0.2445
2680	-1.559
2681	-5.32
2682	-8.294
2683	-4.607
2684	-3.085
2685	0.6985
2686	2.19
2687	-7.279
2688	4.783
2689	2.783
2690	4.812
2691	1.506
2692	0.03064
2693	-4.139
2694	1.595
2695	-14.75
2696	2.275
2697	-6.692
2698	-1.431
2699	-5.781
2700	-0.6874
2701	1.452
2702	-6.484
2703	0.7326
2704	1.117
2705	0.02694
2706	0.01714
2707	-1.383
2708	-1.132
2709	0.4682
2710	0.8964
2711	-2.333
2712	1.547
2713	2.143
2714	0.5859
2715	-1.47
2716	-2.885
2717	-0.1203
2718	-10.28
2719	2.13
2720	0.37
2721	0.1697
2722	0.2535
2723	0.8789
2724	0.1099
2725	0.9786
2726	-0.5384
2727	2.728
2728	-5.936
2729	-0.7962
2730	-6.118
2731	-3.671
2732	0.6186
2733	0.5111
2734	0.5987
2735	-1.88
2736	-1.19
2737	2.594
2738	-0.09539
2739	0.09419
2740	-0.434
2741	0.3283
2742	-12.18
2743	-1.444
2744	-0.4428
2745	1.843
2746	0.5806
2747	-4.744
2748	1.679
2749	-0.9564
2750	8.772
2751	0.2768
2752	0.5378
2753	-2.905
2754	-0.5793
2755	4.078
2756	2.371
2757	0.2606
2758	1.523
2759	-4.484
2760	0.699
2761	-2.142
2762	0.1507
2763	-3.217
2764	-1.986
2765	-3.902
2766	-15.43
2767	-16.45
2768	-5.612
2769	5.6
2770	-1.32
2771	-3.793
2772	-8.028
2773	0.2214
2774	-4.896
2775	-12.51
2776	-7.702
2777	-10.28
2778	9.715
2779	2.332
2780	-20.23
2781	-6.613
2782	-2.159
2783	6.076
2784	-2.654
2785	-5.029
2786	2.688
2787	-0.4817
2788	1.795
2789	1.239
2790	5.196
2791	-5.49
2792	8.612
2793	3.081
2794	-0.4676
2795	-3.136
2796	-3.805
2797	-8.028
2798	-7.889
2799	6.699
2800	-3.619
2801	5.415
2802	5.952
2803	0.8039
2804	-3.542
2805	2.649
2806	0.006553
2807	-6.767
2808	-3.768
2809	-5.053
2810	1.416
2811	4.712
2812	-4.949
2813	0.8314
2814	4.115
2815	3.272
2816	-0.9112
2817	-0.7322
2818	3.971
2819	-16.09
2820	1.351
2821	-8.872
2822	2.963
2823	5.553
2824	1.217
2825	1.928
2826	-2.091
2827	2.506
2828	-2.637
2829	-0.01931
2830	0.199
2831	0.04806
2832	-1.488
2833	-1.776
2834	-0.3201
2835	0.2597
2836	0.4099
2837	-0.1024
2838	-0.3541
2839	-0.07326
2840	-0.2331
2841	-0.7
2842	1.266
2843	-0.6371
2844	0.5249
2845	0.2553
2846	1.412
2847	-4.31
2848	0.1961
2849	-0.3195
2850	-0.41
2851	-0.2094
2852	-5.851
2853	-0.03975
2854	-0.8111
2855	-0.6956
2856	0.7653
2857	-0.8941
2858	-0.0466
2859	-2.023
2860	0.195
2861	-0.5605
2862	-0.2565
2863	-5.274
2864	-1.985
2865	0.3928
2866	2.449
2867	-3.076
2868	0.09088
2869	-0.01362
2870	0.1092
2871	-1.902
2872	0.7473
2873	0.1408
2874	2.478
2875	1.423
2876	-0.7048
2877	-3.503
2878	0.6229
2879	1.132
2880	-1.77
2881	-4.787
2882	-9.747
2883	0.2639
2884	6.734
2885	4.459
2886	0.5927
2887	-8.317
2888	7.116
2889	0.2868
2890	4.923
2891	-9.916
2892	-0.08511
2893	-0.4752
2894	2.313
2895	-2.515
2896	0.04317
2897	-0.1039
2898	-0.04754
2899	-0.4057
2900	0.09951
2901	-0.2759
2902	-0.157
2903	-0.03724
2904	0.1174
2905	0.5887
2906	-2.93
2907	2.894
2908	0.649
2909	0.482
2910	1.043
2911	-4.123
2912	-0.6199
2913	-6.045
2914	0.3442
2915	-0.414
2916	-1.435
2917	0.1863
2918	0.005403
2919	0.02067
2920	0.04792
2921	0.8175
2922	5.274
2923	-0.9994
2924	2.39
2925	2.313
2926	-10.01
2927	-1.885
2928	0.6826
2929	-9.956
2930	-8.583
2931	0.34
2932	0.537
2933	-7.475
2934	1.349
2935	-1.111
2936	-3.043
2937	1.138
2938	-2.03
2939	5.274
2940	-2.866
2941	-1.898
2942	1.687
2943	1.209
2944	-6.14
2945	1.555
2946	0.3514
2947	-10.69
2948	-5.837
2949	-6.292
2950	-3.269
2951	-0.09644
2952	-1.275
2953	0.4348
2954	0.008308
2955	1.054
2956	0.06475
2957	1.62
2958	-3.299
2959	-0.6828
2960	-0.6625
2961	2.036
2962	2.135
2963	10.6
2964	5.237
2965	-2.057
2966	-8.591
2967	-0.5614
2968	4.891
2969	-22.47
2970	-3.083
2971	-3.351
2972	1.352
2973	-2.854
2974	1.549
2975	4.738
2976	3.649
2977	1.941
2978	-1.745
2979	0.5733
2980	-5.096
2981	0.8873
2982	-2.752
2983	2.435
2984	-4.693
2985	-0.4296
2986	-7.989
2987	-2.657
2988	-0.2943
2989	3.852
2990	-0.8904
2991	3.717
2992	-0.906
2993	-1.148
2994	-0.9532
2995	1.265
2996	0.3589
2997	-0.2156
2998	0.3767
2999	0.9943
3000	1.422
