1001	8581.0
1002	8640.0
1003	8581.0
1004	8499.0
1005	8519.0
1006	8520.0
1007	8515.0
1008	8488.0
1009	8559.0
1010	8562.0
1011	8473.0
1012	8412.0
1013	8427.0
1014	8480.0
1015	8460.0
1016	8474.0
1017	8407.0
1018	8436.0
1019	8436.0
1020	8401.0
1021	8408.0
1022	8475.0
1023	8457.0
1024	8409.0
1025	8450.0
1026	8488.0
1027	8462.0
1028	8554.0
1029	8613.0
1030	8570.0
1031	8555.0
1032	8471.0
1033	8433.0
1034	8429.0
1035	8449.0
1036	8467.0
1037	8410.0
1038	8415.0
1039	8476.0
1040	8506.0
1041	8471.0
1042	8501.0
1043	8509.0
1044	8522.0
1045	8586.0
1046	8555.0
1047	8543.0
1048	8571.0
1049	8565.0
1050	8607.0
1051	8547.0
1052	8516.0
1053	8524.0
1054	8564.0
1055	8640.0
1056	8587.0
1057	8498.0
1058	8449.0
1059	8443.0
1060	8528.0
1061	8434.0
1062	8409.0
1063	8550.0
1064	8487.0
1065	8463.0
1066	8473.0
1067	8545.0
1068	8580.0
1069	8558.0
1070	8602.0
1071	8620.0
1072	8708.0
1073	8649.0
1074	8554.0
1075	8560.0
1076	8520.0
1077	8551.0
1078	8552.0
1079	8582.0
1080	8601.0
1081	8631.0
1082	8556.0
1083	8523.0
1084	8572.0
1085	8526.0
1086	8513.0
1087	8491.0
1088	8549.0
1089	8501.0
1090	8476.0
1091	8529.0
1092	8628.0
1093	8656.0
1094	8643.0
1095	8542.0
1096	8578.0
1097	8514.0
1098	8432.0
1099	8464.0
1100	8571.0
1101	8632.0
1102	8656.0
1103	8527.0
1104	8643.0
1105	8764.0
1106	8647.0
1107	8560.0
1108	8495.0
1109	8460.0
1110	8409.0
1111	8431.0
1112	8456.0
1113	8449.0
1114	8527.0
1115	8545.0
1116	8581.0
1117	8610.0
1118	8699.0
1119	8627.0
1120	8580.0
1121	8648.0
1122	8619.0
1123	8509.0
1124	8616.0
1125	8590.0
1126	8551.0
1127	8532.0
1128	8495.0
1129	8544.0
1130	8534.0
1131	8463.0
1132	8505.0
1133	8487.0
1134	8462.0
1135	8482.0
1136	8552.0
1137	8482.0
1138	8525.0
1139	8641.0
1140	8501.0
1141	8545.0
1142	8526.0
1143	8532.0
1144	8597.0
1145	8614.0
1146	8637.0
1147	8662.0
1148	8711.0
1149	8654.0
1150	8592.0
1151	8682.0
1152	8718.0
1153	8610.0
1154	8549.0
1155	8606.0
1156	8474.0
1157	8546.0
1158	8533.0
1159	8627.0
1160	8567.0
1161	8526.0
1162	8484.0
1163	8446.0
1164	8555.0
1165	8610.0
1166	8600.0
1167	8579.0
1168	8539.0
1169	8497.0
1170	8430.0
1171	8521.0
1172	8485.0
1173	8458.0
1174	8449.0
1175	8537.0
1176	8546.0
1177	8556.0
1178	8571.0
1179	8540.0
1180	8611.0
1181	8570.0
1182	8567.0
1183	8716.0
1184	8689.0
1185	8661.0
1186	8609.0
1187	8597.0
1188	8589.0
1189	8635.0
1190	8598.0
1191	8561.0
1192	8611.0
1193	8647.0
1194	8573.0
1195	8567.0
1196	8465.0
1197	8528.0
1198	8562.0
1199	8546.0
1200	8501.0
1201	8525.0
1202	8537.0
1203	8587.0
1204	8551.0
1205	8581.0
1206	8593.0
1207	8517.0
1208	8557.0
1209	8526.0
1210	8433.0
1211	8410.0
1212	8498.0
1213	8499.0
1214	8438.0
1215	8485.0
1216	8476.0
1217	8484.0
1218	8386.0
1219	8515.0
1220	8507.0
1221	8334.0
1222	8393.0
1223	8465.0
1224	8492.0
1225	8544.0
1226	8452.0
1227	8551.0
1228	8577.0
1229	8597.0
1230	8649.0
1231	8583.0
1232	8563.0
1233	8536.0
1234	8508.0
1235	8464.0
1236	8465.0
1237	8507.0
1238	8426.0
1239	8532.0
1240	8504.0
1241	8519.0
1242	8473.0
1243	8433.0
1244	8371.0
1245	8475.0
1246	8448.0
1247	8472.0
1248	8526.0
1249	8567.0
1250	8619.0
1251	8642.0
1252	8592.0
1253	8572.0
1254	8527.0
1255	8472.0
1256	8539.0
1257	8503.0
1258	8464.0
1259	8565.0
1260	8479.0
1261	8533.0
1262	8459.0
1263	8441.0
1264	8468.0
1265	8452.0
1266	8481.0
1267	8476.0
1268	8532.0
1269	8461.0
1270	8570.0
1271	8594.0
1272	8547.0
1273	8581.0
1274	8621.0
1275	8560.0
1276	8554.0
1277	8597.0
1278	8540.0
1279	8612.0
1280	8674.0
1281	8692.0
1282	8561.0
1283	8567.0
1284	8562.0
1285	8583.0
1286	8607.0
1287	8659.0
1288	8655.0
1289	8647.0
1290	8693.0
1291	8660.0
1292	8605.0
1293	8669.0
1294	8638.0
1295	8615.0
1296	8562.0
1297	8560.0
1298	8554.0
1299	8540.0
1300	8501.0
1301	8591.0
1302	8491.0
1303	8409.0
1304	8450.0
1305	8514.0
1306	8498.0
1307	8525.0
1308	8530.0
1309	8644.0
1310	8661.0
1311	8621.0
1312	8666.0
1313	8620.0
1314	8576.0
1315	8602.0
1316	8549.0
1317	8577.0
1318	8524.0
1319	8464.0
1320	8531.0
1321	8541.0
1322	8511.0
1323	8514.0
1324	8511.0
1325	8463.0
1326	8486.0
1327	8504.0
1328	8515.0
1329	8476.0
1330	8486.0
1331	8500.0
1332	8592.0
1333	8485.0
1334	8478.0
1335	8556.0
1336	8597.0
1337	8598.0
1338	8582.0
1339	8612.0
1340	8594.0
1341	8576.0
1342	8559.0
1343	8530.0
1344	8559.0
1345	8542.0
1346	8432.0
1347	8362.0
1348	8337.0
1349	8411.0
1350	8427.0
1351	8519.0
1352	8547.0
1353	8505.0
1354	8550.0
1355	8525.0
1356	8566.0
1357	8540.0
1358	8527.0
1359	8514.0
1360	8556.0
1361	8501.0
1362	8530.0
1363	8495.0
1364	8477.0
1365	8489.0
1366	8442.0
1367	8436.0
1368	8556.0
1369	8544.0
1370	8553.0
1371	8521.0
1372	8552.0
1373	8495.0
1374	8525.0
1375	8438.0
1376	8403.0
1377	8466.0
1378	8479.0
1379	8415.0
1380	8464.0
1381	8434.0
1382	8461.0
1383	8401.0
1384	8418.0
1385	8349.0
1386	8415.0
1387	8521.0
1388	8507.0
1389	8467.0
1390	8476.0
1391	8485.0
1392	8514.0
1393	8508.0
1394	8561.0
1395	8617.0
1396	8682.0
1397	8584.0
1398	8567.0
1399	8612.0
1400	8537.0
1401	8561.0
1402	8521.0
1403	8426.0
1404	8419.0
1405	8444.0
1406	8453.0
1407	8434.0
1408	8431.0
1409	8438.0
1410	8409.0
1411	8376.0
1412	8322.0
1413	8374.0
1414	8388.0
1415	8406.0
1416	8459.0
1417	8425.0
1418	8390.0
1419	8393.0
1420	8368.0
1421	8453.0
1422	8460.0
1423	8426.0
1424	8444.0
1425	8429.0
1426	8473.0
1427	8399.0
1428	8409.0
1429	8428.0
1430	8444.0
1431	8358.0
1432	8378.0
1433	8378.0
1434	8463.0
1435	8456.0
1436	8419.0
1437	8442.0
1438	8488.0
1439	8466.0
1440	8471.0
1441	8426.0
1442	8482.0
1443	8471.0
1444	8530.0
1445	8584.0
1446	8559.0
1447	8621.0
1448	8492.0
1449	8431.0
1450	8470.0
1451	8513.0
1452	8594.0
1453	8495.0
1454	8426.0
1455	8540.0
1456	8528.0
1457	8398.0
1458	8470.0
1459	8454.0
1460	8430.0
1461	8422.0
1462	8504.0
1463	8474.0
1464	8470.0
1465	8483.0
1466	8457.0
1467	8527.0
1468	8472.0
1469	8465.0
1470	8520.0
1471	8472.0
1472	8521.0
1473	8546.0
1474	8584.0
1475	8505.0
1476	8545.0
1477	8506.0
1478	8534.0
1479	8557.0
1480	8613.0
1481	8515.0
1482	8464.0
1483	8429.0
1484	8407.0
1485	8484.0
1486	8527.0
1487	8429.0
1488	8444.0
1489	8489.0
1490	8489.0
1491	8426.0
1492	8391.0
1493	8374.0
1494	8515.0
1495	8502.0
1496	8517.0
1497	8491.0
1498	8580.0
1499	8583.0
1500	8481.0
1501	8458.0
1502	8472.0
1503	8532.0
1504	8525.0
1505	8400.0
1506	8457.0
1507	8398.0
1508	8420.0
1509	8357.0
1510	8376.0
1511	8344.0
1512	8369.0
1513	8441.0
1514	8465.0
1515	8503.0
1516	8510.0
1517	8489.0
1518	8477.0
1519	8352.0
1520	8349.0
1521	8355.0
1522	8396.0
1523	8336.0
1524	8408.0
1525	8415.0
1526	8351.0
1527	8326.0
1528	8396.0
1529	8301.0
1530	8374.0
1531	8524.0
1532	8518.0
1533	8461.0
1534	8400.0
1535	8489.0
1536	8536.0
1537	8595.0
1538	8508.0
1539	8661.0
1540	8566.0
1541	8555.0
1542	8497.0
1543	8444.0
1544	8484.0
1545	8564.0
1546	8535.0
1547	8537.0
1548	8531.0
1549	8509.0
1550	8546.0
1551	8573.0
1552	8540.0
1553	8499.0
1554	8461.0
1555	8479.0
1556	8567.0
1557	8667.0
1558	8566.0
1559	8549.0
1560	8593.0
1561	8629.0
1562	8591.0
1563	8594.0
1564	8585.0
1565	8607.0
1566	8618.0
1567	8564.0
1568	8527.0
1569	8472.0
1570	8535.0
1571	8492.0
1572	8456.0
1573	8460.0
1574	8469.0
1575	8455.0
1576	8490.0
1577	8392.0
1578	8382.0
1579	8411.0
1580	8411.0
1581	8391.0
1582	8387.0
1583	8472.0
1584	8435.0
1585	8481.0
1586	8356.0
1587	8364.0
1588	8484.0
1589	8461.0
1590	8465.0
1591	8504.0
1592	8498.0
1593	8481.0
1594	8482.0
1595	8448.0
1596	8461.0
1597	8355.0
1598	8448.0
1599	8406.0
1600	8423.0
1601	8363.0
1602	8307.0
1603	8387.0
1604	8456.0
1605	8481.0
1606	8437.0
1607	8520.0
1608	8431.0
1609	8429.0
1610	8484.0
1611	8482.0
1612	8427.0
1613	8454.0
1614	8433.0
1615	8471.0
1616	8611.0
1617	8617.0
1618	8580.0
1619	8646.0
1620	8631.0
1621	8688.0
1622	8618.0
1623	8597.0
1624	8662.0
1625	8605.0
1626	8555.0
1627	8563.0
1628	8556.0
1629	8578.0
1630	8583.0
1631	8561.0
1632	8533.0
1633	8552.0
1634	8594.0
1635	8593.0
1636	8729.0
1637	8696.0
1638	8630.0
1639	8706.0
1640	8623.0
1641	8557.0
1642	8469.0
1643	8533.0
1644	8488.0
1645	8478.0
1646	8495.0
1647	8526.0
1648	8389.0
1649	8438.0
1650	8411.0
1651	8497.0
1652	8510.0
1653	8517.0
1654	8524.0
1655	8542.0
1656	8515.0
1657	8475.0
1658	8472.0
1659	8554.0
1660	8481.0
1661	8582.0
1662	8528.0
1663	8448.0
1664	8461.0
1665	8565.0
1666	8529.0
1667	8610.0
1668	8678.0
1669	8694.0
1670	8619.0
1671	8586.0
1672	8640.0
1673	8612.0
1674	8523.0
1675	8570.0
1676	8542.0
1677	8522.0
1678	8532.0
1679	8490.0
1680	8525.0
1681	8377.0
1682	8486.0
1683	8442.0
1684	8478.0
1685	8409.0
1686	8465.0
1687	8428.0
1688	8539.0
1689	8495.0
1690	8500.0
1691	8528.0
1692	8491.0
1693	8566.0
1694	8524.0
1695	8485.0
1696	8501.0
1697	8569.0
1698	8593.0
1699	8580.0
1700	8541.0
1701	8550.0
1702	8581.0
1703	8436.0
1704	8489.0
1705	8539.0
1706	8592.0
1707	8567.0
1708	8604.0
1709	8513.0
1710	8575.0
1711	8521.0
1712	8511.0
1713	8489.0
1714	8508.0
1715	8540.0
1716	8414.0
1717	8427.0
1718	8421.0
1719	8415.0
1720	8416.0
1721	8568.0
1722	8494.0
1723	8524.0
1724	8536.0
1725	8477.0
1726	8521.0
1727	8514.0
1728	8497.0
1729	8519.0
1730	8592.0
1731	8523.0
1732	8537.0
1733	8609.0
1734	8483.0
1735	8513.0
1736	8576.0
1737	8603.0
1738	8522.0
1739	8517.0
1740	8576.0
1741	8650.0
1742	8502.0
1743	8496.0
1744	8489.0
1745	8582.0
1746	8562.0
1747	8518.0
1748	8586.0
1749	8454.0
1750	8486.0
1751	8519.0
1752	8499.0
1753	8585.0
1754	8542.0
1755	8476.0
1756	8427.0
1757	8391.0
1758	8410.0
1759	8408.0
1760	8415.0
1761	8466.0
1762	8388.0
1763	8367.0
1764	8332.0
1765	8417.0
1766	8457.0
1767	8449.0
1768	8445.0
1769	8505.0
1770	8558.0
1771	8582.0
1772	8589.0
1773	8541.0
1774	8504.0
1775	8470.0
1776	8498.0
1777	8481.0
1778	8446.0
1779	8542.0
1780	8512.0
1781	8515.0
1782	8553.0
1783	8545.0
1784	8540.0
1785	8524.0
1786	8466.0
1787	8452.0
1788	8417.0
1789	8446.0
1790	8401.0
1791	8434.0
1792	8484.0
1793	8542.0
1794	8559.0
1795	8445.0
1796	8416.0
1797	8423.0
1798	8445.0
1799	8439.0
1800	8536.0
1801	8444.0
1802	8368.0
1803	8349.0
1804	8386.0
1805	8324.0
1806	8330.0
1807	8284.0
1808	8315.0
1809	8344.0
1810	8365.0
1811	8320.0
1812	8388.0
1813	8409.0
1814	8423.0
1815	8393.0
1816	8384.0
1817	8324.0
1818	8323.0
1819	8352.0
1820	8379.0
1821	8357.0
1822	8362.0
1823	8343.0
1824	8302.0
1825	8338.0
1826	8382.0
1827	8389.0
1828	8412.0
1829	8443.0
1830	8400.0
1831	8453.0
1832	8440.0
1833	8497.0
1834	8476.0
1835	8507.0
1836	8511.0
1837	8500.0
1838	8501.0
1839	8558.0
1840	8597.0
1841	8465.0
1842	8460.0
1843	8472.0
1844	8536.0
1845	8561.0
1846	8500.0
1847	8478.0
1848	8531.0
1849	8522.0
1850	8480.0
1851	8452.0
1852	8551.0
1853	8510.0
1854	8511.0
1855	8595.0
1856	8514.0
1857	8567.0
1858	8428.0
1859	8428.0
1860	8488.0
1861	8472.0
1862	8468.0
1863	8534.0
1864	8535.0
1865	8484.0
1866	8435.0
1867	8516.0
1868	8532.0
1869	8481.0
1870	8548.0
1871	8522.0
1872	8493.0
1873	8555.0
1874	8494.0
1875	8429.0
1876	8500.0
1877	8456.0
1878	8507.0
1879	8547.0
1880	8475.0
1881	8503.0
1882	8520.0
1883	8517.0
1884	8548.0
1885	8436.0
1886	8457.0
1887	8516.0
1888	8478.0
1889	8496.0
1890	8501.0
1891	8593.0
1892	8565.0
1893	8559.0
1894	8637.0
1895	8728.0
1896	8751.0
1897	8671.0
1898	8605.0
1899	8577.0
1900	8630.0
1901	8587.0
1902	8603.0
1903	8630.0
1904	8578.0
1905	8527.0
1906	8550.0
1907	8593.0
1908	8537.0
1909	8565.0
1910	8523.0
1911	8475.0
1912	8468.0
1913	8437.0
1914	8478.0
1915	8477.0
1916	8512.0
1917	8585.0
1918	8583.0
1919	8497.0
1920	8495.0
1921	8531.0
1922	8543.0
1923	8581.0
1924	8534.0
1925	8548.0
1926	8459.0
1927	8522.0
1928	8506.0
1929	8475.0
1930	8482.0
1931	8378.0
1932	8461.0
1933	8467.0
1934	8610.0
1935	8556.0
1936	8543.0
1937	8469.0
1938	8432.0
1939	8405.0
1940	8465.0
1941	8526.0
1942	8512.0
1943	8546.0
1944	8710.0
1945	8734.0
1946	8643.0
1947	8580.0
1948	8562.0
1949	8577.0
1950	8537.0
1951	8494.0
1952	8621.0
1953	8633.0
1954	8574.0
1955	8563.0
1956	8494.0
1957	8528.0
1958	8600.0
1959	8589.0
1960	8607.0
1961	8561.0
1962	8563.0
1963	8524.0
1964	8546.0
1965	8581.0
1966	8482.0
1967	8478.0
1968	8494.0
1969	8580.0
1970	8501.0
1971	8494.0
1972	8504.0
1973	8501.0
1974	8461.0
1975	8447.0
1976	8457.0
1977	8513.0
1978	8510.0
1979	8510.0
1980	8536.0
1981	8473.0
1982	8497.0
1983	8473.0
1984	8470.0
1985	8481.0
1986	8485.0
1987	8371.0
1988	8446.0
1989	8512.0
1990	8515.0
1991	8594.0
1992	8649.0
1993	8620.0
1994	8593.0
1995	8545.0
1996	8578.0
1997	8603.0
1998	8609.0
1999	8666.0
2000	8613.0
2001	8557.0
2002	8584.0
2003	8655.0
2004	8606.0
2005	8555.0
2006	8478.0
2007	8509.0
2008	8587.0
2009	8635.0
2010	8714.0
2011	8612.0
2012	8647.0
2013	8564.0
2014	8578.0
2015	8489.0
2016	8514.0
2017	8553.0
2018	8458.0
2019	8467.0
2020	8459.0
2021	8418.0
2022	8503.0
2023	8524.0
2024	8416.0
2025	8435.0
2026	8498.0
2027	8445.0
2028	8414.0
2029	8457.0
2030	8441.0
2031	8409.0
2032	8363.0
2033	8422.0
2034	8552.0
2035	8463.0
2036	8468.0
2037	8532.0
2038	8423.0
2039	8455.0
2040	8574.0
2041	8541.0
2042	8469.0
2043	8460.0
2044	8487.0
2045	8491.0
2046	8538.0
2047	8573.0
2048	8533.0
2049	8613.0
2050	8600.0
2051	8543.0
2052	8589.0
2053	8540.0
2054	8538.0
2055	8510.0
2056	8439.0
2057	8406.0
2058	8414.0
2059	8434.0
2060	8553.0
2061	8570.0
2062	8533.0
2063	8450.0
2064	8478.0
2065	8577.0
2066	8591.0
2067	8590.0
2068	8532.0
2069	8556.0
2070	8599.0
2071	8511.0
2072	8436.0
2073	8444.0
2074	8545.0
2075	8474.0
2076	8376.0
2077	8461.0
2078	8595.0
2079	8561.0
2080	8475.0
2081	8458.0
2082	8356.0
2083	8393.0
2084	8322.0
2085	8430.0
2086	8487.0
2087	8434.0
2088	8382.0
2089	8413.0
2090	8498.0
2091	8485.0
2092	8371.0
2093	8430.0
2094	8485.0
2095	8497.0
2096	8472.0
2097	8528.0
2098	8543.0
2099	8581.0
2100	8537.0
2101	8515.0
2102	8506.0
2103	8532.0
2104	8577.0
2105	8536.0
2106	8574.0
2107	8541.0
2108	8466.0
2109	8459.0
2110	8375.0
2111	8510.0
2112	8589.0
2113	8521.0
2114	8529.0
2115	8583.0
2116	8597.0
2117	8604.0
2118	8581.0
2119	8595.0
2120	8488.0
2121	8567.0
2122	8560.0
2123	8503.0
2124	8498.0
2125	8372.0
2126	8440.0
2127	8449.0
2128	8489.0
2129	8559.0
2130	8564.0
2131	8502.0
2132	8612.0
2133	8543.0
2134	8573.0
2135	8629.0
2136	8640.0
2137	8530.0
2138	8476.0
2139	8485.0
2140	8513.0
2141	8530.0
2142	8588.0
2143	8590.0
2144	8467.0
2145	8555.0
2146	8607.0
2147	8551.0
2148	8608.0
2149	8592.0
2150	8576.0
2151	8526.0
2152	8530.0
2153	8581.0
2154	8517.0
2155	8528.0
2156	8507.0
2157	8588.0
2158	8509.0
2159	8536.0
2160	8520.0
2161	8589.0
2162	8598.0
2163	8569.0
2164	8495.0
2165	8530.0
2166	8531.0
2167	8492.0
2168	8408.0
2169	8416.0
2170	8409.0
2171	8407.0
2172	8308.0
2173	8372.0
2174	8455.0
2175	8407.0
2176	8454.0
2177	8496.0
2178	8587.0
2179	8614.0
2180	8644.0
2181	8659.0
2182	8656.0
2183	8552.0
2184	8573.0
2185	8568.0
2186	8573.0
2187	8481.0
2188	8429.0
2189	8501.0
2190	8522.0
2191	8576.0
2192	8472.0
2193	8477.0
2194	8469.0
2195	8447.0
2196	8476.0
2197	8506.0
2198	8532.0
2199	8542.0
2200	8507.0
2201	8576.0
2202	8509.0
2203	8522.0
2204	8507.0
2205	8652.0
2206	8569.0
2207	8505.0
2208	8404.0
2209	8447.0
2210	8415.0
2211	8459.0
2212	8538.0
2213	8491.0
2214	8467.0
2215	8521.0
2216	8495.0
2217	8463.0
2218	8576.0
2219	8565.0
2220	8550.0
2221	8474.0
2222	8571.0
2223	8592.0
2224	8579.0
2225	8533.0
2226	8602.0
2227	8605.0
2228	8526.0
2229	8557.0
2230	8569.0
2231	8484.0
2232	8577.0
2233	8644.0
2234	8629.0
2235	8642.0
2236	8622.0
2237	8697.0
2238	8656.0
2239	8693.0
2240	8551.0
2241	8486.0
2242	8467.0
2243	8499.0
2244	8573.0
2245	8462.0
2246	8590.0
2247	8563.0
2248	8528.0
2249	8507.0
2250	8576.0
2251	8561.0
2252	8602.0
2253	8626.0
2254	8571.0
2255	8536.0
2256	8541.0
2257	8549.0
2258	8640.0
2259	8664.0
2260	8634.0
2261	8549.0
2262	8625.0
2263	8493.0
2264	8547.0
2265	8574.0
2266	8578.0
2267	8590.0
2268	8617.0
2269	8538.0
2270	8512.0
2271	8525.0
2272	8516.0
2273	8460.0
2274	8507.0
2275	8552.0
2276	8543.0
2277	8578.0
2278	8490.0
2279	8491.0
2280	8472.0
2281	8518.0
2282	8542.0
2283	8469.0
2284	8399.0
2285	8478.0
2286	8538.0
2287	8477.0
2288	8466.0
2289	8465.0
2290	8421.0
2291	8498.0
2292	8506.0
2293	8558.0
2294	8638.0
2295	8549.0
2296	8538.0
2297	8610.0
2298	8606.0
2299	8555.0
2300	8554.0
2301	8591.0
2302	8540.0
2303	8450.0
2304	8410.0
2305	8508.0
2306	8476.0
2307	8500.0
2308	8477.0
2309	8492.0
2310	8508.0
2311	8460.0
2312	8513.0
2313	8463.0
2314	8455.0
2315	8554.0
2316	8557.0
2317	8555.0
2318	8570.0
2319	8541.0
2320	8493.0
2321	8481.0
2322	8554.0
2323	8551.0
2324	8516.0
2325	8532.0
2326	8503.0
2327	8468.0
2328	8460.0
2329	8519.0
2330	8532.0
2331	8511.0
2332	8562.0
2333	8503.0
2334	8488.0
2335	8466.0
2336	8445.0
2337	8478.0
2338	8519.0
2339	8550.0
2340	8558.0
2341	8541.0
2342	8448.0
2343	8482.0
2344	8518.0
2345	8489.0
2346	8508.0
2347	8541.0
2348	8486.0
2349	8485.0
2350	8448.0
2351	8379.0
2352	8417.0
2353	8354.0
2354	8420.0
2355	8394.0
2356	8443.0
2357	8418.0
2358	8555.0
2359	8515.0
2360	8481.0
2361	8478.0
2362	8497.0
2363	8425.0
2364	8443.0
2365	8502.0
2366	8494.0
2367	8477.0
2368	8484.0
2369	8528.0
2370	8561.0
2371	8588.0
2372	8504.0
2373	8569.0
2374	8517.0
2375	8461.0
2376	8489.0
2377	8524.0
2378	8580.0
2379	8575.0
2380	8548.0
2381	8544.0
2382	8552.0
2383	8554.0
2384	8546.0
2385	8489.0
2386	8516.0
2387	8479.0
2388	8550.0
2389	8489.0
2390	8469.0
2391	8432.0
2392	8391.0
2393	8450.0
2394	8469.0
2395	8394.0
2396	8370.0
2397	8366.0
2398	8421.0
2399	8436.0
2400	8445.0
2401	8369.0
2402	8410.0
2403	8403.0
2404	8484.0
2405	8438.0
2406	8436.0
2407	8558.0
2408	8586.0
2409	8578.0
2410	8605.0
2411	8567.0
2412	8500.0
2413	8554.0
2414	8584.0
2415	8553.0
2416	8443.0
2417	8443.0
2418	8389.0
2419	8409.0
2420	8471.0
2421	8466.0
2422	8424.0
2423	8518.0
2424	8529.0
2425	8505.0
2426	8538.0
2427	8604.0
2428	8714.0
2429	8641.0
2430	8682.0
2431	8611.0
2432	8634.0
2433	8596.0
2434	8597.0
2435	8566.0
2436	8554.0
2437	8575.0
2438	8590.0
2439	8533.0
2440	8526.0
2441	8566.0
2442	8582.0
2443	8560.0
2444	8575.0
2445	8556.0
2446	8551.0
2447	8526.0
2448	8505.0
2449	8489.0
2450	8493.0
2451	8455.0
2452	8540.0
2453	8541.0
2454	8607.0
2455	8544.0
2456	8548.0
2457	8558.0
2458	8577.0
2459	8553.0
2460	8541.0
2461	8537.0
2462	8460.0
2463	8403.0
2464	8457.0
2465	8440.0
2466	8373.0
2467	8547.0
2468	8498.0
2469	8461.0
2470	8452.0
2471	8378.0
2472	8475.0
2473	8439.0
2474	8478.0
2475	8530.0
2476	8539.0
2477	8431.0
2478	8388.0
2479	8450.0
2480	8469.0
2481	8481.0
2482	8444.0
2483	8532.0
2484	8409.0
2485	8421.0
2486	8438.0
2487	8412.0
2488	8415.0
2489	8384.0
2490	8472.0
2491	8524.0
2492	8499.0
2493	8455.0
2494	8390.0
2495	8419.0
2496	8405.0
2497	8421.0
2498	8340.0
2499	8444.0
2500	8459.0
2501	8416.0
2502	8464.0
2503	8403.0
2504	8541.0
2505	8532.0
2506	8499.0
2507	8470.0
2508	8458.0
2509	8488.0
2510	8470.0
2511	8456.0
2512	8430.0
2513	8381.0
2514	8409.0
2515	8452.0
2516	8464.0
2517	8521.0
2518	8491.0
2519	8508.0
2520	8468.0
2521	8512.0
2522	8545.0
2523	8505.0
2524	8544.0
2525	8516.0
2526	8554.0
2527	8562.0
2528	8572.0
2529	8574.0
2530	8525.0
2531	8456.0
2532	8487.0
2533	8508.0
2534	8455.0
2535	8413.0
2536	8433.0
2537	8357.0
2538	8392.0
2539	8368.0
2540	8468.0
2541	8557.0
2542	8545.0
2543	8548.0
2544	8543.0
2545	8518.0
2546	8472.0
2547	8498.0
2548	8477.0
2549	8522.0
2550	8390.0
2551	8391.0
2552	8418.0
2553	8472.0
2554	8454.0
2555	8540.0
2556	8444.0
2557	8476.0
2558	8509.0
2559	8556.0
2560	8610.0
2561	8530.0
2562	8497.0
2563	8511.0
2564	8515.0
2565	8457.0
2566	8506.0
2567	8572.0
2568	8542.0
2569	8550.0
2570	8485.0
2571	8552.0
2572	8520.0
2573	8554.0
2574	8494.0
2575	8448.0
2576	8489.0
2577	8568.0
2578	8506.0
2579	8580.0
2580	8606.0
2581	8561.0
2582	8529.0
2583	8531.0
2584	8487.0
2585	8533.0
2586	8418.0
2587	8426.0
2588	8443.0
2589	8512.0
2590	8517.0
2591	8481.0
2592	8476.0
2593	8392.0
2594	8430.0
2595	8467.0
2596	8426.0
2597	8485.0
2598	8512.0
2599	8483.0
2600	8562.0
2601	8578.0
2602	8632.0
2603	8662.0
2604	8533.0
2605	8607.0
2606	8597.0
2607	8521.0
2608	8517.0
2609	8534.0
2610	8586.0
2611	8491.0
2612	8526.0
2613	8500.0
2614	8453.0
2615	8543.0
2616	8522.0
2617	8431.0
2618	8371.0
2619	8472.0
2620	8407.0
2621	8456.0
2622	8517.0
2623	8502.0
2624	8402.0
2625	8366.0
2626	8455.0
2627	8460.0
2628	8415.0
2629	8477.0
2630	8441.0
2631	8447.0
2632	8440.0
2633	8397.0
2634	8386.0
2635	8460.0
2636	8357.0
2637	8402.0
2638	8465.0
2639	8494.0
2640	8499.0
2641	8466.0
2642	8399.0
2643	8393.0
2644	8428.0
2645	8380.0
2646	8357.0
2647	8364.0
2648	8392.0
2649	8339.0
2650	8332.0
2651	8432.0
2652	8486.0
2653	8454.0
2654	8424.0
2655	8440.0
2656	8461.0
2657	8526.0
2658	8523.0
2659	8483.0
2660	8505.0
2661	8462.0
2662	8479.0
2663	8406.0
2664	8409.0
2665	8464.0
2666	8483.0
2667	8444.0
2668	8433.0
2669	8371.0
2670	8452.0
2671	8480.0
2672	8404.0
2673	8512.0
2674	8622.0
2675	8601.0
2676	8624.0
2677	8549.0
2678	8582.0
2679	8444.0
2680	8464.0
2681	8532.0
2682	8498.0
2683	8591.0
2684	8555.0
2685	8514.0
2686	8497.0
2687	8507.0
2688	8479.0
2689	8455.0
2690	8536.0
2691	8441.0
2692	8429.0
2693	8426.0
2694	8387.0
2695	8469.0
2696	8408.0
2697	8451.0
2698	8518.0
2699	8518.0
2700	8579.0
2701	8577.0
2702	8525.0
2703	8560.0
2704	8501.0
2705	8485.0
2706	8439.0
2707	8396.0
2708	8500.0
2709	8492.0
2710	8447.0
2711	8540.0
2712	8617.0
2713	8553.0
2714	8601.0
2715	8585.0
2716	8520.0
2717	8465.0
2718	8612.0
2719	8595.0
2720	8471.0
2721	8504.0
2722	8456.0
2723	8487.0
2724	8507.0
2725	8499.0
2726	8508.0
2727	8493.0
2728	8478.0
2729	8473.0
2730	8451.0
2731	8488.0
2732	8477.0
2733	8383.0
2734	8387.0
2735	8346.0
2736	8391.0
2737	8304.0
2738	8277.0
2739	8356.0
2740	8371.0
2741	8423.0
2742	8566.0
2743	8532.0
2744	8582.0
2745	8573.0
2746	8495.0
2747	8604.0
2748	8498.0
2749	8434.0
2750	8513.0
2751	8539.0
2752	8503.0
2753	8452.0
2754	8355.0
2755	8511.0
2756	8480.0
2757	8504.0
2758	8557.0
2759	8504.0
2760	8471.0
2761	8401.0
2762	8457.0
2763	8406.0
2764	8391.0
2765	8396.0
2766	8457.0
2767	8481.0
2768	8426.0
2769	8474.0
2770	8488.0
2771	8435.0
2772	8445.0
2773	8459.0
2774	8416.0
2775	8457.0
2776	8513.0
2777	8528.0
2778	8531.0
2779	8497.0
2780	8457.0
2781	8387.0
2782	8487.0
2783	8572.0
2784	8473.0
2785	8385.0
2786	8346.0
2787	8383.0
2788	8426.0
2789	8371.0
2790	8482.0
2791	8503.0
2792	8375.0
2793	8463.0
2794	8434.0
2795	8401.0
2796	8416.0
2797	8478.0
2798	8580.0
2799	8553.0
2800	8489.0
2801	8545.0
2802	8554.0
2803	8570.0
2804	8551.0
2805	8550.0
2806	8628.0
2807	8586.0
2808	8592.0
2809	8562.0
2810	8562.0
2811	8608.0
2812	8579.0
2813	8446.0
2814	8485.0
2815	8480.0
2816	8471.0
2817	8586.0
2818	8531.0
2819	8498.0
2820	8454.0
2821	8485.0
2822	8527.0
2823	8660.0
2824	8543.0
2825	8568.0
2826	8544.0
2827	8628.0
2828	8514.0
2829	8525.0
2830	8552.0
2831	8506.0
2832	8473.0
2833	8507.0
2834	8560.0
2835	8494.0
2836	8513.0
2837	8485.0
2838	8559.0
2839	8550.0
2840	8620.0
2841	8589.0
2842	8564.0
2843	8509.0
2844	8515.0
2845	8503.0
2846	8398.0
2847	8392.0
2848	8467.0
2849	8478.0
2850	8505.0
2851	8605.0
2852	8568.0
2853	8521.0
2854	8518.0
2855	8553.0
2856	8551.0
2857	8444.0
2858	8471.0
2859	8424.0
2860	8455.0
2861	8441.0
2862	8428.0
2863	8506.0
2864	8421.0
2865	8445.0
2866	8379.0
2867	8331.0
2868	8315.0
2869	8357.0
2870	8326.0
2871	8391.0
2872	8460.0
2873	8450.0
2874	8428.0
2875	8532.0
2876	8422.0
2877	8468.0
2878	8519.0
2879	8523.0
2880	8505.0
2881	8479.0
2882	8426.0
2883	8488.0
2884	8453.0
2885	8533.0
2886	8562.0
2887	8552.0
2888	8511.0
2889	8403.0
2890	8407.0
2891	8393.0
2892	8351.0
2893	8312.0
2894	8393.0
2895	8438.0
2896	8455.0
2897	8424.0
2898	8386.0
2899	8417.0
2900	8488.0
2901	8562.0
2902	8616.0
2903	8623.0
2904	8622.0
2905	8701.0
2906	8716.0
2907	8653.0
2908	8557.0
2909	8536.0
2910	8565.0
2911	8578.0
2912	8608.0
2913	8544.0
2914	8422.0
2915	8562.0
2916	8504.0
2917	8360.0
2918	8406.0
2919	8493.0
2920	8486.0
2921	8473.0
2922	8512.0
2923	8537.0
2924	8519.0
2925	8502.0
2926	8455.0
2927	8396.0
2928	8396.0
2929	8425.0
2930	8431.0
2931	8480.0
2932	8472.0
2933	8520.0
2934	8581.0
2935	8498.0
2936	8549.0
2937	8493.0
2938	8502.0
2939	8511.0
2940	8550.0
2941	8587.0
2942	8642.0
2943	8676.0
2944	8668.0
2945	8613.0
2946	8572.0
2947	8655.0
2948	8537.0
2949	8582.0
2950	8613.0
2951	8637.0
2952	8617.0
2953	8637.0
2954	8530.0
2955	8479.0
2956	8472.0
2957	8495.0
2958	8408.0
2959	8445.0
2960	8464.0
2961	8422.0
2962	8459.0
2963	8489.0
2964	8433.0
2965	8387.0
2966	8353.0
2967	8443.0
2968	8393.0
2969	8383.0
2970	8358.0
2971	8492.0
2972	8596.0
2973	8401.0
2974	8466.0
2975	8436.0
2976	8484.0
2977	8495.0
2978	8480.0
2979	8531.0
2980	8557.0
2981	8591.0
2982	8515.0
2983	8482.0
2984	8465.0
2985	8519.0
2986	8521.0
2987	8508.0
2988	8466.0
2989	8429.0
2990	8516.0
2991	8519.0
2992	8636.0
2993	8511.0
2994	8536.0
2995	8479.0
2996	8430.0
2997	8393.0
2998	8498.0
2999	8512.0
3000	8498.0
1001	3.844
1002	-3.462
1003	-2.88
1004	0.4617
1005	-0.2575
1006	1.568
1007	-0.8905
1008	0.441
1009	-1.32
1010	0.6286
1011	0.4051
1012	-1.057
1013	-3.037
1014	-0.08756
1015	-1.49
1016	-1.319
1017	-0.2111
1018	-5.475
1019	0.2622
1020	-1.764
1021	-6.927
1022	-0.3813
1023	-0.1692
1024	2.931
1025	1.756
1026	-2.11
1027	-2.944
1028	-3.811
1029	-16.43
1030	-5.102
1031	-6.926
1032	13.27
1033	6.554
1034	-6.231
1035	-22.59
1036	-10.83
1037	-19.5
1038	3.462
1039	8.593
1040	0.382
1041	3.292
1042	-2.649
1043	-11.66
1044	-1.249
1045	16.79
1046	-16.98
1047	-1.847
1048	6.811
1049	0.6228
1050	-3.862
1051	0.3485
1052	-2.329
1053	-3.114
1054	-3.192
1055	3.369
1056	0.6972
1057	0.1162
1058	-1.142
1059	1.558
1060	0.8282
1061	-0.7726
1062	-10.92
1063	-8.983
1064	-3.962
1065	6.149
1066	-5.698
1067	-0.6248
1068	-12.6
1069	1.129
1070	6.49
1071	-0.4099
1072	-14.32
1073	0.7096
1074	-2.074
1075	3.031
1076	-5.211
1077	-1.439
1078	-9.409
1079	0.4906
1080	-5.584
1081	-1.084
1082	-11.93
1083	1.004
1084	-3.102
1085	-0.5089
1086	1.633
1087	-4.309
1088	-16.61
1089	1.277
1090	-2.581
1091	7.072
1092	-0.3414
1093	-6.658
1094	-19.91
1095	-10.48
1096	3.756
1097	2.787
1098	-2.532
1099	1.98
1100	-0.95
1101	3.701
1102	-5.04
1103	0.7113
1104	-1.002
1105	-0.7321
1106	1.1
1107	-0.9233
1108	0.5751
1109	-4.043
1110	0.01077
1111	-1.999
1112	0.08352
1113	-0.01181
1114	-0.5659
1115	2.377
1116	-2.774
1117	-0.1785
1118	0.875
1119	-1.21
1120	0.3432
1121	-1.061
1122	0.3556
1123	0.3424
1124	0.5481
1125	-0.02791
1126	-1.012
1127	-0.07411
1128	1.562
1129	3.394
1130	-5.674
1131	-7.146
1132	-0.07019
1133	-0.08137
1134	0.07869
1135	-0.2401
1136	0.06652
1137	-0.05206
1138	0.2019
1139	-0.01287
1140	-0.7928
1141	-1.899
1142	-0.8016
1143	0.3213
1144	0.1747
1145	0.4111
1146	-6.819
1147	-1.773
1148	-14.77
1149	-1.703
1150	0.7698
1151	0.2843
1152	0.0467
1153	-0.8065
1154	0.6259
1155	-0.1863
1156	0.4516
1157	-2.919
1158	-0.2891
1159	2.402
1160	0.128
1161	-0.1426
1162	-1.372
1163	-4.505
1164	-1.615
1165	0.2621
1166	-0.07639
1167	0.1236
1168	-0.7
1169	-2.21
1170	-1.615
1171	-7.846
1172	4.246
1173	-5.466
1174	2.664
1175	-1.391
1176	1.918
1177	0.5146
1178	1.32
1179	0.8041
1180	-3.789
1181	0.3895
1182	-9.602
1183	-0.02192
1184	-0.6175
1185	0.01782
1186	1.532
1187	1.253
1188	0.7494
1189	-0.1459
1190	0.4601
1191	1.821
1192	-4.087
1193	1.589
1194	3.71
1195	-8.821
1196	-8.471
1197	1.274
1198	-6.415
1199	1.203
1200	2.4
1201	-0.3959
1202	1.856
1203	-3.374
1204	-0.143
1205	-0.4736
1206	-0.1833
1207	-0.433
1208	-0.2689
1209	-0.367
1210	-2.339
1211	-2.811
1212	-0.192
1213	0.54
1214	-3.397
1215	-3.274
1216	-0.02032
1217	-0.3247
1218	-3.612
1219	-0.156
1220	0.1479
1221	0.1811
1222	0.9878
1223	-2.125
1224	-0.01816
1225	-1.931
1226	-2.695
1227	1.338
1228	0.5881
1229	0.1705
1230	-2.914
1231	-5.242
1232	1.953
1233	0.8556
1234	-1.486
1235	-0.8647
1236	0.9193
1237	0.5334
1238	-0.273
1239	-0.8895
1240	0.8388
1241	1.754
1242	-0.7767
1243	-3.073
1244	-6.047
1245	0.1231
1246	2.419
1247	0.4519
1248	1.833
1249	-4.552
1250	-0.3013
1251	0.79
1252	0.01284
1253	0.0232
1254	-2.088
1255	-5.034
1256	-1.607
1257	0.6827
1258	0.06414
1259	0.3037
1260	-0.4151
1261	-0.4442
1262	0.3617
1263	-2.732
1264	-0.07894
1265	-1.865
1266	-0.1127
1267	-0.3329
1268	-5.019
1269	-14.46
1270	-5.34
1271	5.214
1272	-5.605
1273	-4.063
1274	-6.696
1275	-0.3549
1276	-0.259
1277	-0.5437
1278	-1.709
1279	-3.85
1280	2.1
1281	-1.21
1282	2.67
1283	-9.119
1284	-6.56
1285	-5.085
1286	-0.2503
1287	6.58
1288	1.98
1289	4.585
1290	-0.02714
1291	9.846E-4
1292	-7.255
1293	0.04344
1294	0.6077
1295	-0.004224
1296	0.3225
1297	-1.531
1298	0.005485
1299	-0.1034
1300	0.1563
1301	-1.181
1302	-0.7989
1303	-0.6047
1304	-4.463
1305	-1.544
1306	-0.8445
1307	0.5292
1308	1.749
1309	-1.096
1310	0.006711
1311	-2.911
1312	-0.6899
1313	3.36
1314	1.471
1315	-0.7581
1316	-3.19
1317	-4.879
1318	-5.603
1319	0.9649
1320	0.1447
1321	-0.6043
1322	3.404
1323	-6.162
1324	-1.517
1325	0.3416
1326	-4.659
1327	-1.529
1328	0.2551
1329	-3.017
1330	-0.6122
1331	-1.556
1332	0.2972
1333	-0.07112
1334	-0.5216
1335	-0.05099
1336	-0.0199
1337	0.9231
1338	-0.2344
1339	-8.672
1340	-11.55
1341	0.5957
1342	0.8658
1343	-2.865
1344	-0.883
1345	-0.6668
1346	0.4906
1347	-0.2536
1348	0.5499
1349	-0.07708
1350	-0.3321
1351	1.086
1352	-4.424
1353	-0.8184
1354	0.6264
1355	-1.641
1356	2.847
1357	-12.17
1358	-3.594
1359	-0.09258
1360	-2.117
1361	3.199
1362	-1.319
1363	-2.821
1364	1.074
1365	-1.852
1366	1.406
1367	-3.268
1368	0.1659
1369	0.1984
1370	3.077
1371	0.06534
1372	1.943
1373	-1.138
1374	0.1398
1375	0.3135
1376	-1.455
1377	-1.245
1378	0.1635
1379	-1.336
1380	-0.8516
1381	0.297
1382	0.6284
1383	-3.479
1384	-1.588
1385	-0.2592
1386	-1.32
1387	0.08047
1388	-0.7202
1389	-3.152
1390	0.07256
1391	-0.02577
1392	-0.2291
1393	0.3392
1394	-0.1124
1395	-1.091
1396	-0.26
1397	-0.08154
1398	-1.095
1399	-7.643
1400	-0.3047
1401	-0.1022
1402	-0.3762
1403	-0.2386
1404	-0.2168
1405	-1.871
1406	-1.355
1407	-3.009
1408	-2.874
1409	-1.545
1410	1.347
1411	0.3944
1412	0.2274
1413	-1.42
1414	-0.3001
1415	-2.0
1416	1.181
1417	-0.295
1418	-1.803
1419	0.6602
1420	0.6413
1421	1.854
1422	-0.9604
1423	-0.2043
1424	-0.5021
1425	2.198
1426	5.95
1427	1.857
1428	-10.61
1429	7.873
1430	-10.26
1431	1.163
1432	0.8799
1433	-1.732
1434	6.904
1435	9.76
1436	-0.2448
1437	-2.755
1438	4.744
1439	-10.13
1440	-8.157
1441	-3.707
1442	-2.461
1443	1.867
1444	1.623
1445	4.747
1446	0.4217
1447	-2.596
1448	-22.82
1449	-7.661
1450	-14.41
1451	0.4501
1452	-7.338
1453	-1.204
1454	-1.983
1455	-13.37
1456	-12.62
1457	-3.723
1458	-1.96
1459	1.48
1460	-14.8
1461	-18.18
1462	2.504
1463	9.438
1464	0.3588
1465	3.526
1466	5.549
1467	-3.428
1468	-9.571
1469	-13.29
1470	1.158
1471	-2.655
1472	-4.081
1473	5.196
1474	3.726
1475	-7.968
1476	0.09195
1477	2.135
1478	-0.7937
1479	-4.64
1480	-4.121
1481	1.736
1482	-1.05
1483	2.256
1484	2.326
1485	-7.195
1486	1.328
1487	-5.198
1488	0.9286
1489	0.4826
1490	0.4093
1491	1.345
1492	0.2029
1493	1.091
1494	-0.8458
1495	-3.988
1496	0.1203
1497	-0.2761
1498	0.9694
1499	1.344
1500	-5.729
1501	-1.49
1502	-6.419
1503	3.458
1504	-4.049
1505	-0.162
1506	2.021
1507	-0.353
1508	0.006748
1509	-0.7497
1510	-0.008076
1511	-0.06932
1512	-1.255
1513	2.577
1514	0.3944
1515	-2.617
1516	0.06058
1517	-4.16
1518	0.03981
1519	-3.238
1520	3.0
1521	0.01161
1522	4.371
1523	-5.307
1524	-5.077
1525	-4.4
1526	1.443
1527	-1.049
1528	-1.425
1529	2.062
1530	0.3998
1531	-1.956
1532	-0.06691
1533	-0.08669
1534	1.35
1535	-1.146
1536	0.3725
1537	-2.708
1538	-0.3694
1539	0.7113
1540	-15.06
1541	-0.4943
1542	-4.96
1543	-1.625
1544	1.28
1545	-4.169
1546	1.009
1547	0.05702
1548	-1.747
1549	0.5477
1550	1.817
1551	-0.0469
1552	0.2637
1553	-0.1421
1554	0.7855
1555	-0.1574
1556	0.6601
1557	-0.7878
1558	2.137
1559	-5.08
1560	0.3587
1561	-0.01568
1562	-0.085
1563	-5.092
1564	-5.211
1565	-0.344
1566	-8.479
1567	-9.183
1568	1.336
1569	-0.3995
1570	4.315
1571	-14.49
1572	-6.841
1573	-1.323
1574	-2.952
1575	-3.891
1576	-8.03
1577	-3.305
1578	0.5908
1579	-9.755
1580	1.87
1581	2.177
1582	-4.443
1583	-8.377
1584	-3.031
1585	0.2996
1586	1.913
1587	-6.156
1588	-4.206
1589	1.133
1590	-1.68
1591	2.657
1592	2.576
1593	-2.545
1594	0.2746
1595	1.177
1596	5.883
1597	9.521
1598	-10.49
1599	-5.275
1600	-7.468
1601	-2.395
1602	10.29
1603	-14.0
1604	-1.435
1605	2.715
1606	-0.1837
1607	0.1848
1608	2.186
1609	2.233
1610	-0.1117
1611	-6.286
1612	-1.879
1613	-2.75
1614	-2.871
1615	0.2035
1616	0.3476
1617	-0.2795
1618	-0.09336
1619	0.4916
1620	2.971
1621	3.189
1622	-2.691
1623	1.263
1624	-2.408
1625	-0.09258
1626	-1.224
1627	-1.482
1628	0.5747
1629	-0.01789
1630	-6.573
1631	-0.04138
1632	-2.028
1633	0.7489
1634	-1.917
1635	0.01525
1636	0.01323
1637	0.0768
1638	0.1633
1639	0.7617
1640	1.203
1641	-1.611
1642	-0.2238
1643	0.9401
1644	-3.693
1645	0.1226
1646	0.2815
1647	-3.034
1648	-1.442
1649	-0.5506
1650	-1.734
1651	2.46
1652	-1.862
1653	-2.385
1654	0.4001
1655	0.4284
1656	-0.2294
1657	0.4575
1658	-0.2317
1659	0.3562
1660	0.03429
1661	0.2586
1662	1.479
1663	-2.678
1664	-0.6325
1665	0.08866
1666	-0.01572
1667	-0.004821
1668	0.07151
1669	-1.136
1670	-4.452
1671	1.373
1672	-1.725
1673	-0.3798
1674	-1.474
1675	-9.22
1676	-2.984
1677	0.1724
1678	0.2925
1679	2.618
1680	-3.62
1681	-0.7158
1682	0.5929
1683	-0.3112
1684	-0.8217
1685	-4.846
1686	0.107
1687	-0.05162
1688	-1.582
1689	-0.2678
1690	2.272
1691	0.0689
1692	0.2657
1693	-0.5703
1694	-1.225
1695	0.1829
1696	0.4528
1697	-1.883
1698	0.5894
1699	-0.05249
1700	-0.5778
1701	-0.01435
1702	-0.03702
1703	0.6017
1704	0.006632
1705	-0.1985
1706	-0.07246
1707	0.1418
1708	0.211
1709	-0.8801
1710	-0.4045
1711	-1.137
1712	-3.744
1713	4.406
1714	-3.603
1715	4.482
1716	0.7065
1717	0.9855
1718	-0.6083
1719	0.4755
1720	-7.42
1721	0.6705
1722	-1.318
1723	-3.054
1724	5.4
1725	-5.353
1726	-7.524
1727	-6.528
1728	6.701
1729	1.735
1730	-19.36
1731	-16.7
1732	-6.068
1733	-15.0
1734	-3.801
1735	-1.984
1736	-10.09
1737	1.193
1738	-1.553
1739	5.966
1740	3.666
1741	8.055
1742	-4.393
1743	1.458
1744	-1.681
1745	-5.773
1746	-1.804
1747	-5.272
1748	4.044
1749	0.171
1750	-1.509
1751	0.3203
1752	-0.3047
1753	0.5164
1754	-1.748
1755	-1.784
1756	0.5273
1757	-1.097
1758	1.683
1759	-5.281
1760	-2.51
1761	-0.1227
1762	0.2311
1763	-1.511
1764	1.03
1765	-0.07275
1766	-0.6359
1767	0.05668
1768	1.257
1769	1.87
1770	-4.969
1771	-0.6033
1772	1.297
1773	-5.373
1774	0.9508
1775	-2.656
1776	0.862
1777	-0.4298
1778	-0.252
1779	-0.3634
1780	-0.162
1781	1.459
1782	-3.129
1783	-1.168
1784	3.632
1785	-3.307
1786	-0.1305
1787	2.275
1788	0.7056
1789	0.2588
1790	0.6191
1791	-3.253
1792	1.458
1793	6.544
1794	-8.409
1795	-1.381
1796	-2.702
1797	-5.694
1798	5.01
1799	-4.238
1800	3.004
1801	1.572
1802	-7.602
1803	-0.6366
1804	3.87
1805	-0.007613
1806	1.712
1807	-1.54
1808	-3.835
1809	2.08
1810	-2.122
1811	1.822
1812	0.2336
1813	0.4286
1814	-0.4827
1815	-1.713
1816	-0.3117
1817	-0.2292
1818	-0.2677
1819	-1.668
1820	-1.341
1821	-0.4733
1822	-0.3201
1823	-0.1274
1824	-0.157
1825	0.9146
1826	-1.06
1827	0.005819
1828	-1.894
1829	-0.2396
1830	-4.105
1831	-0.006596
1832	-0.5995
1833	-2.493
1834	-2.12
1835	-0.06515
1836	1.639
1837	-2.211
1838	0.2796
1839	-1.294
1840	-6.039
1841	-1.374
1842	-2.175
1843	-0.7818
1844	-0.694
1845	0.0511
1846	-0.1901
1847	-1.354
1848	0.5478
1849	-0.03087
1850	1.806
1851	2.365
1852	0.2777
1853	0.5225
1854	-0.4933
1855	-0.2618
1856	-0.02635
1857	-0.6118
1858	-0.8899
1859	-0.3204
1860	-4.003
1861	-1.533
1862	0.04339
1863	0.52
1864	-1.002
1865	-0.4214
1866	-1.723
1867	0.04416
1868	-0.36
1869	0.08815
1870	0.008119
1871	2.057
1872	0.07825
1873	-13.9
1874	-0.9582
1875	0.2029
1876	3.298
1877	-3.393
1878	-5.975
1879	0.6216
1880	-2.709
1881	-11.04
1882	-3.64
1883	-6.698
1884	-3.502
1885	5.426
1886	5.793
1887	-13.44
1888	2.883
1889	0.779
1890	-4.329
1891	-0.5701
1892	-1.087
1893	0.1362
1894	-0.5065
1895	-0.09836
1896	-3.366
1897	-3.37
1898	1.788
1899	-4.647
1900	0.2037
1901	-1.564
1902	0.1357
1903	-2.239
1904	0.54
1905	-0.5088
1906	-0.7413
1907	-0.4836
1908	-0.07394
1909	-2.148
1910	-1.563
1911	1.798
1912	-1.812
1913	-0.8266
1914	0.2781
1915	-0.5865
1916	-2.173
1917	-0.2664
1918	0.05153
1919	0.167
1920	-0.212
1921	-0.1069
1922	0.2344
1923	-7.416
1924	2.909
1925	-1.183
1926	-3.149
1927	2.78
1928	0.6058
1929	-0.5874
1930	-2.626
1931	-7.284
1932	-1.816
1933	1.532
1934	-5.778
1935	-5.209
1936	-0.271
1937	-0.5842
1938	-4.408
1939	-1.178
1940	-11.27
1941	-1.414
1942	-0.5291
1943	-0.8206
1944	-1.946
1945	0.4074
1946	-0.7729
1947	1.183
1948	2.193
1949	-1.685
1950	1.348
1951	1.027
1952	-0.5067
1953	0.5602
1954	-0.3563
1955	-0.7404
1956	-3.498
1957	0.01867
1958	0.1846
1959	-0.4009
1960	-7.513
1961	0.2447
1962	-4.797
1963	-6.929
1964	2.723
1965	-4.99
1966	-4.497
1967	1.744
1968	0.3295
1969	1.145
1970	2.432
1971	0.6333
1972	2.556
1973	0.1641
1974	0.7862
1975	2.385
1976	-0.501
1977	4.181
1978	-1.46
1979	-4.392
1980	-5.75
1981	-4.926
1982	1.903
1983	-0.9573
1984	-0.7568
1985	-0.1666
1986	0.208
1987	-1.498
1988	-1.884
1989	-2.259
1990	-0.782
1991	-1.704
1992	-1.299
1993	1.178
1994	-0.5126
1995	0.6107
1996	-0.2598
1997	-2.772
1998	0.1675
1999	-0.1385
2000	0.3603
2001	0.09127
2002	-1.92
2003	-6.702
2004	0.2633
2005	-3.858
2006	-0.02067
2007	-2.258
2008	0.3109
2009	0.6342
2010	-0.04735
2011	0.1001
2012	-4.506
2013	-0.04579
2014	-3.274
2015	0.6373
2016	-2.599
2017	-2.074
2018	-3.376
2019	0.6929
2020	0.3111
2021	0.5233
2022	-1.442
2023	0.3709
2024	0.7608
2025	-2.175
2026	-0.5452
2027	0.223
2028	0.0527
2029	0.5544
2030	0.5446
2031	0.03208
2032	2.938E-4
2033	-0.4766
2034	-0.07333
2035	0.5077
2036	-5.071
2037	-2.714
2038	-0.3202
2039	-1.191
2040	-1.061
2041	0.1165
2042	-0.9827
2043	-0.06811
2044	0.007439
2045	-0.2335
2046	-0.02126
2047	-0.1055
2048	-0.3719
2049	-0.3663
2050	-0.9504
2051	3.072
2052	3.132
2053	-1.001
2054	-0.1913
2055	2.431
2056	-1.399
2057	-2.161
2058	0.3806
2059	-2.065
2060	-0.5567
2061	0.02589
2062	0.6021
2063	0.6715
2064	0.4311
2065	-1.283
2066	-0.8304
2067	-2.916
2068	-0.06296
2069	-3.742
2070	-1.435
2071	-1.324
2072	-0.4406
2073	-2.079
2074	-0.4669
2075	-4.014
2076	-0.07608
2077	-1.048
2078	-0.0106
2079	0.09356
2080	-0.6536
2081	-0.3353
2082	-0.02342
2083	-2.122
2084	-0.3272
2085	-0.01058
2086	0.2547
2087	-0.6054
2088	0.0255
2089	-0.8494
2090	-0.5494
2091	1.315
2092	-2.041
2093	3.589
2094	1.607
2095	-0.2191
2096	-0.235
2097	-0.008673
2098	-0.9585
2099	-3.938
2100	-0.3162
2101	0.588
2102	-0.03888
2103	-0.4014
2104	-1.46
2105	-0.155
2106	0.0159
2107	4.408
2108	-4.184
2109	-5.382
2110	-0.5831
2111	1.899
2112	-0.6195
2113	0.4651
2114	2.335
2115	1.45
2116	-0.04404
2117	-2.111
2118	-5.812
2119	-7.042
2120	-4.975
2121	0.2381
2122	-4.838
2123	-7.784
2124	-1.047
2125	-0.8475
2126	-2.158
2127	0.4327
2128	1.261
2129	0.6262
2130	-0.08007
2131	-1.037
2132	-3.759
2133	-2.061
2134	-1.643
2135	-4.079
2136	-0.1287
2137	-2.191
2138	-0.1087
2139	-3.537
2140	-4.736
2141	-0.8073
2142	-3.425
2143	3.351
2144	1.069
2145	-3.738
2146	-2.407
2147	1.7
2148	5.092
2149	-3.076
2150	-2.856
2151	-0.5321
2152	1.077
2153	-0.1053
2154	1.764
2155	-2.77
2156	2.7
2157	3.015
2158	-4.371
2159	0.683
2160	-6.45
2161	6.512
2162	-3.047
2163	-5.495
2164	3.65
2165	-2.24
2166	-2.909
2167	-10.12
2168	-6.973
2169	-4.51
2170	-0.8771
2171	-2.932
2172	0.3299
2173	-10.93
2174	6.698
2175	-9.617
2176	-4.135
2177	3.992
2178	-1.131
2179	-3.209
2180	-0.7716
2181	0.7586
2182	-0.06632
2183	-1.107
2184	-0.5369
2185	0.1057
2186	-7.903
2187	-1.16
2188	0.688
2189	-3.78
2190	0.03353
2191	0.441
2192	-0.002817
2193	-0.2304
2194	-4.083
2195	-0.7232
2196	-1.042
2197	-2.902
2198	-5.932
2199	0.1726
2200	1.059
2201	-3.372
2202	-2.644
2203	-9.057
2204	-13.1
2205	-8.704
2206	-1.687
2207	0.411
2208	-4.514
2209	-2.779
2210	2.104
2211	2.429
2212	0.9402
2213	-4.344
2214	-0.7274
2215	-1.653
2216	0.5253
2217	0.6708
2218	-4.521
2219	1.646
2220	0.4073
2221	-3.747
2222	3.749
2223	-0.6614
2224	0.378
2225	-3.569
2226	-0.1529
2227	-4.504
2228	2.919
2229	1.302
2230	2.844
2231	-0.6029
2232	0.03421
2233	-0.4663
2234	-0.3394
2235	-5.249
2236	-2.298
2237	1.214
2238	-2.723
2239	-5.407
2240	-4.757
2241	-2.274
2242	-0.787
2243	0.2762
2244	-1.298
2245	0.06895
2246	1.72
2247	-1.904
2248	0.243
2249	3.351
2250	-2.589
2251	-1.197
2252	4.59
2253	-9.353
2254	0.6415
2255	-1.156
2256	-1.769
2257	-4.042
2258	1.306
2259	0.3978
2260	0.3397
2261	1.743
2262	1.36
2263	1.196
2264	-18.47
2265	-4.266
2266	0.6616
2267	0.01143
2268	-0.2592
2269	0.4147
2270	-2.624
2271	-5.398
2272	-4.143
2273	0.02501
2274	-0.1673
2275	0.004465
2276	-0.5274
2277	0.3636
2278	-0.00694
2279	-3.814
2280	-4.923
2281	1.54
2282	-0.3459
2283	0.9945
2284	0.04423
2285	-0.4229
2286	1.977
2287	2.758
2288	0.2268
2289	2.884
2290	-0.969
2291	-0.1012
2292	5.656
2293	-10.46
2294	-12.26
2295	1.073
2296	4.116
2297	-0.9214
2298	1.995
2299	-7.878
2300	5.534
2301	3.319
2302	-0.2887
2303	-2.187
2304	-4.92
2305	-4.348
2306	1.345
2307	2.152
2308	11.26
2309	-2.903
2310	-2.013
2311	0.08789
2312	-13.68
2313	-2.32
2314	-9.306
2315	-1.685
2316	-11.94
2317	2.42
2318	-3.047
2319	4.896
2320	2.564
2321	2.924
2322	-2.023
2323	3.643
2324	-0.07024
2325	-2.062
2326	-2.828
2327	-8.683
2328	0.9009
2329	-0.403
2330	-0.4337
2331	-4.603
2332	1.389
2333	-0.5346
2334	-0.2266
2335	-0.4064
2336	-1.162
2337	0.004097
2338	0.1466
2339	0.05948
2340	-0.1132
2341	-0.279
2342	0.5529
2343	0.7959
2344	-1.79
2345	-11.81
2346	-0.8309
2347	-9.946
2348	-2.819
2349	-0.1318
2350	0.9576
2351	-2.925
2352	3.47
2353	0.5582
2354	-1.372
2355	0.5265
2356	1.795
2357	-0.03752
2358	-2.455
2359	2.65
2360	-1.844
2361	-4.367
2362	-0.6297
2363	1.142
2364	1.585
2365	0.935
2366	1.555
2367	3.51
2368	4.129
2369	-3.191
2370	-12.65
2371	0.6993
2372	-1.414
2373	-0.7829
2374	-1.319
2375	-14.53
2376	8.109
2377	-7.349
2378	-13.03
2379	4.495
2380	-9.633
2381	-2.138
2382	-0.5438
2383	-8.226
2384	-1.297
2385	-6.202
2386	-1.537
2387	-27.95
2388	-7.746
2389	1.203
2390	-0.4886
2391	2.766
2392	-1.27
2393	-2.335
2394	-7.592
2395	6.377
2396	1.096
2397	-10.05
2398	-5.046
2399	-9.468
2400	7.005
2401	-6.434
2402	0.4376
2403	6.414
2404	-1.946
2405	0.5928
2406	1.108
2407	4.278
2408	-3.178
2409	3.84
2410	-2.216
2411	-0.4869
2412	-7.053
2413	2.627
2414	-3.163
2415	5.513
2416	-17.19
2417	-37.66
2418	-2.965
2419	-8.836
2420	-4.062
2421	6.189
2422	-1.756
2423	-4.441
2424	-13.33
2425	-6.387
2426	-6.333
2427	-4.168
2428	3.955
2429	-10.13
2430	0.3242
2431	-1.401
2432	-0.07657
2433	0.35
2434	-2.324
2435	2.132
2436	-2.954
2437	-1.421
2438	-1.089
2439	3.065
2440	1.459
2441	1.283
2442	0.1845
2443	-3.206
2444	-0.7595
2445	-4.462
2446	-0.008171
2447	-0.7005
2448	0.08029
2449	-1.762
2450	-12.36
2451	-0.2469
2452	-1.257
2453	1.451
2454	1.298
2455	1.732
2456	-2.677
2457	5.417
2458	0.5537
2459	-1.334
2460	-3.986
2461	3.225
2462	2.989
2463	-3.404
2464	7.06
2465	1.892
2466	7.078
2467	3.426
2468	0.4648
2469	-2.846
2470	-3.793
2471	-0.1022
2472	4.235
2473	-0.4889
2474	-10.72
2475	-4.021
2476	0.5145
2477	-3.859
2478	4.957
2479	3.564
2480	-1.56
2481	-2.843
2482	-15.37
2483	-12.68
2484	-3.561
2485	-6.759
2486	-6.814
2487	-4.658
2488	2.385
2489	1.925
2490	-0.0603
2491	2.57
2492	0.8266
2493	-0.8175
2494	3.328
2495	-4.731
2496	0.5456
2497	0.1303
2498	-5.326
2499	0.6579
2500	2.111
2501	0.8315
2502	1.86
2503	1.001
2504	0.3304
2505	0.8127
2506	3.446
2507	3.056
2508	0.416
2509	1.202
2510	-2.389
2511	0.5148
2512	-0.4212
2513	-0.5847
2514	-0.1982
2515	0.4623
2516	-0.7369
2517	-2.214
2518	-5.319
2519	0.602
2520	0.1407
2521	-4.831
2522	-6.519
2523	9.513
2524	-3.828
2525	-7.202
2526	2.462
2527	0.1496
2528	2.563
2529	0.9413
2530	2.448
2531	4.837
2532	0.4783
2533	-1.164
2534	-5.399
2535	-5.677
2536	-4.373
2537	0.9017
2538	0.798
2539	5.126
2540	-0.3484
2541	5.026
2542	0.6487
2543	0.4925
2544	-2.364
2545	2.404
2546	-11.85
2547	-1.588
2548	-2.902
2549	1.264
2550	0.09439
2551	0.4857
2552	1.125
2553	1.139
2554	0.7921
2555	0.08828
2556	-1.779
2557	-2.786
2558	-0.9456
2559	-0.5348
2560	-0.998
2561	1.148
2562	-4.606
2563	-2.806
2564	-1.141
2565	-0.1648
2566	0.6501
2567	-0.407
2568	-1.978
2569	-0.09146
2570	-0.6474
2571	0.63
2572	0.2825
2573	-0.12
2574	-0.7298
2575	-0.1926
2576	-0.8442
2577	0.02771
2578	-1.218
2579	2.187
2580	-9.662
2581	0.5263
2582	-0.3886
2583	-2.41
2584	1.335
2585	-0.2869
2586	-0.2818
2587	1.475
2588	1.899
2589	0.7708
2590	-3.773
2591	1.211
2592	-2.883
2593	-1.213
2594	0.8809
2595	-1.456
2596	0.09576
2597	-4.04
2598	-1.517
2599	2.0
2600	0.149
2601	0.8069
2602	-0.2189
2603	-0.3082
2604	-0.8669
2605	0.6834
2606	0.9572
2607	2.626
2608	0.4214
2609	-7.347
2610	2.019
2611	0.4857
2612	-1.805
2613	3.424
2614	-5.436
2615	1.113
2616	1.416
2617	-1.982
2618	-2.426
2619	1.056
2620	-1.767
2621	-4.2
2622	-4.482
2623	5.256
2624	-4.151
2625	1.341
2626	5.667
2627	-8.034
2628	-11.62
2629	-15.3
2630	-5.055
2631	2.419
2632	1.347
2633	-1.818
2634	-3.297
2635	4.861
2636	-0.6434
2637	-1.166
2638	3.418
2639	-4.744
2640	-0.9464
2641	-3.491
2642	1.774
2643	-0.7251
2644	1.422
2645	3.293
2646	-0.755
2647	0.3256
2648	2.539
2649	-1.588
2650	2.21
2651	-0.3896
2652	-2.338
2653	-0.511
2654	1.322
2655	4.568
2656	1.538
2657	2.886
2658	5.251
2659	-0.006935
2660	-12.96
2661	6.196
2662	-0.4264
2663	-5.902
2664	-0.1433
2665	-7.971
2666	3.785
2667	1.377
2668	2.568
2669	2.068
2670	6.107
2671	-1.143
2672	-3.807
2673	6.807
2674	-0.2959
2675	-0.6825
2676	-3.112
2677	-7.494
2678	-7.181
2679	6.791
2680	1.741
2681	1.467
2682	1.821
2683	6.108
2684	-1.052
2685	-1.199
2686	1.271
2687	-0.4277
2688	0.3551
2689	0.03114
2690	-6.506
2691	-8.867
2692	-0.04482
2693	-0.2645
2694	0.556
2695	-4.364
2696	0.04648
2697	0.5402
2698	0.6554
2699	-0.7722
2700	-1.005
2701	-0.09947
2702	-0.7551
2703	-0.003826
2704	-0.5037
2705	1.892
2706	9.221
2707	-1.539
2708	1.516
2709	-3.861
2710	-3.538
2711	2.469
2712	-0.2076
2713	-3.796
2714	-3.854
2715	-2.594
2716	2.843
2717	-4.749
2718	1.268
2719	-3.232
2720	-3.837
2721	1.948
2722	-2.559
2723	-1.26
2724	1.893
2725	-1.196
2726	0.05876
2727	-0.1053
2728	-0.1295
2729	0.428
2730	0.04004
2731	-0.491
2732	-0.7815
2733	-1.179
2734	-0.1386
2735	-0.1638
2736	-0.0893
2737	-5.636
2738	-3.215
2739	1.133
2740	0.384
2741	-0.3484
2742	-1.391
2743	1.591
2744	2.059
2745	-1.288
2746	1.896
2747	4.306
2748	-3.082
2749	0.07879
2750	-5.48
2751	-1.03
2752	1.013
2753	-0.7598
2754	0.2498
2755	-8.144
2756	-0.09347
2757	-6.729
2758	-7.116
2759	-1.676
2760	-1.263
2761	1.022
2762	1.353
2763	-0.5043
2764	0.5645
2765	-0.4311
2766	-5.829
2767	-6.32
2768	-4.283
2769	-3.097
2770	3.297
2771	-2.876
2772	-2.857
2773	-0.7146
2774	0.775
2775	1.803
2776	-1.629
2777	1.099
2778	0.5771
2779	-0.03211
2780	-5.668
2781	-1.662
2782	-3.531
2783	0.1604
2784	-2.374
2785	-0.04617
2786	-0.03546
2787	-0.9416
2788	-0.4524
2789	-0.1481
2790	0.3444
2791	-1.987
2792	-0.8914
2793	0.3864
2794	0.1851
2795	-0.1601
2796	-0.3187
2797	-1.014
2798	0.4666
2799	0.0655
2800	0.06963
2801	-1.828
2802	1.336
2803	1.318
2804	1.065
2805	-0.3394
2806	1.014
2807	1.457
2808	0.1034
2809	0.3176
2810	-5.071
2811	-3.05
2812	2.725
2813	-4.339
2814	-0.703
2815	-1.34
2816	-1.22
2817	-0.7268
2818	-2.231
2819	1.656
2820	1.835
2821	0.8826
2822	-2.583
2823	-2.428
2824	-3.249
2825	-7.062
2826	0.002046
2827	-1.579
2828	0.5567
2829	-2.114
2830	-2.753
2831	-3.458
2832	-1.192
2833	-0.1088
2834	-0.4788
2835	-0.3139
2836	0.5775
2837	-0.8742
2838	-4.722
2839	-1.095
2840	0.5644
2841	0.1929
2842	2.319
2843	2.617
2844	-0.4527
2845	-6.811
2846	-9.818
2847	1.282
2848	-2.418
2849	-4.841
2850	-8.815
2851	5.75
2852	-19.7
2853	-4.137
2854	0.2112
2855	-1.833
2856	3.704
2857	-2.714
2858	-0.5322
2859	1.847
2860	1.357
2861	-2.662
2862	-2.24
2863	-1.846
2864	-4.057
2865	1.425
2866	-1.647
2867	2.832
2868	-4.455
2869	-7.763
2870	2.406
2871	0.3615
2872	0.5442
2873	-1.475
2874	-0.3949
2875	-1.004
2876	1.408
2877	0.8509
2878	-0.9993
2879	-1.184
2880	-1.16
2881	-0.06671
2882	-0.7037
2883	-2.444
2884	-0.3781
2885	-2.909
2886	-1.798
2887	2.545
2888	-12.16
2889	1.307
2890	-0.1488
2891	1.131
2892	1.154
2893	-8.999
2894	3.682
2895	2.793
2896	-5.699
2897	-1.213
2898	1.711
2899	1.945
2900	-1.4
2901	-3.641
2902	-1.862
2903	-4.283
2904	-3.463
2905	2.839
2906	4.559
2907	-10.55
2908	-8.616
2909	2.054
2910	-7.909
2911	1.006
2912	0.274
2913	0.08071
2914	-5.565
2915	-9.592
2916	1.549
2917	-3.219
2918	-3.097
2919	-5.408
2920	6.78
2921	-0.4793
2922	2.418
2923	-4.304
2924	-12.2
2925	1.758
2926	0.4122
2927	2.822
2928	-1.529
2929	-9.312
2930	0.5664
2931	-0.9423
2932	2.027
2933	-7.258
2934	3.313
2935	0.9655
2936	-3.217
2937	-0.4525
2938	-4.117
2939	1.462
2940	-1.596
2941	-3.197
2942	-0.3244
2943	-0.2533
2944	0.1313
2945	-0.5007
2946	0.6986
2947	4.797
2948	1.382
2949	-1.085
2950	0.6001
2951	-3.517
2952	-2.046
2953	-4.045
2954	-5.592
2955	-7.87
2956	-7.089
2957	1.49
2958	-0.05761
2959	-0.329
2960	-0.3922
2961	0.001013
2962	0.11
2963	0.1852
2964	-1.389
2965	-0.4232
2966	-0.03005
2967	1.067
2968	-1.16
2969	-0.3214
2970	-0.005156
2971	-0.4747
2972	2.401
2973	1.613
2974	-5.067
2975	-2.406
2976	-7.827
2977	-1.733
2978	-1.443
2979	0.8628
2980	-1.628
2981	0.4812
2982	2.027
2983	-0.7979
2984	0.6667
2985	-0.1178
2986	-1.097
2987	0.2001
2988	-0.05362
2989	-1.468
2990	-0.7046
2991	2.033
2992	2.4
2993	-1.11
2994	3.365
2995	-17.15
2996	-3.524
2997	3.22
2998	-4.676
2999	0.1983
3000	-3.228
