1001	8545.0
1002	8674.0
1003	8651.0
1004	8576.0
1005	8591.0
1006	8564.0
1007	8641.0
1008	8568.0
1009	8563.0
1010	8548.0
1011	8415.0
1012	8436.0
1013	8431.0
1014	8557.0
1015	8610.0
1016	8625.0
1017	8546.0
1018	8499.0
1019	8519.0
1020	8450.0
1021	8400.0
1022	8437.0
1023	8416.0
1024	8463.0
1025	8470.0
1026	8520.0
1027	8429.0
1028	8513.0
1029	8571.0
1030	8529.0
1031	8489.0
1032	8483.0
1033	8527.0
1034	8529.0
1035	8553.0
1036	8592.0
1037	8597.0
1038	8545.0
1039	8522.0
1040	8534.0
1041	8562.0
1042	8535.0
1043	8605.0
1044	8590.0
1045	8584.0
1046	8531.0
1047	8495.0
1048	8507.0
1049	8504.0
1050	8575.0
1051	8599.0
1052	8490.0
1053	8516.0
1054	8558.0
1055	8529.0
1056	8509.0
1057	8457.0
1058	8459.0
1059	8494.0
1060	8525.0
1061	8444.0
1062	8420.0
1063	8511.0
1064	8530.0
1065	8457.0
1066	8456.0
1067	8536.0
1068	8575.0
1069	8505.0
1070	8514.0
1071	8548.0
1072	8631.0
1073	8572.0
1074	8481.0
1075	8433.0
1076	8434.0
1077	8499.0
1078	8517.0
1079	8513.0
1080	8542.0
1081	8552.0
1082	8518.0
1083	8469.0
1084	8575.0
1085	8452.0
1086	8516.0
1087	8493.0
1088	8506.0
1089	8447.0
1090	8498.0
1091	8487.0
1092	8451.0
1093	8478.0
1094	8514.0
1095	8487.0
1096	8485.0
1097	8426.0
1098	8360.0
1099	8392.0
1100	8450.0
1101	8505.0
1102	8564.0
1103	8438.0
1104	8437.0
1105	8492.0
1106	8502.0
1107	8470.0
1108	8483.0
1109	8447.0
1110	8448.0
1111	8459.0
1112	8450.0
1113	8464.0
1114	8494.0
1115	8492.0
1116	8576.0
1117	8604.0
1118	8681.0
1119	8605.0
1120	8524.0
1121	8536.0
1122	8459.0
1123	8434.0
1124	8555.0
1125	8541.0
1126	8583.0
1127	8588.0
1128	8485.0
1129	8464.0
1130	8474.0
1131	8474.0
1132	8444.0
1133	8540.0
1134	8527.0
1135	8533.0
1136	8580.0
1137	8561.0
1138	8568.0
1139	8603.0
1140	8478.0
1141	8458.0
1142	8500.0
1143	8418.0
1144	8455.0
1145	8461.0
1146	8448.0
1147	8441.0
1148	8530.0
1149	8554.0
1150	8550.0
1151	8618.0
1152	8603.0
1153	8530.0
1154	8522.0
1155	8593.0
1156	8471.0
1157	8522.0
1158	8511.0
1159	8547.0
1160	8504.0
1161	8515.0
1162	8514.0
1163	8453.0
1164	8528.0
1165	8517.0
1166	8547.0
1167	8565.0
1168	8523.0
1169	8479.0
1170	8427.0
1171	8457.0
1172	8523.0
1173	8494.0
1174	8507.0
1175	8500.0
1176	8494.0
1177	8500.0
1178	8412.0
1179	8350.0
1180	8439.0
1181	8443.0
1182	8441.0
1183	8544.0
1184	8486.0
1185	8551.0
1186	8526.0
1187	8487.0
1188	8439.0
1189	8540.0
1190	8445.0
1191	8460.0
1192	8533.0
1193	8499.0
1194	8468.0
1195	8436.0
1196	8400.0
1197	8381.0
1198	8398.0
1199	8355.0
1200	8367.0
1201	8381.0
1202	8407.0
1203	8484.0
1204	8539.0
1205	8541.0
1206	8501.0
1207	8562.0
1208	8591.0
1209	8569.0
1210	8469.0
1211	8412.0
1212	8492.0
1213	8444.0
1214	8403.0
1215	8434.0
1216	8512.0
1217	8527.0
1218	8443.0
1219	8484.0
1220	8502.0
1221	8390.0
1222	8456.0
1223	8529.0
1224	8503.0
1225	8492.0
1226	8397.0
1227	8376.0
1228	8449.0
1229	8449.0
1230	8508.0
1231	8548.0
1232	8503.0
1233	8480.0
1234	8492.0
1235	8438.0
1236	8428.0
1237	8472.0
1238	8412.0
1239	8446.0
1240	8460.0
1241	8528.0
1242	8546.0
1243	8483.0
1244	8430.0
1245	8500.0
1246	8502.0
1247	8505.0
1248	8441.0
1249	8505.0
1250	8442.0
1251	8458.0
1252	8437.0
1253	8405.0
1254	8430.0
1255	8378.0
1256	8423.0
1257	8471.0
1258	8492.0
1259	8505.0
1260	8438.0
1261	8493.0
1262	8414.0
1263	8485.0
1264	8448.0
1265	8481.0
1266	8389.0
1267	8405.0
1268	8490.0
1269	8436.0
1270	8608.0
1271	8594.0
1272	8558.0
1273	8524.0
1274	8567.0
1275	8571.0
1276	8600.0
1277	8554.0
1278	8554.0
1279	8604.0
1280	8601.0
1281	8602.0
1282	8460.0
1283	8471.0
1284	8457.0
1285	8495.0
1286	8489.0
1287	8600.0
1288	8566.0
1289	8542.0
1290	8533.0
1291	8533.0
1292	8446.0
1293	8488.0
1294	8476.0
1295	8541.0
1296	8534.0
1297	8509.0
1298	8532.0
1299	8467.0
1300	8530.0
1301	8618.0
1302	8564.0
1303	8460.0
1304	8500.0
1305	8592.0
1306	8601.0
1307	8598.0
1308	8504.0
1309	8546.0
1310	8538.0
1311	8558.0
1312	8626.0
1313	8615.0
1314	8555.0
1315	8597.0
1316	8548.0
1317	8510.0
1318	8557.0
1319	8499.0
1320	8476.0
1321	8473.0
1322	8459.0
1323	8518.0
1324	8517.0
1325	8393.0
1326	8420.0
1327	8466.0
1328	8501.0
1329	8488.0
1330	8441.0
1331	8476.0
1332	8479.0
1333	8425.0
1334	8425.0
1335	8504.0
1336	8543.0
1337	8555.0
1338	8542.0
1339	8548.0
1340	8540.0
1341	8506.0
1342	8540.0
1343	8597.0
1344	8481.0
1345	8476.0
1346	8375.0
1347	8361.0
1348	8332.0
1349	8405.0
1350	8413.0
1351	8506.0
1352	8494.0
1353	8474.0
1354	8453.0
1355	8422.0
1356	8457.0
1357	8518.0
1358	8582.0
1359	8567.0
1360	8543.0
1361	8442.0
1362	8449.0
1363	8536.0
1364	8495.0
1365	8494.0
1366	8455.0
1367	8454.0
1368	8442.0
1369	8422.0
1370	8442.0
1371	8403.0
1372	8513.0
1373	8473.0
1374	8502.0
1375	8511.0
1376	8554.0
1377	8474.0
1378	8515.0
1379	8438.0
1380	8404.0
1381	8463.0
1382	8470.0
1383	8484.0
1384	8559.0
1385	8506.0
1386	8497.0
1387	8541.0
1388	8568.0
1389	8546.0
1390	8630.0
1391	8572.0
1392	8521.0
1393	8534.0
1394	8596.0
1395	8583.0
1396	8705.0
1397	8520.0
1398	8544.0
1399	8578.0
1400	8554.0
1401	8588.0
1402	8577.0
1403	8428.0
1404	8477.0
1405	8443.0
1406	8463.0
1407	8410.0
1408	8460.0
1409	8496.0
1410	8450.0
1411	8488.0
1412	8464.0
1413	8521.0
1414	8526.0
1415	8560.0
1416	8508.0
1417	8456.0
1418	8479.0
1419	8495.0
1420	8472.0
1421	8532.0
1422	8458.0
1423	8401.0
1424	8467.0
1425	8400.0
1426	8474.0
1427	8427.0
1428	8424.0
1429	8467.0
1430	8532.0
1431	8442.0
1432	8386.0
1433	8378.0
1434	8527.0
1435	8573.0
1436	8568.0
1437	8496.0
1438	8493.0
1439	8546.0
1440	8522.0
1441	8446.0
1442	8431.0
1443	8422.0
1444	8466.0
1445	8561.0
1446	8567.0
1447	8564.0
1448	8529.0
1449	8457.0
1450	8389.0
1451	8388.0
1452	8448.0
1453	8412.0
1454	8481.0
1455	8493.0
1456	8524.0
1457	8455.0
1458	8556.0
1459	8518.0
1460	8487.0
1461	8505.0
1462	8554.0
1463	8512.0
1464	8445.0
1465	8464.0
1466	8480.0
1467	8489.0
1468	8454.0
1469	8476.0
1470	8551.0
1471	8492.0
1472	8524.0
1473	8502.0
1474	8525.0
1475	8477.0
1476	8519.0
1477	8522.0
1478	8553.0
1479	8558.0
1480	8556.0
1481	8538.0
1482	8494.0
1483	8483.0
1484	8398.0
1485	8442.0
1486	8534.0
1487	8458.0
1488	8543.0
1489	8591.0
1490	8560.0
1491	8547.0
1492	8509.0
1493	8577.0
1494	8655.0
1495	8565.0
1496	8568.0
1497	8606.0
1498	8638.0
1499	8598.0
1500	8556.0
1501	8499.0
1502	8480.0
1503	8549.0
1504	8486.0
1505	8431.0
1506	8550.0
1507	8437.0
1508	8429.0
1509	8394.0
1510	8450.0
1511	8393.0
1512	8407.0
1513	8462.0
1514	8382.0
1515	8426.0
1516	8505.0
1517	8549.0
1518	8568.0
1519	8472.0
1520	8393.0
1521	8435.0
1522	8397.0
1523	8336.0
1524	8503.0
1525	8449.0
1526	8396.0
1527	8307.0
1528	8514.0
1529	8412.0
1530	8477.0
1531	8577.0
1532	8509.0
1533	8540.0
1534	8473.0
1535	8569.0
1536	8578.0
1537	8606.0
1538	8590.0
1539	8644.0
1540	8609.0
1541	8637.0
1542	8531.0
1543	8504.0
1544	8564.0
1545	8580.0
1546	8566.0
1547	8498.0
1548	8532.0
1549	8470.0
1550	8517.0
1551	8541.0
1552	8580.0
1553	8545.0
1554	8470.0
1555	8448.0
1556	8519.0
1557	8507.0
1558	8467.0
1559	8551.0
1560	8569.0
1561	8646.0
1562	8487.0
1563	8548.0
1564	8504.0
1565	8510.0
1566	8563.0
1567	8507.0
1568	8468.0
1569	8457.0
1570	8493.0
1571	8453.0
1572	8444.0
1573	8495.0
1574	8506.0
1575	8513.0
1576	8502.0
1577	8450.0
1578	8399.0
1579	8438.0
1580	8380.0
1581	8397.0
1582	8421.0
1583	8503.0
1584	8499.0
1585	8546.0
1586	8431.0
1587	8412.0
1588	8458.0
1589	8464.0
1590	8494.0
1591	8501.0
1592	8448.0
1593	8420.0
1594	8441.0
1595	8467.0
1596	8511.0
1597	8479.0
1598	8572.0
1599	8557.0
1600	8495.0
1601	8447.0
1602	8435.0
1603	8459.0
1604	8538.0
1605	8500.0
1606	8403.0
1607	8353.0
1608	8389.0
1609	8360.0
1610	8430.0
1611	8500.0
1612	8459.0
1613	8406.0
1614	8428.0
1615	8453.0
1616	8475.0
1617	8462.0
1618	8394.0
1619	8485.0
1620	8436.0
1621	8483.0
1622	8525.0
1623	8519.0
1624	8534.0
1625	8534.0
1626	8553.0
1627	8524.0
1628	8556.0
1629	8587.0
1630	8624.0
1631	8573.0
1632	8478.0
1633	8457.0
1634	8409.0
1635	8459.0
1636	8576.0
1637	8525.0
1638	8557.0
1639	8562.0
1640	8504.0
1641	8519.0
1642	8440.0
1643	8538.0
1644	8524.0
1645	8498.0
1646	8549.0
1647	8534.0
1648	8353.0
1649	8426.0
1650	8483.0
1651	8513.0
1652	8453.0
1653	8404.0
1654	8479.0
1655	8449.0
1656	8469.0
1657	8435.0
1658	8485.0
1659	8505.0
1660	8561.0
1661	8524.0
1662	8488.0
1663	8486.0
1664	8510.0
1665	8571.0
1666	8523.0
1667	8537.0
1668	8614.0
1669	8592.0
1670	8549.0
1671	8541.0
1672	8577.0
1673	8561.0
1674	8527.0
1675	8469.0
1676	8490.0
1677	8592.0
1678	8558.0
1679	8414.0
1680	8443.0
1681	8339.0
1682	8423.0
1683	8463.0
1684	8490.0
1685	8421.0
1686	8501.0
1687	8472.0
1688	8480.0
1689	8426.0
1690	8419.0
1691	8366.0
1692	8391.0
1693	8444.0
1694	8438.0
1695	8468.0
1696	8483.0
1697	8543.0
1698	8548.0
1699	8540.0
1700	8487.0
1701	8461.0
1702	8492.0
1703	8344.0
1704	8335.0
1705	8364.0
1706	8388.0
1707	8412.0
1708	8467.0
1709	8478.0
1710	8490.0
1711	8503.0
1712	8410.0
1713	8429.0
1714	8445.0
1715	8479.0
1716	8425.0
1717	8388.0
1718	8394.0
1719	8361.0
1720	8311.0
1721	8446.0
1722	8421.0
1723	8385.0
1724	8350.0
1725	8436.0
1726	8442.0
1727	8451.0
1728	8445.0
1729	8532.0
1730	8544.0
1731	8513.0
1732	8523.0
1733	8585.0
1734	8512.0
1735	8579.0
1736	8603.0
1737	8650.0
1738	8509.0
1739	8506.0
1740	8579.0
1741	8682.0
1742	8508.0
1743	8526.0
1744	8426.0
1745	8482.0
1746	8439.0
1747	8481.0
1748	8464.0
1749	8434.0
1750	8466.0
1751	8527.0
1752	8484.0
1753	8494.0
1754	8462.0
1755	8498.0
1756	8457.0
1757	8425.0
1758	8453.0
1759	8416.0
1760	8502.0
1761	8487.0
1762	8358.0
1763	8346.0
1764	8378.0
1765	8432.0
1766	8465.0
1767	8551.0
1768	8559.0
1769	8519.0
1770	8414.0
1771	8381.0
1772	8399.0
1773	8472.0
1774	8465.0
1775	8454.0
1776	8466.0
1777	8452.0
1778	8420.0
1779	8477.0
1780	8542.0
1781	8541.0
1782	8602.0
1783	8694.0
1784	8683.0
1785	8676.0
1786	8600.0
1787	8613.0
1788	8518.0
1789	8414.0
1790	8355.0
1791	8566.0
1792	8508.0
1793	8449.0
1794	8470.0
1795	8450.0
1796	8405.0
1797	8386.0
1798	8478.0
1799	8459.0
1800	8538.0
1801	8508.0
1802	8493.0
1803	8445.0
1804	8437.0
1805	8460.0
1806	8409.0
1807	8417.0
1808	8460.0
1809	8488.0
1810	8508.0
1811	8447.0
1812	8545.0
1813	8540.0
1814	8513.0
1815	8487.0
1816	8569.0
1817	8521.0
1818	8529.0
1819	8536.0
1820	8567.0
1821	8499.0
1822	8551.0
1823	8528.0
1824	8454.0
1825	8431.0
1826	8488.0
1827	8526.0
1828	8551.0
1829	8567.0
1830	8495.0
1831	8545.0
1832	8507.0
1833	8522.0
1834	8528.0
1835	8547.0
1836	8509.0
1837	8518.0
1838	8530.0
1839	8485.0
1840	8605.0
1841	8541.0
1842	8431.0
1843	8507.0
1844	8551.0
1845	8539.0
1846	8533.0
1847	8505.0
1848	8550.0
1849	8465.0
1850	8492.0
1851	8440.0
1852	8557.0
1853	8448.0
1854	8432.0
1855	8469.0
1856	8374.0
1857	8521.0
1858	8413.0
1859	8419.0
1860	8480.0
1861	8522.0
1862	8500.0
1863	8569.0
1864	8641.0
1865	8561.0
1866	8521.0
1867	8524.0
1868	8545.0
1869	8497.0
1870	8575.0
1871	8633.0
1872	8515.0
1873	8495.0
1874	8482.0
1875	8453.0
1876	8517.0
1877	8490.0
1878	8551.0
1879	8594.0
1880	8482.0
1881	8525.0
1882	8495.0
1883	8517.0
1884	8519.0
1885	8440.0
1886	8435.0
1887	8494.0
1888	8430.0
1889	8469.0
1890	8512.0
1891	8478.0
1892	8437.0
1893	8431.0
1894	8561.0
1895	8689.0
1896	8651.0
1897	8645.0
1898	8557.0
1899	8540.0
1900	8546.0
1901	8581.0
1902	8649.0
1903	8670.0
1904	8579.0
1905	8501.0
1906	8517.0
1907	8604.0
1908	8620.0
1909	8527.0
1910	8507.0
1911	8536.0
1912	8409.0
1913	8367.0
1914	8406.0
1915	8472.0
1916	8612.0
1917	8637.0
1918	8554.0
1919	8478.0
1920	8515.0
1921	8518.0
1922	8504.0
1923	8524.0
1924	8500.0
1925	8571.0
1926	8589.0
1927	8525.0
1928	8428.0
1929	8444.0
1930	8403.0
1931	8399.0
1932	8426.0
1933	8375.0
1934	8466.0
1935	8456.0
1936	8505.0
1937	8454.0
1938	8493.0
1939	8467.0
1940	8438.0
1941	8492.0
1942	8441.0
1943	8510.0
1944	8537.0
1945	8537.0
1946	8525.0
1947	8543.0
1948	8539.0
1949	8532.0
1950	8525.0
1951	8469.0
1952	8512.0
1953	8520.0
1954	8530.0
1955	8487.0
1956	8407.0
1957	8477.0
1958	8541.0
1959	8515.0
1960	8537.0
1961	8546.0
1962	8579.0
1963	8452.0
1964	8526.0
1965	8540.0
1966	8460.0
1967	8426.0
1968	8474.0
1969	8608.0
1970	8461.0
1971	8445.0
1972	8493.0
1973	8478.0
1974	8506.0
1975	8468.0
1976	8535.0
1977	8477.0
1978	8478.0
1979	8447.0
1980	8487.0
1981	8450.0
1982	8458.0
1983	8508.0
1984	8490.0
1985	8540.0
1986	8581.0
1987	8496.0
1988	8585.0
1989	8595.0
1990	8509.0
1991	8657.0
1992	8676.0
1993	8644.0
1994	8609.0
1995	8580.0
1996	8651.0
1997	8600.0
1998	8518.0
1999	8654.0
2000	8553.0
2001	8507.0
2002	8450.0
2003	8531.0
2004	8493.0
2005	8502.0
2006	8468.0
2007	8459.0
2008	8549.0
2009	8554.0
2010	8569.0
2011	8499.0
2012	8599.0
2013	8557.0
2014	8517.0
2015	8417.0
2016	8501.0
2017	8597.0
2018	8511.0
2019	8519.0
2020	8540.0
2021	8535.0
2022	8607.0
2023	8544.0
2024	8511.0
2025	8459.0
2026	8483.0
2027	8398.0
2028	8446.0
2029	8493.0
2030	8411.0
2031	8397.0
2032	8311.0
2033	8348.0
2034	8486.0
2035	8376.0
2036	8354.0
2037	8383.0
2038	8344.0
2039	8305.0
2040	8352.0
2041	8365.0
2042	8362.0
2043	8409.0
2044	8365.0
2045	8347.0
2046	8437.0
2047	8494.0
2048	8437.0
2049	8531.0
2050	8515.0
2051	8432.0
2052	8490.0
2053	8448.0
2054	8549.0
2055	8432.0
2056	8411.0
2057	8415.0
2058	8440.0
2059	8483.0
2060	8577.0
2061	8436.0
2062	8446.0
2063	8411.0
2064	8472.0
2065	8589.0
2066	8522.0
2067	8534.0
2068	8496.0
2069	8621.0
2070	8636.0
2071	8516.0
2072	8477.0
2073	8417.0
2074	8568.0
2075	8534.0
2076	8448.0
2077	8496.0
2078	8564.0
2079	8537.0
2080	8440.0
2081	8453.0
2082	8366.0
2083	8441.0
2084	8432.0
2085	8533.0
2086	8534.0
2087	8480.0
2088	8463.0
2089	8543.0
2090	8647.0
2091	8595.0
2092	8499.0
2093	8536.0
2094	8626.0
2095	8582.0
2096	8524.0
2097	8513.0
2098	8510.0
2099	8557.0
2100	8499.0
2101	8474.0
2102	8459.0
2103	8544.0
2104	8586.0
2105	8532.0
2106	8567.0
2107	8549.0
2108	8498.0
2109	8556.0
2110	8446.0
2111	8502.0
2112	8549.0
2113	8481.0
2114	8452.0
2115	8512.0
2116	8541.0
2117	8467.0
2118	8463.0
2119	8539.0
2120	8445.0
2121	8425.0
2122	8433.0
2123	8490.0
2124	8518.0
2125	8395.0
2126	8486.0
2127	8476.0
2128	8539.0
2129	8596.0
2130	8617.0
2131	8604.0
2132	8712.0
2133	8658.0
2134	8623.0
2135	8632.0
2136	8660.0
2137	8678.0
2138	8613.0
2139	8582.0
2140	8551.0
2141	8550.0
2142	8565.0
2143	8551.0
2144	8489.0
2145	8537.0
2146	8573.0
2147	8660.0
2148	8615.0
2149	8619.0
2150	8570.0
2151	8483.0
2152	8492.0
2153	8531.0
2154	8612.0
2155	8559.0
2156	8492.0
2157	8509.0
2158	8413.0
2159	8431.0
2160	8437.0
2161	8511.0
2162	8483.0
2163	8496.0
2164	8463.0
2165	8511.0
2166	8466.0
2167	8408.0
2168	8321.0
2169	8495.0
2170	8377.0
2171	8361.0
2172	8321.0
2173	8332.0
2174	8419.0
2175	8406.0
2176	8500.0
2177	8432.0
2178	8534.0
2179	8539.0
2180	8645.0
2181	8706.0
2182	8737.0
2183	8625.0
2184	8668.0
2185	8541.0
2186	8585.0
2187	8497.0
2188	8421.0
2189	8541.0
2190	8592.0
2191	8564.0
2192	8503.0
2193	8420.0
2194	8474.0
2195	8529.0
2196	8562.0
2197	8591.0
2198	8594.0
2199	8523.0
2200	8482.0
2201	8598.0
2202	8547.0
2203	8499.0
2204	8470.0
2205	8561.0
2206	8455.0
2207	8441.0
2208	8381.0
2209	8460.0
2210	8438.0
2211	8392.0
2212	8483.0
2213	8425.0
2214	8424.0
2215	8441.0
2216	8394.0
2217	8375.0
2218	8447.0
2219	8445.0
2220	8454.0
2221	8382.0
2222	8479.0
2223	8495.0
2224	8482.0
2225	8419.0
2226	8501.0
2227	8526.0
2228	8544.0
2229	8594.0
2230	8611.0
2231	8521.0
2232	8486.0
2233	8560.0
2234	8555.0
2235	8556.0
2236	8623.0
2237	8734.0
2238	8605.0
2239	8710.0
2240	8640.0
2241	8646.0
2242	8630.0
2243	8593.0
2244	8618.0
2245	8537.0
2246	8537.0
2247	8562.0
2248	8565.0
2249	8584.0
2250	8556.0
2251	8634.0
2252	8616.0
2253	8599.0
2254	8584.0
2255	8561.0
2256	8561.0
2257	8552.0
2258	8498.0
2259	8481.0
2260	8539.0
2261	8467.0
2262	8545.0
2263	8529.0
2264	8523.0
2265	8586.0
2266	8598.0
2267	8576.0
2268	8559.0
2269	8518.0
2270	8502.0
2271	8479.0
2272	8528.0
2273	8478.0
2274	8552.0
2275	8583.0
2276	8649.0
2277	8663.0
2278	8523.0
2279	8524.0
2280	8492.0
2281	8619.0
2282	8581.0
2283	8517.0
2284	8545.0
2285	8534.0
2286	8562.0
2287	8414.0
2288	8465.0
2289	8417.0
2290	8459.0
2291	8408.0
2292	8512.0
2293	8588.0
2294	8684.0
2295	8610.0
2296	8582.0
2297	8645.0
2298	8640.0
2299	8658.0
2300	8618.0
2301	8693.0
2302	8591.0
2303	8517.0
2304	8460.0
2305	8520.0
2306	8516.0
2307	8553.0
2308	8505.0
2309	8516.0
2310	8585.0
2311	8519.0
2312	8536.0
2313	8511.0
2314	8538.0
2315	8615.0
2316	8578.0
2317	8559.0
2318	8543.0
2319	8544.0
2320	8563.0
2321	8496.0
2322	8532.0
2323	8523.0
2324	8464.0
2325	8505.0
2326	8479.0
2327	8435.0
2328	8444.0
2329	8455.0
2330	8536.0
2331	8552.0
2332	8529.0
2333	8561.0
2334	8516.0
2335	8505.0
2336	8517.0
2337	8496.0
2338	8536.0
2339	8552.0
2340	8473.0
2341	8441.0
2342	8469.0
2343	8444.0
2344	8503.0
2345	8519.0
2346	8502.0
2347	8447.0
2348	8382.0
2349	8432.0
2350	8452.0
2351	8384.0
2352	8343.0
2353	8299.0
2354	8321.0
2355	8334.0
2356	8410.0
2357	8350.0
2358	8457.0
2359	8380.0
2360	8358.0
2361	8458.0
2362	8523.0
2363	8510.0
2364	8424.0
2365	8471.0
2366	8503.0
2367	8447.0
2368	8446.0
2369	8442.0
2370	8457.0
2371	8491.0
2372	8477.0
2373	8559.0
2374	8541.0
2375	8487.0
2376	8434.0
2377	8488.0
2378	8552.0
2379	8608.0
2380	8591.0
2381	8514.0
2382	8616.0
2383	8610.0
2384	8514.0
2385	8425.0
2386	8453.0
2387	8447.0
2388	8489.0
2389	8464.0
2390	8386.0
2391	8450.0
2392	8372.0
2393	8441.0
2394	8437.0
2395	8414.0
2396	8392.0
2397	8486.0
2398	8500.0
2399	8466.0
2400	8458.0
2401	8511.0
2402	8507.0
2403	8510.0
2404	8512.0
2405	8504.0
2406	8409.0
2407	8469.0
2408	8465.0
2409	8448.0
2410	8389.0
2411	8369.0
2412	8347.0
2413	8489.0
2414	8495.0
2415	8525.0
2416	8465.0
2417	8420.0
2418	8359.0
2419	8434.0
2420	8462.0
2421	8520.0
2422	8444.0
2423	8542.0
2424	8495.0
2425	8456.0
2426	8451.0
2427	8427.0
2428	8481.0
2429	8455.0
2430	8548.0
2431	8415.0
2432	8352.0
2433	8313.0
2434	8323.0
2435	8394.0
2436	8418.0
2437	8497.0
2438	8490.0
2439	8389.0
2440	8412.0
2441	8531.0
2442	8533.0
2443	8503.0
2444	8538.0
2445	8502.0
2446	8450.0
2447	8487.0
2448	8487.0
2449	8514.0
2450	8513.0
2451	8447.0
2452	8507.0
2453	8506.0
2454	8581.0
2455	8459.0
2456	8465.0
2457	8514.0
2458	8557.0
2459	8529.0
2460	8562.0
2461	8594.0
2462	8531.0
2463	8472.0
2464	8485.0
2465	8444.0
2466	8471.0
2467	8554.0
2468	8536.0
2469	8545.0
2470	8529.0
2471	8385.0
2472	8533.0
2473	8487.0
2474	8512.0
2475	8512.0
2476	8492.0
2477	8444.0
2478	8448.0
2479	8411.0
2480	8454.0
2481	8497.0
2482	8574.0
2483	8628.0
2484	8490.0
2485	8538.0
2486	8534.0
2487	8485.0
2488	8414.0
2489	8410.0
2490	8517.0
2491	8574.0
2492	8522.0
2493	8498.0
2494	8442.0
2495	8532.0
2496	8501.0
2497	8534.0
2498	8455.0
2499	8524.0
2500	8532.0
2501	8450.0
2502	8474.0
2503	8433.0
2504	8548.0
2505	8578.0
2506	8546.0
2507	8514.0
2508	8482.0
2509	8483.0
2510	8416.0
2511	8367.0
2512	8371.0
2513	8385.0
2514	8350.0
2515	8391.0
2516	8334.0
2517	8386.0
2518	8430.0
2519	8424.0
2520	8465.0
2521	8455.0
2522	8401.0
2523	8353.0
2524	8474.0
2525	8411.0
2526	8448.0
2527	8496.0
2528	8551.0
2529	8562.0
2530	8381.0
2531	8366.0
2532	8404.0
2533	8426.0
2534	8444.0
2535	8379.0
2536	8414.0
2537	8387.0
2538	8420.0
2539	8432.0
2540	8542.0
2541	8546.0
2542	8566.0
2543	8585.0
2544	8543.0
2545	8534.0
2546	8484.0
2547	8546.0
2548	8539.0
2549	8561.0
2550	8470.0
2551	8502.0
2552	8607.0
2553	8582.0
2554	8470.0
2555	8552.0
2556	8527.0
2557	8484.0
2558	8537.0
2559	8601.0
2560	8621.0
2561	8553.0
2562	8513.0
2563	8505.0
2564	8498.0
2565	8467.0
2566	8434.0
2567	8480.0
2568	8442.0
2569	8428.0
2570	8423.0
2571	8505.0
2572	8481.0
2573	8495.0
2574	8460.0
2575	8468.0
2576	8421.0
2577	8547.0
2578	8518.0
2579	8518.0
2580	8479.0
2581	8440.0
2582	8434.0
2583	8381.0
2584	8420.0
2585	8458.0
2586	8469.0
2587	8418.0
2588	8452.0
2589	8495.0
2590	8541.0
2591	8539.0
2592	8555.0
2593	8455.0
2594	8378.0
2595	8458.0
2596	8440.0
2597	8415.0
2598	8423.0
2599	8387.0
2600	8473.0
2601	8402.0
2602	8460.0
2603	8491.0
2604	8401.0
2605	8447.0
2606	8422.0
2607	8400.0
2608	8451.0
2609	8453.0
2610	8466.0
2611	8546.0
2612	8605.0
2613	8527.0
2614	8522.0
2615	8551.0
2616	8576.0
2617	8441.0
2618	8450.0
2619	8516.0
2620	8410.0
2621	8492.0
2622	8539.0
2623	8561.0
2624	8574.0
2625	8566.0
2626	8602.0
2627	8573.0
2628	8591.0
2629	8581.0
2630	8582.0
2631	8559.0
2632	8621.0
2633	8608.0
2634	8543.0
2635	8609.0
2636	8505.0
2637	8458.0
2638	8457.0
2639	8533.0
2640	8523.0
2641	8539.0
2642	8419.0
2643	8470.0
2644	8503.0
2645	8544.0
2646	8516.0
2647	8459.0
2648	8478.0
2649	8462.0
2650	8447.0
2651	8529.0
2652	8576.0
2653	8520.0
2654	8442.0
2655	8543.0
2656	8504.0
2657	8490.0
2658	8496.0
2659	8470.0
2660	8397.0
2661	8413.0
2662	8450.0
2663	8345.0
2664	8343.0
2665	8429.0
2666	8505.0
2667	8486.0
2668	8428.0
2669	8394.0
2670	8471.0
2671	8493.0
2672	8378.0
2673	8373.0
2674	8595.0
2675	8564.0
2676	8552.0
2677	8507.0
2678	8528.0
2679	8496.0
2680	8459.0
2681	8486.0
2682	8420.0
2683	8519.0
2684	8468.0
2685	8472.0
2686	8526.0
2687	8559.0
2688	8553.0
2689	8487.0
2690	8575.0
2691	8588.0
2692	8525.0
2693	8475.0
2694	8472.0
2695	8523.0
2696	8456.0
2697	8439.0
2698	8473.0
2699	8557.0
2700	8556.0
2701	8551.0
2702	8537.0
2703	8453.0
2704	8377.0
2705	8356.0
2706	8391.0
2707	8410.0
2708	8438.0
2709	8457.0
2710	8434.0
2711	8461.0
2712	8499.0
2713	8486.0
2714	8483.0
2715	8479.0
2716	8459.0
2717	8497.0
2718	8540.0
2719	8560.0
2720	8462.0
2721	8552.0
2722	8523.0
2723	8540.0
2724	8558.0
2725	8609.0
2726	8538.0
2727	8581.0
2728	8512.0
2729	8542.0
2730	8548.0
2731	8594.0
2732	8615.0
2733	8515.0
2734	8497.0
2735	8560.0
2736	8527.0
2737	8462.0
2738	8431.0
2739	8480.0
2740	8502.0
2741	8484.0
2742	8566.0
2743	8501.0
2744	8526.0
2745	8612.0
2746	8537.0
2747	8575.0
2748	8541.0
2749	8453.0
2750	8492.0
2751	8484.0
2752	8445.0
2753	8454.0
2754	8444.0
2755	8544.0
2756	8540.0
2757	8502.0
2758	8497.0
2759	8515.0
2760	8538.0
2761	8471.0
2762	8478.0
2763	8514.0
2764	8503.0
2765	8484.0
2766	8502.0
2767	8533.0
2768	8441.0
2769	8524.0
2770	8568.0
2771	8517.0
2772	8509.0
2773	8507.0
2774	8456.0
2775	8471.0
2776	8506.0
2777	8505.0
2778	8483.0
2779	8534.0
2780	8459.0
2781	8449.0
2782	8530.0
2783	8599.0
2784	8519.0
2785	8417.0
2786	8436.0
2787	8462.0
2788	8520.0
2789	8495.0
2790	8593.0
2791	8575.0
2792	8465.0
2793	8505.0
2794	8476.0
2795	8481.0
2796	8506.0
2797	8430.0
2798	8413.0
2799	8447.0
2800	8407.0
2801	8488.0
2802	8516.0
2803	8435.0
2804	8412.0
2805	8510.0
2806	8586.0
2807	8531.0
2808	8502.0
2809	8503.0
2810	8517.0
2811	8613.0
2812	8492.0
2813	8454.0
2814	8518.0
2815	8476.0
2816	8445.0
2817	8468.0
2818	8492.0
2819	8412.0
2820	8452.0
2821	8440.0
2822	8463.0
2823	8536.0
2824	8464.0
2825	8430.0
2826	8480.0
2827	8478.0
2828	8377.0
2829	8435.0
2830	8397.0
2831	8402.0
2832	8318.0
2833	8394.0
2834	8423.0
2835	8371.0
2836	8360.0
2837	8374.0
2838	8456.0
2839	8435.0
2840	8489.0
2841	8571.0
2842	8554.0
2843	8493.0
2844	8510.0
2845	8421.0
2846	8425.0
2847	8382.0
2848	8486.0
2849	8502.0
2850	8474.0
2851	8533.0
2852	8530.0
2853	8492.0
2854	8458.0
2855	8419.0
2856	8421.0
2857	8403.0
2858	8484.0
2859	8530.0
2860	8464.0
2861	8485.0
2862	8465.0
2863	8432.0
2864	8390.0
2865	8419.0
2866	8433.0
2867	8386.0
2868	8349.0
2869	8361.0
2870	8331.0
2871	8363.0
2872	8411.0
2873	8466.0
2874	8469.0
2875	8491.0
2876	8467.0
2877	8431.0
2878	8488.0
2879	8428.0
2880	8463.0
2881	8514.0
2882	8471.0
2883	8467.0
2884	8406.0
2885	8493.0
2886	8434.0
2887	8498.0
2888	8474.0
2889	8375.0
2890	8471.0
2891	8462.0
2892	8470.0
2893	8427.0
2894	8430.0
2895	8390.0
2896	8399.0
2897	8397.0
2898	8401.0
2899	8473.0
2900	8471.0
2901	8435.0
2902	8518.0
2903	8501.0
2904	8551.0
2905	8581.0
2906	8523.0
2907	8474.0
2908	8487.0
2909	8505.0
2910	8497.0
2911	8571.0
2912	8660.0
2913	8596.0
2914	8491.0
2915	8568.0
2916	8496.0
2917	8457.0
2918	8474.0
2919	8570.0
2920	8564.0
2921	8593.0
2922	8561.0
2923	8562.0
2924	8518.0
2925	8509.0
2926	8358.0
2927	8403.0
2928	8444.0
2929	8436.0
2930	8512.0
2931	8510.0
2932	8507.0
2933	8527.0
2934	8557.0
2935	8446.0
2936	8484.0
2937	8443.0
2938	8541.0
2939	8463.0
2940	8478.0
2941	8477.0
2942	8566.0
2943	8526.0
2944	8519.0
2945	8474.0
2946	8442.0
2947	8495.0
2948	8470.0
2949	8478.0
2950	8536.0
2951	8547.0
2952	8496.0
2953	8555.0
2954	8538.0
2955	8463.0
2956	8503.0
2957	8409.0
2958	8368.0
2959	8433.0
2960	8464.0
2961	8468.0
2962	8399.0
2963	8492.0
2964	8445.0
2965	8459.0
2966	8472.0
2967	8539.0
2968	8488.0
2969	8497.0
2970	8418.0
2971	8479.0
2972	8574.0
2973	8476.0
2974	8396.0
2975	8405.0
2976	8521.0
2977	8555.0
2978	8472.0
2979	8544.0
2980	8628.0
2981	8617.0
2982	8590.0
2983	8630.0
2984	8603.0
2985	8622.0
2986	8591.0
2987	8646.0
2988	8566.0
2989	8508.0
2990	8592.0
2991	8573.0
2992	8583.0
2993	8468.0
2994	8503.0
2995	8498.0
2996	8471.0
2997	8437.0
2998	8519.0
2999	8509.0
3000	8490.0
1001	-0.6624
1002	0.6315
1003	1.042
1004	-4.268
1005	-1.313
1006	2.719
1007	-2.532
1008	-0.9801
1009	-2.416
1010	-1.196
1011	-0.1466
1012	0.659
1013	0.5986
1014	0.1206
1015	-1.631
1016	1.686
1017	-5.112
1018	0.5718
1019	-0.1585
1020	-14.0
1021	-5.738
1022	-2.2
1023	-1.784
1024	2.925
1025	-1.315
1026	-3.385
1027	-1.826
1028	0.5573
1029	-17.43
1030	-0.5907
1031	-2.651
1032	9.754
1033	4.205
1034	-5.89
1035	-10.47
1036	4.968
1037	-14.31
1038	0.1136
1039	1.009
1040	2.1
1041	1.627
1042	1.586
1043	-3.33
1044	-2.838
1045	7.536
1046	-4.973
1047	-3.585
1048	8.045
1049	-1.339
1050	-1.921
1051	1.91
1052	-6.303
1053	-4.761
1054	-11.92
1055	3.221
1056	4.437
1057	2.365
1058	-4.611
1059	-4.46
1060	1.83
1061	-1.738
1062	-6.1
1063	-1.845
1064	0.7629
1065	-0.4954
1066	-1.657
1067	-14.68
1068	-3.943
1069	-0.3237
1070	-0.2955
1071	-0.2686
1072	-4.126
1073	3.09
1074	3.033
1075	-0.5867
1076	-3.809
1077	0.1736
1078	-4.767
1079	1.179
1080	-6.083
1081	-1.371
1082	-7.012
1083	0.2381
1084	-0.4716
1085	-0.5995
1086	0.07803
1087	-3.379
1088	-5.738
1089	0.5892
1090	-1.885
1091	0.3859
1092	-0.7153
1093	-3.413
1094	-18.7
1095	-7.906
1096	3.817
1097	0.4653
1098	-2.496
1099	-1.507
1100	-0.02522
1101	-0.05718
1102	-4.234
1103	0.5467
1104	-0.1841
1105	-0.2258
1106	0.1706
1107	-5.252
1108	-1.67
1109	-1.078
1110	0.517
1111	-0.03894
1112	0.5547
1113	-0.7322
1114	-1.282
1115	1.297
1116	-3.327
1117	0.02806
1118	0.9526
1119	-1.767
1120	-0.3204
1121	-0.02822
1122	0.1331
1123	0.3577
1124	1.57
1125	-1.627
1126	-1.686
1127	-0.139
1128	-1.549
1129	1.939
1130	-5.695
1131	0.01043
1132	0.6194
1133	-1.734
1134	0.3458
1135	-1.604
1136	0.08909
1137	-0.1589
1138	-3.308
1139	-0.8286
1140	0.2407
1141	1.725
1142	-0.3813
1143	1.058
1144	1.252
1145	-7.704
1146	-10.85
1147	-1.446
1148	-17.64
1149	-1.65
1150	-2.905
1151	-0.6089
1152	1.357
1153	-4.239
1154	2.299
1155	0.6388
1156	0.9083
1157	-0.2004
1158	0.9334
1159	1.576
1160	1.297
1161	2.911
1162	0.08478
1163	-0.3038
1164	0.8528
1165	-3.911
1166	-4.851
1167	-0.9851
1168	3.503
1169	-5.707
1170	1.108
1171	-7.87
1172	-3.351
1173	-4.326
1174	4.029
1175	-5.958
1176	-3.1
1177	-0.08065
1178	1.59
1179	-1.068
1180	-0.02105
1181	2.14
1182	-8.802
1183	-1.969
1184	3.791
1185	2.799
1186	1.743
1187	0.7007
1188	1.674
1189	0.8302
1190	0.7421
1191	2.167
1192	-4.728
1193	3.122
1194	0.8912
1195	-5.756
1196	-17.37
1197	5.407
1198	-7.068
1199	11.22
1200	-6.602
1201	5.103
1202	-9.716
1203	-3.691
1204	8.34
1205	-6.469
1206	-15.62
1207	1.587
1208	2.298
1209	-2.823
1210	0.7194
1211	-11.54
1212	3.958
1213	-4.143
1214	2.426
1215	1.415
1216	-0.7474
1217	1.044
1218	-0.1422
1219	1.668
1220	-2.81
1221	-0.5947
1222	1.997
1223	-3.962
1224	-1.524
1225	-0.01896
1226	-0.3986
1227	2.63
1228	-4.543
1229	1.727
1230	-2.029
1231	1.41
1232	1.259
1233	-0.05509
1234	-0.1415
1235	-0.5724
1236	-0.3086
1237	-0.7647
1238	-2.576
1239	-0.1694
1240	0.5721
1241	-0.2986
1242	2.478
1243	1.172
1244	-4.091
1245	-10.96
1246	3.73
1247	-3.431
1248	-1.09
1249	-1.814
1250	-0.7054
1251	0.5611
1252	-4.321
1253	-0.3914
1254	0.1185
1255	-0.2183
1256	0.02091
1257	-1.781
1258	-0.2332
1259	-0.9516
1260	-0.1322
1261	-3.228
1262	0.1563
1263	2.886
1264	1.702
1265	-6.102
1266	1.554
1267	-3.555
1268	-1.176
1269	-6.099
1270	1.766
1271	-4.502
1272	-3.236
1273	-5.176
1274	-2.629
1275	-0.1775
1276	-0.135
1277	0.1191
1278	-1.232
1279	-1.015
1280	-0.7493
1281	-0.03833
1282	-0.1388
1283	-4.744
1284	-1.279
1285	-0.168
1286	0.8589
1287	0.2282
1288	0.2724
1289	0.8766
1290	-0.1238
1291	-0.1607
1292	0.005129
1293	-1.702
1294	0.003771
1295	-0.5694
1296	1.411
1297	-6.24
1298	-1.87
1299	0.432
1300	0.02776
1301	0.4457
1302	2.639
1303	0.345
1304	0.8857
1305	1.835
1306	1.15
1307	-5.671
1308	0.516
1309	2.57
1310	1.624
1311	-1.859
1312	0.9498
1313	-2.015
1314	-8.896
1315	2.074
1316	-0.1979
1317	-0.6956
1318	0.6811
1319	0.7629
1320	0.7795
1321	0.1394
1322	-3.207
1323	0.8026
1324	1.131
1325	-3.946
1326	0.7573
1327	0.3787
1328	-0.5103
1329	-6.902
1330	-3.559
1331	-0.8087
1332	0.2193
1333	4.437
1334	-5.193
1335	1.903
1336	1.819
1337	-0.9693
1338	-2.679
1339	-4.569
1340	-9.272
1341	3.66
1342	0.2916
1343	-2.37
1344	-1.563
1345	2.031
1346	-0.9385
1347	-0.07707
1348	0.6745
1349	2.706
1350	-1.457
1351	3.513
1352	-3.889
1353	4.503
1354	-3.324
1355	-5.364
1356	4.167
1357	-15.53
1358	-3.109
1359	-2.338
1360	2.749
1361	2.169
1362	-2.688
1363	0.5368
1364	4.6
1365	0.3448
1366	-2.558
1367	-3.268
1368	5.149
1369	-0.8748
1370	6.68
1371	-3.371
1372	3.055
1373	4.238
1374	1.545
1375	-4.087
1376	-2.706
1377	1.907
1378	-1.442
1379	-3.197
1380	-2.283
1381	2.794
1382	6.535
1383	-8.939
1384	-3.106
1385	-1.714
1386	3.614
1387	1.495
1388	1.499
1389	1.398
1390	-1.613
1391	0.2095
1392	-0.869
1393	-2.286
1394	0.675
1395	-4.276
1396	-1.626
1397	3.381
1398	2.062
1399	1.461
1400	-0.6726
1401	-1.799
1402	-0.6119
1403	-1.514
1404	-1.198
1405	-3.04
1406	-1.156
1407	-5.911
1408	-1.937
1409	-1.418
1410	-1.153
1411	-1.421
1412	0.5015
1413	-0.9892
1414	0.9156
1415	-0.3946
1416	0.9421
1417	0.04279
1418	-4.63
1419	0.1922
1420	-2.602
1421	-0.1096
1422	-0.003792
1423	-0.2625
1424	0.701
1425	-1.642
1426	1.806
1427	-0.4793
1428	-8.741
1429	3.471
1430	-0.4917
1431	-0.2419
1432	0.5336
1433	1.299
1434	1.016
1435	5.031
1436	-6.668
1437	-0.8295
1438	-0.213
1439	-9.968
1440	-1.616
1441	1.305
1442	0.1113
1443	-2.222
1444	1.089
1445	-1.725
1446	-3.619
1447	9.663
1448	-18.5
1449	-18.86
1450	-1.193
1451	5.881
1452	-22.0
1453	-5.628
1454	2.395
1455	-10.14
1456	-11.2
1457	-0.9155
1458	-5.214
1459	1.748
1460	-21.06
1461	-20.19
1462	-3.211
1463	5.133
1464	2.094
1465	4.044
1466	7.824
1467	-17.24
1468	-7.736
1469	-5.589
1470	1.779
1471	-1.266
1472	0.9636
1473	1.154
1474	0.07218
1475	-2.985
1476	-1.803
1477	-3.251
1478	0.1151
1479	-0.07151
1480	1.896
1481	-2.166
1482	0.9886
1483	0.7055
1484	-1.138
1485	-1.651
1486	0.007509
1487	-0.3391
1488	1.188
1489	1.851
1490	-0.6241
1491	1.445
1492	0.4854
1493	0.2201
1494	-0.9949
1495	-2.645
1496	0.003769
1497	-1.263
1498	-0.03893
1499	0.05476
1500	-6.362
1501	-0.4499
1502	-4.984
1503	-0.1295
1504	-0.3659
1505	1.347
1506	-0.8295
1507	-2.019
1508	-0.9158
1509	0.03715
1510	0.007921
1511	-0.1407
1512	0.01717
1513	-1.089
1514	0.4634
1515	-2.672
1516	-0.371
1517	-1.311
1518	0.5447
1519	0.8728
1520	1.705
1521	-2.887
1522	4.138
1523	-2.027
1524	-1.841
1525	-4.035
1526	0.7085
1527	-0.4038
1528	-0.8201
1529	-0.9113
1530	-0.2096
1531	-1.206
1532	0.1387
1533	0.2833
1534	-0.5345
1535	0.004712
1536	0.195
1537	-2.787
1538	0.5882
1539	-4.088
1540	-3.243
1541	-0.03434
1542	0.1273
1543	-0.8099
1544	-0.2157
1545	0.1478
1546	1.687
1547	-3.409
1548	2.612
1549	-0.6444
1550	0.2418
1551	0.764
1552	-2.348
1553	-2.929
1554	0.7044
1555	0.1443
1556	2.816
1557	-1.602
1558	0.2526
1559	0.662
1560	5.638
1561	3.199
1562	-6.813
1563	-4.715
1564	-9.994
1565	-9.478
1566	-18.03
1567	-11.21
1568	-3.143
1569	-3.809
1570	-4.185
1571	-2.593
1572	-0.9635
1573	-1.907
1574	-2.841
1575	-1.216
1576	-15.69
1577	1.173
1578	2.658
1579	-3.926
1580	-0.9864
1581	2.146
1582	-3.192
1583	-5.791
1584	-0.5434
1585	1.856
1586	-5.686
1587	-2.157
1588	-4.507
1589	2.267
1590	-2.397
1591	0.915
1592	-1.652
1593	1.685
1594	-1.855
1595	1.604
1596	3.003
1597	3.056
1598	-3.759
1599	-0.3389
1600	-18.7
1601	0.1245
1602	7.634
1603	3.633
1604	-7.982
1605	2.968
1606	3.632
1607	0.5088
1608	-0.8967
1609	-0.5944
1610	0.3918
1611	-7.384
1612	1.431
1613	-1.146
1614	-0.4123
1615	-1.465
1616	-0.5418
1617	-0.5105
1618	-0.1538
1619	0.5089
1620	1.025
1621	0.3657
1622	-0.1058
1623	-1.66
1624	-1.721
1625	-0.4122
1626	-0.4379
1627	-3.42
1628	-0.03616
1629	-0.4223
1630	-2.2
1631	0.3359
1632	-1.141
1633	0.2576
1634	-2.2
1635	-1.056
1636	0.1581
1637	0.06465
1638	-0.6348
1639	0.05553
1640	-0.277
1641	-0.3379
1642	-2.428
1643	1.073
1644	-8.209
1645	0.876
1646	0.5391
1647	0.03742
1648	3.29
1649	-1.769
1650	0.9316
1651	1.659
1652	-2.487
1653	-0.2722
1654	-0.3374
1655	0.9627
1656	-5.984
1657	-0.3463
1658	0.1031
1659	-0.3977
1660	-0.5579
1661	0.4338
1662	1.092
1663	-5.443
1664	0.8037
1665	-4.207
1666	1.751
1667	-1.726
1668	-3.211
1669	-5.225
1670	-3.592
1671	-0.6404
1672	-0.879
1673	0.1398
1674	-0.4301
1675	-3.999
1676	-1.811
1677	0.1052
1678	1.326
1679	-4.131
1680	-0.5571
1681	0.6189
1682	0.002117
1683	-0.165
1684	0.2753
1685	-2.446
1686	-1.069
1687	-1.244
1688	-2.151
1689	4.406
1690	-5.558
1691	-2.672
1692	-3.53
1693	-0.4257
1694	3.152
1695	-3.487
1696	-3.442
1697	-1.48
1698	0.4475
1699	-0.8356
1700	-0.6667
1701	-1.491
1702	-0.4218
1703	0.8277
1704	2.592
1705	-3.795
1706	-1.209
1707	0.3455
1708	-5.191
1709	0.7441
1710	-10.95
1711	-2.402
1712	-1.295
1713	-1.073
1714	-5.878
1715	2.213
1716	2.718
1717	0.0965
1718	2.463
1719	-7.401
1720	-13.6
1721	-15.24
1722	-1.627
1723	0.0925
1724	-5.695
1725	-5.856
1726	-11.02
1727	-1.19
1728	9.77
1729	-0.7253
1730	-19.32
1731	-7.688
1732	-1.201
1733	-3.034
1734	-15.73
1735	-7.652
1736	-12.01
1737	4.194
1738	-0.2425
1739	5.132
1740	1.322
1741	2.644
1742	-0.8856
1743	-2.42
1744	-0.9028
1745	-2.007
1746	0.9866
1747	-0.5491
1748	0.7847
1749	0.2488
1750	1.761
1751	0.2318
1752	-0.3702
1753	1.919
1754	-2.855
1755	-3.765
1756	0.662
1757	0.7932
1758	1.062
1759	-6.089
1760	-1.035
1761	-0.3453
1762	0.6809
1763	0.2067
1764	1.655
1765	-0.8532
1766	0.7392
1767	-1.128
1768	1.886
1769	2.346
1770	-3.739
1771	2.868
1772	-1.549
1773	-4.308
1774	-1.156
1775	-2.099
1776	1.409
1777	1.848
1778	0.7825
1779	-2.575
1780	1.715
1781	0.1237
1782	-3.782
1783	-2.918
1784	1.245
1785	-3.074
1786	0.2749
1787	-0.494
1788	-1.089
1789	-0.2866
1790	-0.6106
1791	-0.7585
1792	-0.00361
1793	0.2764
1794	-5.443
1795	0.3152
1796	-1.542
1797	-0.2212
1798	4.169
1799	1.884
1800	0.148
1801	-0.6324
1802	0.2467
1803	-0.09605
1804	-0.5198
1805	-3.203
1806	-1.347
1807	-0.8377
1808	0.04641
1809	0.1783
1810	0.543
1811	-2.772
1812	-1.963
1813	0.4664
1814	-2.517
1815	-6.201
1816	-3.669
1817	-0.9874
1818	0.2033
1819	0.1328
1820	0.902
1821	-4.435
1822	1.514
1823	-1.682
1824	-1.391
1825	0.06609
1826	0.2504
1827	-4.973
1828	0.3178
1829	0.0959
1830	-1.441
1831	-0.2124
1832	1.225
1833	-6.81
1834	-1.666
1835	-0.1555
1836	0.04514
1837	0.1385
1838	-0.17
1839	-0.6983
1840	-1.557
1841	-1.172
1842	-1.664
1843	2.083
1844	-1.17
1845	-0.4089
1846	0.04162
1847	-0.07596
1848	-0.1097
1849	0.1914
1850	-0.04601
1851	0.7143
1852	-0.03895
1853	-4.947
1854	1.793
1855	2.41
1856	-1.787
1857	-0.5584
1858	-3.712
1859	-0.5878
1860	-4.446
1861	-0.2774
1862	-0.844
1863	-1.183
1864	-0.2166
1865	-0.5724
1866	-0.3299
1867	-1.704
1868	0.4557
1869	-0.3365
1870	-2.854
1871	-0.1196
1872	0.05407
1873	-6.361
1874	-0.9861
1875	-1.633
1876	-0.2976
1877	-1.573
1878	-0.6198
1879	0.6684
1880	-0.2034
1881	-3.308
1882	-6.791
1883	-0.9665
1884	-2.214
1885	2.152
1886	-0.8095
1887	-1.865
1888	0.4165
1889	-0.6091
1890	0.1057
1891	-0.1803
1892	-1.041
1893	0.08579
1894	0.6175
1895	1.12
1896	-0.2575
1897	-0.4039
1898	0.2113
1899	0.08103
1900	-3.735
1901	0.8588
1902	-2.19
1903	-1.484
1904	1.678
1905	-1.779
1906	-0.3365
1907	-2.759
1908	-1.565
1909	-0.8188
1910	0.2316
1911	0.4434
1912	0.1589
1913	0.007346
1914	-0.3627
1915	-2.623
1916	-10.94
1917	1.053
1918	0.5961
1919	-1.696
1920	0.01857
1921	0.3559
1922	-0.212
1923	-0.1098
1924	-2.824
1925	0.5214
1926	-1.728
1927	0.57
1928	-1.56
1929	-0.9335
1930	-0.2279
1931	0.01086
1932	-0.4485
1933	0.04097
1934	-1.753
1935	-4.694
1936	0.07284
1937	0.6149
1938	-0.4666
1939	-0.2022
1940	-3.158
1941	-1.27
1942	-0.344
1943	-0.4643
1944	-5.761
1945	1.618
1946	-3.544
1947	-2.576
1948	5.86
1949	-9.245
1950	0.8404
1951	1.286
1952	-0.3164
1953	0.4535
1954	-0.6922
1955	-2.05
1956	-0.8573
1957	-1.807
1958	1.466
1959	-3.399
1960	3.967
1961	2.54
1962	-8.53
1963	-15.78
1964	-4.084
1965	-0.6651
1966	1.849
1967	3.819
1968	2.856
1969	1.018
1970	-3.186
1971	-0.3899
1972	3.236
1973	-0.6835
1974	1.169
1975	0.02422
1976	-1.235
1977	4.448
1978	-2.677
1979	2.236
1980	-6.066
1981	-1.425
1982	-2.326
1983	-0.182
1984	-0.4571
1985	-0.01628
1986	0.05223
1987	1.171
1988	1.957
1989	2.912
1990	1.29
1991	0.1862
1992	1.143
1993	-1.549
1994	0.3698
1995	-1.072
1996	1.424
1997	-0.6513
1998	-1.555
1999	-1.71
2000	0.215
2001	1.546
2002	0.3647
2003	-1.233
2004	-0.2693
2005	-3.535
2006	0.5702
2007	-0.3906
2008	-0.774
2009	0.01476
2010	0.6453
2011	0.1095
2012	0.0126
2013	0.2995
2014	-1.839
2015	0.3568
2016	-5.333
2017	-4.27
2018	-3.403
2019	-0.0274
2020	-0.2627
2021	-0.4363
2022	-0.3161
2023	-0.2249
2024	-0.1449
2025	-6.402
2026	-2.722
2027	0.513
2028	0.2042
2029	-0.4077
2030	0.2577
2031	5.654
2032	-0.2784
2033	-0.806
2034	2.94
2035	-0.3889
2036	-2.884
2037	-5.283
2038	-0.3313
2039	7.087
2040	1.543
2041	-4.269
2042	-1.189
2043	-5.172
2044	-5.44
2045	2.645
2046	3.37
2047	3.465
2048	-2.573
2049	2.356
2050	-5.721
2051	1.154
2052	-1.963
2053	-0.2366
2054	-4.706
2055	2.706
2056	-1.956
2057	-0.2056
2058	-8.245
2059	0.08361
2060	-1.054
2061	1.86
2062	2.26
2063	-1.4
2064	-9.157
2065	7.714
2066	-6.024
2067	-0.277
2068	-0.2147
2069	-3.234
2070	-0.2784
2071	-0.09177
2072	1.204
2073	0.3101
2074	0.1458
2075	1.427
2076	0.001064
2077	-2.77
2078	1.715
2079	-0.5476
2080	-5.916
2081	3.505
2082	-1.4
2083	0.3195
2084	0.3846
2085	-0.1071
2086	0.1229
2087	-0.1823
2088	-0.2627
2089	2.61
2090	-2.064
2091	0.1301
2092	-1.862
2093	1.228
2094	0.2891
2095	0.126
2096	-0.7903
2097	0.1824
2098	0.1056
2099	-0.9615
2100	0.5228
2101	0.8432
2102	-0.9957
2103	-0.6831
2104	-5.108
2105	-0.1779
2106	-4.037
2107	-0.1975
2108	-1.427
2109	-7.411
2110	1.173
2111	2.318
2112	-0.7485
2113	-3.052
2114	5.978
2115	-0.2172
2116	-0.02723
2117	-3.657
2118	0.779
2119	-8.22
2120	-8.314
2121	1.6
2122	-6.177
2123	-5.131
2124	-1.902
2125	-5.01
2126	-4.34
2127	-4.775
2128	4.598
2129	-1.078
2130	1.283
2131	-0.4719
2132	-8.676
2133	-0.1414
2134	1.37
2135	-3.214
2136	0.9726
2137	-2.141
2138	-2.681
2139	-1.701
2140	-6.182
2141	-1.667
2142	-2.48
2143	1.441
2144	3.206
2145	-2.577
2146	-2.843
2147	3.255
2148	8.416
2149	-2.41
2150	-14.33
2151	-3.133
2152	5.534
2153	2.338
2154	-1.007
2155	-4.205
2156	0.4153
2157	0.8442
2158	-5.643
2159	1.668
2160	-6.539
2161	2.392
2162	1.385
2163	-2.412
2164	0.06029
2165	-5.225
2166	-3.797
2167	-7.581
2168	-5.613
2169	-2.155
2170	-1.673
2171	-4.55
2172	2.149
2173	-5.347
2174	-0.5605
2175	-7.045
2176	-2.864
2177	-0.03048
2178	1.397
2179	-2.087
2180	1.719
2181	0.08031
2182	-1.092
2183	-0.8021
2184	0.9173
2185	-4.623
2186	-0.2374
2187	-0.06196
2188	-2.778
2189	-1.124
2190	-1.182
2191	-2.536
2192	0.01684
2193	-1.261
2194	-1.754
2195	-3.023
2196	-0.1721
2197	-1.933
2198	-2.907
2199	4.699
2200	0.6664
2201	-9.458
2202	-6.087
2203	-2.0
2204	-22.74
2205	-10.56
2206	-8.343
2207	0.9851
2208	-3.341
2209	-2.533
2210	1.945
2211	2.068
2212	-4.839
2213	-1.04
2214	-2.719
2215	1.692
2216	0.1888
2217	0.2058
2218	-0.4231
2219	1.356
2220	-3.052
2221	-3.439
2222	0.5396
2223	-0.8005
2224	2.299
2225	-6.288
2226	-2.762
2227	-1.012
2228	2.718
2229	1.307
2230	0.2579
2231	-1.135
2232	-0.4597
2233	-0.9752
2234	-0.2913
2235	-1.122
2236	0.349
2237	0.1968
2238	0.3237
2239	-6.075
2240	-1.908
2241	-2.204
2242	-0.4533
2243	-0.04721
2244	0.2675
2245	-0.4557
2246	-0.1575
2247	-0.08518
2248	-0.2608
2249	0.1944
2250	-0.0498
2251	0.01126
2252	0.8645
2253	-4.633
2254	0.2174
2255	-2.718
2256	-2.9
2257	-0.1829
2258	1.826
2259	1.3
2260	-1.287
2261	-0.4896
2262	-0.4719
2263	1.411
2264	-6.842
2265	-4.57
2266	-0.3311
2267	1.416
2268	0.2506
2269	-0.9549
2270	-0.8657
2271	-2.922
2272	-2.51
2273	1.349
2274	-0.1702
2275	0.01566
2276	0.8473
2277	-0.4403
2278	0.09898
2279	-2.291
2280	-4.793
2281	0.9552
2282	-0.803
2283	0.5273
2284	0.1478
2285	-0.01721
2286	-0.4163
2287	0.4755
2288	-0.7153
2289	-0.1136
2290	0.02456
2291	1.655
2292	-0.9526
2293	-4.085
2294	-10.02
2295	-3.836
2296	-2.163
2297	1.15
2298	9.085
2299	-9.6
2300	3.595
2301	1.453
2302	2.174
2303	-5.61
2304	-0.7677
2305	-6.663
2306	-0.1227
2307	0.3423
2308	0.4883
2309	2.152
2310	-7.434
2311	-1.791
2312	-6.782
2313	9.743
2314	-9.601
2315	1.042
2316	-4.627
2317	3.998
2318	2.669
2319	-2.193
2320	2.132
2321	3.154
2322	3.06
2323	6.384
2324	3.192
2325	-2.128
2326	0.2822
2327	-10.05
2328	5.266
2329	1.119
2330	-3.36
2331	-9.216
2332	3.751
2333	1.856
2334	-0.5211
2335	5.901
2336	-5.05
2337	2.161
2338	2.092
2339	-1.099
2340	2.208
2341	-3.648
2342	-0.6882
2343	-1.427
2344	-6.378
2345	-8.028
2346	-8.996
2347	-18.1
2348	0.02472
2349	-8.976
2350	2.316
2351	0.6867
2352	3.295
2353	1.817
2354	-0.38
2355	0.228
2356	2.549
2357	-0.6505
2358	-0.7971
2359	-3.481
2360	-4.337
2361	-1.148
2362	-6.123
2363	1.322
2364	0.756
2365	-1.342
2366	-0.3543
2367	0.2204
2368	2.802
2369	-0.2097
2370	-1.009
2371	0.5991
2372	-8.991
2373	-6.442
2374	0.2721
2375	-11.14
2376	6.526
2377	3.655
2378	-11.46
2379	-4.392
2380	-5.533
2381	-2.306
2382	-0.0167
2383	2.795
2384	-4.021
2385	-12.68
2386	-3.282
2387	-21.24
2388	0.4224
2389	-0.1524
2390	3.672
2391	-1.59
2392	-4.773
2393	0.8201
2394	-8.965
2395	1.144
2396	0.8385
2397	-9.693
2398	-3.795
2399	-3.346
2400	1.363
2401	-1.727
2402	2.094
2403	0.5011
2404	-0.772
2405	1.116
2406	-0.1102
2407	3.099
2408	-6.599
2409	-2.707
2410	5.313
2411	-3.196
2412	-1.903
2413	3.207
2414	-5.757
2415	-3.484
2416	-10.82
2417	-16.43
2418	-6.581
2419	-2.53
2420	5.129
2421	3.569
2422	-6.622
2423	-4.238
2424	-4.891
2425	-7.109
2426	-8.034
2427	-8.137
2428	-1.285
2429	-5.735
2430	7.315
2431	-2.3
2432	-2.82
2433	2.3
2434	-2.855
2435	3.328
2436	-5.346
2437	3.168
2438	-5.145
2439	-1.068
2440	-4.496
2441	0.7411
2442	-0.1457
2443	-0.9535
2444	-0.6694
2445	-4.092
2446	-0.7271
2447	2.66
2448	0.06917
2449	-1.309
2450	-12.41
2451	-1.775
2452	-4.026
2453	0.6961
2454	0.3149
2455	0.3634
2456	1.119
2457	2.191
2458	-1.745
2459	-0.4557
2460	1.037
2461	-0.7698
2462	0.5371
2463	0.7756
2464	3.258
2465	-1.605
2466	1.793
2467	1.478
2468	1.295
2469	-0.4455
2470	-1.119
2471	-7.455
2472	-2.566
2473	-1.312
2474	1.222
2475	-2.586
2476	1.505
2477	-1.988
2478	4.285
2479	-5.724
2480	-8.41
2481	6.268
2482	-7.251
2483	-8.706
2484	-9.796
2485	-4.947
2486	-13.94
2487	-1.077
2488	0.383
2489	0.8948
2490	-0.3568
2491	0.09622
2492	0.2455
2493	-0.04937
2494	0.1294
2495	-0.6529
2496	0.002944
2497	0.1633
2498	-3.171
2499	-4.553
2500	0.1198
2501	1.613
2502	1.279
2503	-1.075
2504	-3.197
2505	1.258
2506	-0.9503
2507	0.8108
2508	-0.06366
2509	0.8278
2510	-3.168
2511	1.298
2512	0.0223
2513	0.6615
2514	0.2336
2515	-1.961
2516	0.5584
2517	-2.001
2518	-4.074
2519	-3.409
2520	0.5265
2521	-6.143
2522	-0.4713
2523	0.6535
2524	-5.687
2525	0.7242
2526	4.866
2527	0.1698
2528	-0.4255
2529	2.264
2530	2.4
2531	0.1579
2532	-0.5253
2533	-0.5971
2534	0.1729
2535	-1.454
2536	-0.2635
2537	0.1324
2538	8.882E-4
2539	-0.7478
2540	0.2569
2541	0.1969
2542	1.556
2543	2.494
2544	-1.331
2545	-1.072
2546	-11.41
2547	1.732
2548	0.4578
2549	1.163
2550	-0.787
2551	0.9142
2552	1.257
2553	0.8754
2554	-0.7815
2555	5.058E-4
2556	-2.479
2557	-2.724
2558	-6.15
2559	-2.71
2560	1.339
2561	-0.01335
2562	-5.992
2563	0.1871
2564	-1.745
2565	0.02035
2566	-0.7152
2567	0.8967
2568	-9.322
2569	0.07622
2570	-1.433
2571	1.964
2572	-0.2607
2573	0.05492
2574	1.29
2575	-8.336
2576	-1.383
2577	0.6305
2578	-0.605
2579	2.463
2580	-9.472
2581	7.296
2582	-0.09329
2583	0.1541
2584	1.847
2585	-0.2988
2586	1.805
2587	1.34
2588	1.995
2589	-8.678
2590	-6.271
2591	-0.7537
2592	-0.9526
2593	-0.1999
2594	-0.004584
2595	0.8351
2596	-3.378
2597	-0.5627
2598	2.085
2599	-0.0982
2600	0.2567
2601	0.3941
2602	1.11
2603	-4.279
2604	1.147
2605	2.57
2606	2.916
2607	-6.227
2608	-2.402
2609	-5.262
2610	5.214
2611	-0.5799
2612	-0.531
2613	1.842
2614	1.467
2615	-1.557
2616	-0.1274
2617	-0.01611
2618	-0.7999
2619	1.497
2620	-2.89
2621	-6.153
2622	-0.3557
2623	3.732
2624	-2.934
2625	1.658
2626	-2.206
2627	-1.854
2628	-4.339
2629	-9.779
2630	0.297
2631	-1.964
2632	0.06404
2633	-0.2522
2634	-12.43
2635	-0.4722
2636	-1.375
2637	3.971
2638	2.811
2639	-5.799
2640	-0.2805
2641	-0.6613
2642	-1.863
2643	0.1468
2644	-1.095
2645	-1.139
2646	-0.004656
2647	-0.06522
2648	-0.5746
2649	0.7019
2650	0.2448
2651	-3.021
2652	-0.6266
2653	-0.5847
2654	-0.08917
2655	0.7824
2656	-0.9064
2657	-1.023
2658	0.1518
2659	0.1271
2660	-5.596
2661	5.686
2662	-1.736
2663	-3.31
2664	-0.1315
2665	-7.717
2666	-0.4661
2667	2.196
2668	1.235
2669	1.89
2670	-0.5277
2671	-0.3224
2672	-1.895
2673	1.068
2674	-1.338
2675	-0.6912
2676	-0.7719
2677	3.064
2678	-1.721
2679	2.37
2680	3.598
2681	0.2761
2682	0.2976
2683	3.392
2684	-1.293
2685	0.6116
2686	0.7987
2687	-0.6839
2688	1.046
2689	-3.275
2690	-4.001
2691	-8.042
2692	0.618
2693	-0.2591
2694	0.6756
2695	-2.253
2696	-0.1312
2697	0.6167
2698	0.1805
2699	0.4105
2700	1.496
2701	-1.2
2702	0.02211
2703	-3.763
2704	-4.407
2705	0.8412
2706	5.993
2707	-2.09
2708	0.6163
2709	-3.19
2710	-3.362
2711	0.3
2712	-0.264
2713	-1.2
2714	-1.972
2715	0.3751
2716	0.4212
2717	-0.2227
2718	-2.108
2719	-3.4
2720	-0.02977
2721	-0.2887
2722	-8.41
2723	-1.248
2724	-3.312
2725	-2.408
2726	5.41
2727	-5.751
2728	-2.326
2729	1.989
2730	3.844
2731	0.7957
2732	0.7802
2733	-7.255
2734	-0.2664
2735	0.2025
2736	0.4459
2737	-3.924
2738	-2.046
2739	2.922
2740	-0.1839
2741	-0.8919
2742	-2.903
2743	-0.07452
2744	-0.2791
2745	0.3227
2746	-0.08605
2747	0.04116
2748	-0.7426
2749	-1.051
2750	-1.33
2751	-0.7559
2752	0.735
2753	-0.4899
2754	-1.407
2755	-2.468
2756	0.02774
2757	-10.31
2758	-3.937
2759	1.232
2760	-2.398
2761	-0.4264
2762	0.2744
2763	0.4828
2764	-0.02789
2765	-0.9327
2766	-6.54
2767	-6.474
2768	-2.889
2769	0.0564
2770	-0.3057
2771	1.875
2772	-3.045
2773	-0.2797
2774	-2.83
2775	-1.251
2776	-2.356
2777	-0.3315
2778	0.8731
2779	-0.5484
2780	-6.045
2781	-3.425
2782	1.117
2783	0.9962
2784	0.1693
2785	0.006328
2786	-0.009499
2787	-3.695
2788	0.06396
2789	-1.537
2790	0.1129
2791	-2.617
2792	-0.1642
2793	0.5166
2794	-1.665
2795	0.3929
2796	0.1207
2797	-2.334
2798	0.7799
2799	-0.006325
2800	-0.3059
2801	-3.48
2802	1.286
2803	-1.504
2804	-2.133
2805	-0.6484
2806	0.1237
2807	0.2861
2808	-0.2205
2809	-1.923
2810	-0.253
2811	-8.062
2812	4.81
2813	-0.006131
2814	-2.209
2815	-0.8976
2816	1.54
2817	-3.101
2818	-10.44
2819	1.3
2820	0.8062
2821	1.312
2822	-4.527
2823	-8.409
2824	-8.173
2825	-3.974
2826	0.2575
2827	-0.9568
2828	0.8952
2829	-3.224
2830	-3.342
2831	2.416
2832	-10.88
2833	-9.535
2834	3.746
2835	0.3413
2836	-3.978
2837	0.5614
2838	-2.115
2839	-2.163
2840	-9.53
2841	1.342
2842	2.492
2843	4.359
2844	-2.583
2845	-14.93
2846	-7.558
2847	-2.818
2848	4.149
2849	4.574
2850	-3.935
2851	-0.9423
2852	-10.05
2853	0.4455
2854	4.572
2855	3.437
2856	-10.89
2857	-12.91
2858	-0.3043
2859	4.329
2860	3.753
2861	0.5416
2862	-5.762
2863	-3.67
2864	-9.18
2865	2.286
2866	0.6618
2867	5.269
2868	-9.405
2869	-7.71
2870	-0.3903
2871	-0.4793
2872	1.287
2873	-4.547
2874	-3.52
2875	0.306
2876	1.394
2877	0.6537
2878	-9.049
2879	-1.455
2880	2.075
2881	-0.07697
2882	2.35
2883	-4.001
2884	-2.181
2885	-0.1046
2886	-2.803
2887	2.402
2888	-8.467
2889	-1.271
2890	-0.7553
2891	0.5145
2892	0.9969
2893	-2.299
2894	-0.2843
2895	0.7933
2896	-3.337
2897	-0.6891
2898	1.499
2899	-0.6784
2900	-2.749
2901	-1.628
2902	-0.1095
2903	-5.985
2904	1.655
2905	1.43
2906	-0.7412
2907	0.5202
2908	-6.435
2909	0.1709
2910	-8.306
2911	0.7988
2912	2.967
2913	-3.001
2914	-9.841
2915	-13.17
2916	7.046
2917	1.864
2918	1.968
2919	2.892
2920	-1.875
2921	3.968
2922	-3.09
2923	-4.876
2924	-8.368
2925	0.7306
2926	4.273
2927	-1.905
2928	-2.623
2929	-0.2975
2930	0.4117
2931	-0.2255
2932	-2.566
2933	-0.9552
2934	0.443
2935	-0.7406
2936	0.04146
2937	0.3569
2938	0.009408
2939	0.02787
2940	1.347
2941	-2.566
2942	-6.164
2943	1.142
2944	2.697
2945	1.759
2946	-3.516
2947	4.928
2948	3.302
2949	0.7144
2950	-0.8763
2951	0.4755
2952	-6.321
2953	0.39
2954	-17.88
2955	-7.559
2956	0.7329
2957	-9.162
2958	0.1043
2959	-0.2737
2960	0.004017
2961	-0.7005
2962	-1.126
2963	-0.5473
2964	-0.07119
2965	-0.5151
2966	-0.117
2967	0.03564
2968	0.03007
2969	-2.935
2970	-0.01482
2971	-1.286
2972	1.93
2973	-0.2207
2974	-3.219
2975	-1.101
2976	0.1726
2977	1.856
2978	-0.3743
2979	0.9091
2980	-3.957
2981	-1.275
2982	-2.887
2983	1.819
2984	4.202
2985	0.4746
2986	1.51
2987	-1.08
2988	1.142
2989	-5.214
2990	-1.971
2991	-6.615
2992	-0.7782
2993	4.813
2994	0.8046
2995	-13.82
2996	-0.6892
2997	2.497
2998	-4.759
2999	0.6291
3000	-3.834
