Model: Multisample Structural Equation Model with Ordered Categorical Variables, M1
Data Set Names:  YO1.dat, YO2.dat, XI1.dat, and XI2.dat, where XI1.dat and XI2.dat are initial values for xi in the groups 1 and 2, respectively.
Sample Sizes: N1=338 and N2=247
Constraint: No constraints

There are two groups: group 1 and group 2. We choose group 1 as the reference group.

Data Set
list(N1=338, N2=247, P=26, 
	R=structure(
		.Data=c(8.0, 0.0, 0.0, 0.0,
                    0.0, 8.0, 0.0, 0.0,
                    0.0, 0.0, 8.0, 0.0,
                    0.0, 0.0, 0.0, 8.0),
		.Dim=c(4,4)),
	thd=structure(
	      .Data=c(-200.000,-2.517,-1.245,-0.444, 0.848,200.000,
-200.000,-1.447,-0.420, 0.119, 1.245,200.000,
-200.000,-1.671,-0.869,-0.194, 0.679,200.000,
-200.000,-1.642,-0.869,-0.293, 0.332,200.000,
-200.000,-1.671,-0.827, 0.052, 0.756,200.000,
-200.000,-1.769,-1.098,-0.469, 0.255,200.000,
-200.000,-1.490,-0.670,-0.082, 0.880,200.000,
-200.000,-1.933,-0.880,-0.317, 1.008,200.000,
-200.000,-1.587,-0.624, 0.000, 1.008,200.000,
-200.000,-1.983,-1.348,-0.348, 1.045,200.000,
-200.000,-1.983,-1.229,-0.247, 0.869,200.000,
-200.000,-2.262,-1.426, 0.037, 1.330,200.000,
-200.000,-2.371,-1.295,-0.224, 0.651,200.000,
-200.000,-2.039,-1.112,-0.149, 1.169,200.000,
-200.000,-2.262,-1.198,-0.309, 1.198,200.000,
-200.000,-2.176,-1.537,-0.717, 0.597,200.000,
-200.000,-1.447,-0.786, 0.119, 1.008,200.000,
-200.000,-2.039,-1.769,-0.661, 0.642,200.000,
-200.000,-2.262,-1.468, 0.015, 1.214,200.000,
-200.000,-2.039,-1.406, 0.000, 1.140,200.000,
-200.000,-1.702,-1.058, 0.149, 0.902,200.000,
-200.000,-2.262,-1.426,-0.309, 0.971,200.000,
-200.000,-1.702,-0.615, 0.179, 1.229,200.000,
-200.000,-2.262,-1.671,-1.033, 0.420,200.000,
-200.000,-2.262,-1.468,-0.689, 1.045,200.000,
-200.000,-2.176,-1.537,-0.880, 0.661,200.000),
	      .Dim=c(26,6)),
	z1=structure(
		.Data=c(paste YO1.dat here),
		.Dim=c(338,26)),
	z2=structure(
		.Data=c(paste YO2.dat here),
		.Dim=c(247,26)))

		

Init 1
list(
	mu.y1=c(0.0, 0.0, 0.0, 0.0, 0.0, 0.0, 0.0, 0.0, 0.0, 0.0, 0.0, 0.0, 0.0, 0.0, 0.0, 0.0, 0.0, 0.0, 0.0, 0.0, 0.0,0.0,0.0,0.0,0.0,0.0),
	lam1=c(0.0, 0.0, 0.0, 0.0, 0.0, 0.0, 0.0, 0.0, 0.0, 0.0, 0.0, 0.0, 0.0, 0.0, 0.0, 0.0, 0.0, 0.0, 0.0, 0.0, 0.0),
	psi1=c(1.0, 1.0, 1.0, 1.0, 1.0, 1.0, 1.0, 1.0, 1.0, 1.0, 1.0, 1.0, 1.0, 1.0, 1.0, 1.0, 1.0, 1.0, 1.0, 1.0, 1.0, 1.0, 1.0, 1.0, 1.0, 1.0),
	psd1=1.0,
	gam1=c(1.0, 1.0, 1.0, 1.0),
	phi1=structure(
		.Data=c(1.0, 0.0, 0.0, 0.0, 
		             0.0, 1.0, 0.0, 0.0,
		             0.0, 0.0, 1.0, 0.0,
		             0.0, 0.0, 0.0, 1.0),
		.Dim=c(4,4)),
	mu.y2=c(0.0, 0.0, 0.0, 0.0, 0.0, 0.0, 0.0, 0.0, 0.0, 0.0, 0.0, 0.0, 0.0, 0.0, 0.0, 0.0, 0.0, 0.0, 0.0, 0.0, 0.0,0.0,0.0,0.0,0.0,0.0),
	lam2=c(0.0, 0.0, 0.0, 0.0, 0.0, 0.0, 0.0, 0.0, 0.0, 0.0, 0.0, 0.0, 0.0, 0.0, 0.0, 0.0, 0.0, 0.0, 0.0, 0.0, 0.0),
	psi2=c(1.0, 1.0, 1.0, 1.0, 1.0, 1.0, 1.0, 1.0, 1.0, 1.0, 1.0, 1.0, 1.0, 1.0, 1.0, 1.0, 1.0, 1.0, 1.0, 1.0, 1.0, 1.0, 1.0, 1.0, 1.0, 1.0),
	psd2=1.0,
	gam2=c(1.0, 1.0, 1.0, 1.0),
	phi2=structure(
		.Data=c(1.0, 0.0, 0.0, 0.0, 
		             0.0, 1.0, 0.0, 0.0,
		             0.0, 0.0, 1.0, 0.0,
		             0.0, 0.0, 0.0, 1.0),
		.Dim=c(4,4)),
	xi1=structure(
		.Data=c(paste XI1.dat here),
		.Dim=c(338,4)),
	xi2=structure(
		.Data=c(paste XI2.dat here),
		.Dim=c(247,4)))



Init 2
list(
	mu.y1=c(0.5, 0.5, 0.5, 0.5, 0.5, 0.5, 0.5, 0.5, 0.5, 0.5, 0.5, 0.5, 0.5, 0.5, 0.5, 0.5, 0.5, 0.5, 0.5, 0.5, 0.5,0.5,0.5,0.5,0.5,0.5),
	lam1=c(0.5, 0.5, 0.5, 0.5, 0.5, 0.5, 0.5, 0.5, 0.5, 0.5, 0.5, 0.5, 0.5, 0.5, 0.5, 0.5, 0.5, 0.5, 0.5, 0.5, 0.5),
	psi1=c(0.5, 0.5, 0.5, 0.5, 0.5, 0.5, 0.5, 0.5, 0.5, 0.5, 0.5, 0.5, 0.5, 0.5, 0.5, 0.5, 0.5, 0.5, 0.5, 0.5, 0.5, 0.5, 0.5, 0.5, 0.5, 0.5),
	psd1=0.6,
	gam1=c(0.0, 0.0, 0.0, 0.0),
	phi1=structure(
		.Data=c(0.5, 0.0, 0.0, 0.0, 
		             0.0, 0.5, 0.0, 0.0,
		             0.0, 0.0, 0.5, 0.0,
		             0.0, 0.0, 0.0, 0.5),
		.Dim=c(4,4)),
	mu.y2=c(0.5, 0.5, 0.5, 0.5, 0.5, 0.5, 0.5, 0.5, 0.5, 0.5, 0.5, 0.5, 0.5, 0.5, 0.5, 0.5, 0.5, 0.5, 0.5, 0.5, 0.5,0.5,0.5,0.5,0.5,0.5),
	lam2=c(0.5, 0.5, 0.5, 0.5, 0.5, 0.5, 0.5, 0.5, 0.5, 0.5, 0.5, 0.5, 0.5, 0.5, 0.5, 0.5, 0.5, 0.5, 0.5, 0.5, 0.5),
	psi2=c(0.5, 0.5, 0.5, 0.5, 0.5, 0.5, 0.5, 0.5, 0.5, 0.5, 0.5, 0.5, 0.5, 0.5, 0.5, 0.5, 0.5, 0.5, 0.5, 0.5, 0.5, 0.5, 0.5, 0.5, 0.5, 0.5),
	psd2=0.6,
	gam2=c(0.0, 0.0, 0.0, 0.0),
	phi2=structure(
		.Data=c(0.5, 0.0, 0.0, 0.0, 
		             0.0, 0.5, 0.0, 0.0,
		             0.0, 0.0, 0.5, 0.0,
		             0.0, 0.0, 0.0, 0.5),
		.Dim=c(4,4)),
	xi1=structure(
		.Data=c(paste XI1.dat here),
		.Dim=c(338,4)),
	xi2=structure(
		.Data=c(paste XI2.dat here),
		.Dim=c(247,4)))
