1001	8515.0
1002	8493.0
1003	8446.0
1004	8504.0
1005	8428.0
1006	8459.0
1007	8381.0
1008	8410.0
1009	8495.0
1010	8479.0
1011	8573.0
1012	8546.0
1013	8453.0
1014	8425.0
1015	8408.0
1016	8499.0
1017	8406.0
1018	8492.0
1019	8407.0
1020	8546.0
1021	8522.0
1022	8437.0
1023	8451.0
1024	8527.0
1025	8484.0
1026	8463.0
1027	8453.0
1028	8464.0
1029	8467.0
1030	8547.0
1031	8562.0
1032	8531.0
1033	8523.0
1034	8447.0
1035	8449.0
1036	8532.0
1037	8546.0
1038	8439.0
1039	8536.0
1040	8531.0
1041	8508.0
1042	8430.0
1043	8504.0
1044	8565.0
1045	8498.0
1046	8529.0
1047	8561.0
1048	8590.0
1049	8497.0
1050	8500.0
1051	8454.0
1052	8530.0
1053	8480.0
1054	8543.0
1055	8510.0
1056	8553.0
1057	8501.0
1058	8521.0
1059	8568.0
1060	8516.0
1061	8486.0
1062	8465.0
1063	8588.0
1064	8596.0
1065	8569.0
1066	8477.0
1067	8542.0
1068	8517.0
1069	8487.0
1070	8449.0
1071	8393.0
1072	8528.0
1073	8523.0
1074	8516.0
1075	8402.0
1076	8436.0
1077	8565.0
1078	8679.0
1079	8619.0
1080	8578.0
1081	8540.0
1082	8509.0
1083	8532.0
1084	8495.0
1085	8554.0
1086	8487.0
1087	8575.0
1088	8561.0
1089	8628.0
1090	8663.0
1091	8609.0
1092	8681.0
1093	8604.0
1094	8572.0
1095	8582.0
1096	8586.0
1097	8563.0
1098	8577.0
1099	8455.0
1100	8474.0
1101	8514.0
1102	8562.0
1103	8527.0
1104	8568.0
1105	8556.0
1106	8488.0
1107	8616.0
1108	8649.0
1109	8576.0
1110	8601.0
1111	8610.0
1112	8610.0
1113	8597.0
1114	8521.0
1115	8541.0
1116	8577.0
1117	8567.0
1118	8561.0
1119	8562.0
1120	8542.0
1121	8516.0
1122	8582.0
1123	8536.0
1124	8630.0
1125	8623.0
1126	8617.0
1127	8523.0
1128	8530.0
1129	8493.0
1130	8531.0
1131	8589.0
1132	8598.0
1133	8495.0
1134	8483.0
1135	8561.0
1136	8575.0
1137	8593.0
1138	8485.0
1139	8520.0
1140	8524.0
1141	8505.0
1142	8471.0
1143	8485.0
1144	8455.0
1145	8457.0
1146	8559.0
1147	8564.0
1148	8586.0
1149	8515.0
1150	8414.0
1151	8480.0
1152	8636.0
1153	8624.0
1154	8625.0
1155	8679.0
1156	8690.0
1157	8711.0
1158	8719.0
1159	8619.0
1160	8638.0
1161	8553.0
1162	8485.0
1163	8537.0
1164	8639.0
1165	8680.0
1166	8642.0
1167	8556.0
1168	8625.0
1169	8545.0
1170	8528.0
1171	8489.0
1172	8528.0
1173	8495.0
1174	8520.0
1175	8539.0
1176	8445.0
1177	8531.0
1178	8587.0
1179	8539.0
1180	8499.0
1181	8424.0
1182	8515.0
1183	8487.0
1184	8480.0
1185	8466.0
1186	8560.0
1187	8523.0
1188	8558.0
1189	8571.0
1190	8551.0
1191	8659.0
1192	8679.0
1193	8599.0
1194	8548.0
1195	8520.0
1196	8411.0
1197	8425.0
1198	8434.0
1199	8362.0
1200	8308.0
1201	8412.0
1202	8491.0
1203	8498.0
1204	8479.0
1205	8482.0
1206	8451.0
1207	8426.0
1208	8400.0
1209	8394.0
1210	8453.0
1211	8397.0
1212	8432.0
1213	8454.0
1214	8439.0
1215	8401.0
1216	8402.0
1217	8411.0
1218	8510.0
1219	8450.0
1220	8508.0
1221	8482.0
1222	8482.0
1223	8511.0
1224	8506.0
1225	8517.0
1226	8505.0
1227	8614.0
1228	8541.0
1229	8511.0
1230	8468.0
1231	8527.0
1232	8535.0
1233	8455.0
1234	8508.0
1235	8457.0
1236	8478.0
1237	8454.0
1238	8499.0
1239	8581.0
1240	8578.0
1241	8597.0
1242	8603.0
1243	8535.0
1244	8592.0
1245	8577.0
1246	8573.0
1247	8574.0
1248	8629.0
1249	8560.0
1250	8530.0
1251	8623.0
1252	8482.0
1253	8507.0
1254	8532.0
1255	8454.0
1256	8425.0
1257	8472.0
1258	8433.0
1259	8591.0
1260	8590.0
1261	8593.0
1262	8536.0
1263	8529.0
1264	8499.0
1265	8485.0
1266	8505.0
1267	8497.0
1268	8495.0
1269	8445.0
1270	8470.0
1271	8487.0
1272	8455.0
1273	8369.0
1274	8395.0
1275	8432.0
1276	8477.0
1277	8453.0
1278	8536.0
1279	8538.0
1280	8529.0
1281	8566.0
1282	8509.0
1283	8436.0
1284	8467.0
1285	8500.0
1286	8566.0
1287	8562.0
1288	8509.0
1289	8485.0
1290	8515.0
1291	8458.0
1292	8380.0
1293	8353.0
1294	8395.0
1295	8455.0
1296	8343.0
1297	8359.0
1298	8461.0
1299	8365.0
1300	8480.0
1301	8442.0
1302	8411.0
1303	8449.0
1304	8434.0
1305	8430.0
1306	8434.0
1307	8460.0
1308	8502.0
1309	8427.0
1310	8458.0
1311	8466.0
1312	8541.0
1313	8520.0
1314	8480.0
1315	8555.0
1316	8601.0
1317	8538.0
1318	8541.0
1319	8504.0
1320	8525.0
1321	8500.0
1322	8541.0
1323	8526.0
1324	8484.0
1325	8352.0
1326	8426.0
1327	8450.0
1328	8471.0
1329	8500.0
1330	8500.0
1331	8492.0
1332	8625.0
1333	8450.0
1334	8358.0
1335	8374.0
1336	8320.0
1337	8402.0
1338	8462.0
1339	8516.0
1340	8469.0
1341	8586.0
1342	8534.0
1343	8633.0
1344	8544.0
1345	8404.0
1346	8458.0
1347	8476.0
1348	8527.0
1349	8472.0
1350	8527.0
1351	8464.0
1352	8460.0
1353	8433.0
1354	8387.0
1355	8444.0
1356	8407.0
1357	8421.0
1358	8454.0
1359	8530.0
1360	8457.0
1361	8440.0
1362	8473.0
1363	8527.0
1364	8605.0
1365	8568.0
1366	8625.0
1367	8590.0
1368	8500.0
1369	8462.0
1370	8467.0
1371	8518.0
1372	8473.0
1373	8507.0
1374	8566.0
1375	8652.0
1376	8501.0
1377	8559.0
1378	8493.0
1379	8518.0
1380	8520.0
1381	8544.0
1382	8478.0
1383	8466.0
1384	8519.0
1385	8496.0
1386	8525.0
1387	8527.0
1388	8485.0
1389	8548.0
1390	8483.0
1391	8516.0
1392	8499.0
1393	8470.0
1394	8436.0
1395	8439.0
1396	8462.0
1397	8417.0
1398	8532.0
1399	8577.0
1400	8504.0
1401	8525.0
1402	8589.0
1403	8608.0
1404	8577.0
1405	8482.0
1406	8517.0
1407	8509.0
1408	8496.0
1409	8515.0
1410	8483.0
1411	8625.0
1412	8612.0
1413	8578.0
1414	8543.0
1415	8606.0
1416	8540.0
1417	8523.0
1418	8489.0
1419	8574.0
1420	8548.0
1421	8478.0
1422	8463.0
1423	8453.0
1424	8357.0
1425	8446.0
1426	8518.0
1427	8535.0
1428	8559.0
1429	8519.0
1430	8414.0
1431	8447.0
1432	8469.0
1433	8516.0
1434	8428.0
1435	8469.0
1436	8401.0
1437	8490.0
1438	8471.0
1439	8430.0
1440	8503.0
1441	8504.0
1442	8573.0
1443	8549.0
1444	8567.0
1445	8436.0
1446	8404.0
1447	8432.0
1448	8463.0
1449	8478.0
1450	8525.0
1451	8490.0
1452	8503.0
1453	8555.0
1454	8595.0
1455	8553.0
1456	8550.0
1457	8520.0
1458	8518.0
1459	8485.0
1460	8533.0
1461	8384.0
1462	8459.0
1463	8470.0
1464	8469.0
1465	8373.0
1466	8331.0
1467	8371.0
1468	8348.0
1469	8307.0
1470	8413.0
1471	8389.0
1472	8331.0
1473	8392.0
1474	8466.0
1475	8410.0
1476	8384.0
1477	8431.0
1478	8458.0
1479	8464.0
1480	8458.0
1481	8466.0
1482	8415.0
1483	8409.0
1484	8422.0
1485	8431.0
1486	8423.0
1487	8492.0
1488	8474.0
1489	8495.0
1490	8500.0
1491	8626.0
1492	8622.0
1493	8672.0
1494	8583.0
1495	8597.0
1496	8562.0
1497	8558.0
1498	8576.0
1499	8533.0
1500	8518.0
1501	8548.0
1502	8586.0
1503	8554.0
1504	8500.0
1505	8474.0
1506	8517.0
1507	8497.0
1508	8578.0
1509	8474.0
1510	8470.0
1511	8534.0
1512	8502.0
1513	8464.0
1514	8441.0
1515	8403.0
1516	8438.0
1517	8467.0
1518	8557.0
1519	8539.0
1520	8499.0
1521	8462.0
1522	8507.0
1523	8568.0
1524	8428.0
1525	8520.0
1526	8523.0
1527	8570.0
1528	8582.0
1529	8545.0
1530	8522.0
1531	8485.0
1532	8533.0
1533	8523.0
1534	8508.0
1535	8563.0
1536	8512.0
1537	8557.0
1538	8526.0
1539	8504.0
1540	8579.0
1541	8421.0
1542	8530.0
1543	8582.0
1544	8560.0
1545	8533.0
1546	8586.0
1547	8633.0
1548	8695.0
1549	8657.0
1550	8695.0
1551	8652.0
1552	8686.0
1553	8613.0
1554	8657.0
1555	8574.0
1556	8522.0
1557	8460.0
1558	8496.0
1559	8546.0
1560	8536.0
1561	8474.0
1562	8525.0
1563	8548.0
1564	8552.0
1565	8532.0
1566	8600.0
1567	8607.0
1568	8696.0
1569	8570.0
1570	8511.0
1571	8574.0
1572	8476.0
1573	8579.0
1574	8554.0
1575	8578.0
1576	8566.0
1577	8512.0
1578	8465.0
1579	8505.0
1580	8510.0
1581	8487.0
1582	8478.0
1583	8335.0
1584	8469.0
1585	8482.0
1586	8501.0
1587	8511.0
1588	8445.0
1589	8545.0
1590	8583.0
1591	8566.0
1592	8487.0
1593	8536.0
1594	8417.0
1595	8388.0
1596	8330.0
1597	8334.0
1598	8314.0
1599	8336.0
1600	8382.0
1601	8406.0
1602	8440.0
1603	8426.0
1604	8454.0
1605	8427.0
1606	8441.0
1607	8462.0
1608	8477.0
1609	8435.0
1610	8568.0
1611	8609.0
1612	8539.0
1613	8577.0
1614	8472.0
1615	8495.0
1616	8471.0
1617	8549.0
1618	8630.0
1619	8596.0
1620	8561.0
1621	8491.0
1622	8487.0
1623	8462.0
1624	8511.0
1625	8499.0
1626	8461.0
1627	8378.0
1628	8453.0
1629	8485.0
1630	8480.0
1631	8577.0
1632	8532.0
1633	8451.0
1634	8515.0
1635	8543.0
1636	8557.0
1637	8548.0
1638	8597.0
1639	8560.0
1640	8673.0
1641	8610.0
1642	8681.0
1643	8625.0
1644	8560.0
1645	8542.0
1646	8490.0
1647	8538.0
1648	8445.0
1649	8513.0
1650	8498.0
1651	8465.0
1652	8437.0
1653	8442.0
1654	8433.0
1655	8467.0
1656	8492.0
1657	8512.0
1658	8474.0
1659	8532.0
1660	8500.0
1661	8588.0
1662	8623.0
1663	8597.0
1664	8401.0
1665	8456.0
1666	8532.0
1667	8564.0
1668	8572.0
1669	8459.0
1670	8462.0
1671	8472.0
1672	8473.0
1673	8501.0
1674	8426.0
1675	8437.0
1676	8445.0
1677	8409.0
1678	8460.0
1679	8458.0
1680	8476.0
1681	8379.0
1682	8411.0
1683	8426.0
1684	8392.0
1685	8403.0
1686	8435.0
1687	8424.0
1688	8405.0
1689	8460.0
1690	8427.0
1691	8494.0
1692	8536.0
1693	8553.0
1694	8515.0
1695	8513.0
1696	8566.0
1697	8502.0
1698	8464.0
1699	8472.0
1700	8413.0
1701	8570.0
1702	8467.0
1703	8423.0
1704	8517.0
1705	8535.0
1706	8561.0
1707	8523.0
1708	8540.0
1709	8536.0
1710	8536.0
1711	8534.0
1712	8469.0
1713	8407.0
1714	8483.0
1715	8442.0
1716	8437.0
1717	8518.0
1718	8486.0
1719	8478.0
1720	8456.0
1721	8467.0
1722	8462.0
1723	8492.0
1724	8499.0
1725	8509.0
1726	8541.0
1727	8440.0
1728	8463.0
1729	8518.0
1730	8518.0
1731	8456.0
1732	8463.0
1733	8470.0
1734	8477.0
1735	8474.0
1736	8542.0
1737	8562.0
1738	8544.0
1739	8622.0
1740	8615.0
1741	8593.0
1742	8602.0
1743	8610.0
1744	8593.0
1745	8550.0
1746	8570.0
1747	8516.0
1748	8476.0
1749	8513.0
1750	8438.0
1751	8402.0
1752	8399.0
1753	8526.0
1754	8584.0
1755	8661.0
1756	8637.0
1757	8524.0
1758	8530.0
1759	8600.0
1760	8631.0
1761	8624.0
1762	8553.0
1763	8645.0
1764	8590.0
1765	8551.0
1766	8551.0
1767	8564.0
1768	8501.0
1769	8532.0
1770	8504.0
1771	8538.0
1772	8549.0
1773	8527.0
1774	8552.0
1775	8525.0
1776	8506.0
1777	8512.0
1778	8531.0
1779	8529.0
1780	8516.0
1781	8486.0
1782	8576.0
1783	8516.0
1784	8487.0
1785	8576.0
1786	8622.0
1787	8597.0
1788	8573.0
1789	8644.0
1790	8565.0
1791	8576.0
1792	8545.0
1793	8603.0
1794	8522.0
1795	8516.0
1796	8445.0
1797	8524.0
1798	8499.0
1799	8557.0
1800	8620.0
1801	8606.0
1802	8593.0
1803	8637.0
1804	8586.0
1805	8642.0
1806	8586.0
1807	8621.0
1808	8675.0
1809	8559.0
1810	8596.0
1811	8584.0
1812	8576.0
1813	8648.0
1814	8566.0
1815	8563.0
1816	8530.0
1817	8584.0
1818	8557.0
1819	8453.0
1820	8524.0
1821	8523.0
1822	8523.0
1823	8526.0
1824	8477.0
1825	8444.0
1826	8450.0
1827	8433.0
1828	8460.0
1829	8395.0
1830	8388.0
1831	8414.0
1832	8442.0
1833	8513.0
1834	8506.0
1835	8593.0
1836	8525.0
1837	8529.0
1838	8542.0
1839	8421.0
1840	8479.0
1841	8618.0
1842	8542.0
1843	8512.0
1844	8537.0
1845	8500.0
1846	8513.0
1847	8564.0
1848	8568.0
1849	8580.0
1850	8600.0
1851	8687.0
1852	8703.0
1853	8638.0
1854	8626.0
1855	8547.0
1856	8518.0
1857	8585.0
1858	8579.0
1859	8556.0
1860	8608.0
1861	8626.0
1862	8476.0
1863	8504.0
1864	8469.0
1865	8423.0
1866	8497.0
1867	8491.0
1868	8514.0
1869	8576.0
1870	8606.0
1871	8621.0
1872	8611.0
1873	8687.0
1874	8685.0
1875	8634.0
1876	8640.0
1877	8612.0
1878	8602.0
1879	8588.0
1880	8560.0
1881	8638.0
1882	8635.0
1883	8546.0
1884	8545.0
1885	8371.0
1886	8269.0
1887	8368.0
1888	8318.0
1889	8364.0
1890	8407.0
1891	8351.0
1892	8454.0
1893	8513.0
1894	8466.0
1895	8529.0
1896	8585.0
1897	8495.0
1898	8436.0
1899	8486.0
1900	8469.0
1901	8456.0
1902	8473.0
1903	8527.0
1904	8478.0
1905	8446.0
1906	8428.0
1907	8373.0
1908	8471.0
1909	8419.0
1910	8430.0
1911	8442.0
1912	8428.0
1913	8433.0
1914	8478.0
1915	8451.0
1916	8436.0
1917	8431.0
1918	8514.0
1919	8528.0
1920	8460.0
1921	8469.0
1922	8533.0
1923	8529.0
1924	8496.0
1925	8483.0
1926	8539.0
1927	8629.0
1928	8697.0
1929	8710.0
1930	8659.0
1931	8597.0
1932	8544.0
1933	8528.0
1934	8484.0
1935	8513.0
1936	8481.0
1937	8489.0
1938	8488.0
1939	8417.0
1940	8520.0
1941	8427.0
1942	8445.0
1943	8488.0
1944	8453.0
1945	8537.0
1946	8499.0
1947	8430.0
1948	8471.0
1949	8524.0
1950	8528.0
1951	8552.0
1952	8444.0
1953	8530.0
1954	8438.0
1955	8520.0
1956	8589.0
1957	8515.0
1958	8488.0
1959	8515.0
1960	8567.0
1961	8501.0
1962	8513.0
1963	8574.0
1964	8587.0
1965	8602.0
1966	8582.0
1967	8544.0
1968	8580.0
1969	8549.0
1970	8516.0
1971	8497.0
1972	8569.0
1973	8600.0
1974	8502.0
1975	8502.0
1976	8436.0
1977	8428.0
1978	8437.0
1979	8461.0
1980	8580.0
1981	8556.0
1982	8577.0
1983	8475.0
1984	8467.0
1985	8445.0
1986	8469.0
1987	8451.0
1988	8402.0
1989	8402.0
1990	8360.0
1991	8485.0
1992	8470.0
1993	8400.0
1994	8377.0
1995	8460.0
1996	8505.0
1997	8430.0
1998	8586.0
1999	8575.0
2000	8523.0
2001	8599.0
2002	8542.0
2003	8560.0
2004	8512.0
2005	8597.0
2006	8633.0
2007	8661.0
2008	8594.0
2009	8588.0
2010	8593.0
2011	8561.0
2012	8529.0
2013	8545.0
2014	8523.0
2015	8451.0
2016	8502.0
2017	8406.0
2018	8412.0
2019	8417.0
2020	8390.0
2021	8431.0
2022	8375.0
2023	8378.0
2024	8347.0
2025	8434.0
2026	8453.0
2027	8353.0
2028	8447.0
2029	8455.0
2030	8369.0
2031	8318.0
2032	8490.0
2033	8431.0
2034	8391.0
2035	8379.0
2036	8374.0
2037	8313.0
2038	8407.0
2039	8459.0
2040	8429.0
2041	8426.0
2042	8391.0
2043	8515.0
2044	8463.0
2045	8563.0
2046	8554.0
2047	8579.0
2048	8616.0
2049	8565.0
2050	8454.0
2051	8429.0
2052	8447.0
2053	8472.0
2054	8462.0
2055	8555.0
2056	8557.0
2057	8574.0
2058	8472.0
2059	8578.0
2060	8522.0
2061	8507.0
2062	8523.0
2063	8490.0
2064	8470.0
2065	8459.0
2066	8530.0
2067	8562.0
2068	8498.0
2069	8508.0
2070	8465.0
2071	8424.0
2072	8518.0
2073	8440.0
2074	8503.0
2075	8530.0
2076	8580.0
2077	8462.0
2078	8455.0
2079	8426.0
2080	8543.0
2081	8378.0
2082	8415.0
2083	8464.0
2084	8445.0
2085	8531.0
2086	8502.0
2087	8487.0
2088	8557.0
2089	8499.0
2090	8458.0
2091	8446.0
2092	8513.0
2093	8450.0
2094	8459.0
2095	8481.0
2096	8580.0
2097	8564.0
2098	8523.0
2099	8514.0
2100	8662.0
2101	8588.0
2102	8652.0
2103	8686.0
2104	8591.0
2105	8565.0
2106	8577.0
2107	8567.0
2108	8535.0
2109	8390.0
2110	8468.0
2111	8393.0
2112	8475.0
2113	8529.0
2114	8514.0
2115	8489.0
2116	8540.0
2117	8556.0
2118	8581.0
2119	8578.0
2120	8564.0
2121	8501.0
2122	8473.0
2123	8417.0
2124	8371.0
2125	8517.0
2126	8508.0
2127	8456.0
2128	8570.0
2129	8611.0
2130	8530.0
2131	8562.0
2132	8522.0
2133	8539.0
2134	8541.0
2135	8537.0
2136	8508.0
2137	8561.0
2138	8525.0
2139	8536.0
2140	8676.0
2141	8653.0
2142	8585.0
2143	8588.0
2144	8600.0
2145	8627.0
2146	8697.0
2147	8715.0
2148	8695.0
2149	8672.0
2150	8559.0
2151	8519.0
2152	8521.0
2153	8533.0
2154	8482.0
2155	8522.0
2156	8519.0
2157	8464.0
2158	8499.0
2159	8476.0
2160	8444.0
2161	8474.0
2162	8515.0
2163	8475.0
2164	8514.0
2165	8582.0
2166	8474.0
2167	8512.0
2168	8425.0
2169	8507.0
2170	8688.0
2171	8647.0
2172	8660.0
2173	8520.0
2174	8461.0
2175	8509.0
2176	8512.0
2177	8536.0
2178	8557.0
2179	8472.0
2180	8408.0
2181	8471.0
2182	8520.0
2183	8543.0
2184	8527.0
2185	8568.0
2186	8542.0
2187	8544.0
2188	8548.0
2189	8441.0
2190	8654.0
2191	8663.0
2192	8562.0
2193	8578.0
2194	8579.0
2195	8610.0
2196	8599.0
2197	8620.0
2198	8580.0
2199	8658.0
2200	8616.0
2201	8598.0
2202	8559.0
2203	8547.0
2204	8643.0
2205	8603.0
2206	8541.0
2207	8596.0
2208	8558.0
2209	8494.0
2210	8590.0
2211	8573.0
2212	8638.0
2213	8533.0
2214	8621.0
2215	8567.0
2216	8616.0
2217	8598.0
2218	8608.0
2219	8552.0
2220	8448.0
2221	8489.0
2222	8533.0
2223	8548.0
2224	8540.0
2225	8451.0
2226	8496.0
2227	8571.0
2228	8461.0
2229	8460.0
2230	8518.0
2231	8529.0
2232	8507.0
2233	8480.0
2234	8469.0
2235	8515.0
2236	8497.0
2237	8522.0
2238	8622.0
2239	8597.0
2240	8664.0
2241	8548.0
2242	8499.0
2243	8485.0
2244	8460.0
2245	8477.0
2246	8456.0
2247	8506.0
2248	8526.0
2249	8553.0
2250	8500.0
2251	8553.0
2252	8583.0
2253	8531.0
2254	8550.0
2255	8556.0
2256	8529.0
2257	8543.0
2258	8552.0
2259	8595.0
2260	8546.0
2261	8570.0
2262	8499.0
2263	8478.0
2264	8490.0
2265	8496.0
2266	8431.0
2267	8432.0
2268	8511.0
2269	8509.0
2270	8543.0
2271	8457.0
2272	8483.0
2273	8557.0
2274	8576.0
2275	8593.0
2276	8603.0
2277	8518.0
2278	8569.0
2279	8495.0
2280	8503.0
2281	8517.0
2282	8466.0
2283	8536.0
2284	8440.0
2285	8564.0
2286	8519.0
2287	8523.0
2288	8547.0
2289	8512.0
2290	8453.0
2291	8520.0
2292	8483.0
2293	8493.0
2294	8489.0
2295	8491.0
2296	8514.0
2297	8465.0
2298	8544.0
2299	8517.0
2300	8432.0
2301	8404.0
2302	8431.0
2303	8450.0
2304	8462.0
2305	8494.0
2306	8517.0
2307	8499.0
2308	8503.0
2309	8410.0
2310	8385.0
2311	8350.0
2312	8422.0
2313	8367.0
2314	8433.0
2315	8365.0
2316	8439.0
2317	8405.0
2318	8450.0
2319	8535.0
2320	8457.0
2321	8484.0
2322	8504.0
2323	8541.0
2324	8520.0
2325	8618.0
2326	8596.0
2327	8522.0
2328	8422.0
2329	8459.0
2330	8408.0
2331	8485.0
2332	8459.0
2333	8516.0
2334	8473.0
2335	8540.0
2336	8518.0
2337	8527.0
2338	8517.0
2339	8487.0
2340	8464.0
2341	8532.0
2342	8522.0
2343	8474.0
2344	8451.0
2345	8434.0
2346	8429.0
2347	8436.0
2348	8455.0
2349	8483.0
2350	8438.0
2351	8455.0
2352	8410.0
2353	8440.0
2354	8360.0
2355	8385.0
2356	8390.0
2357	8461.0
2358	8473.0
2359	8482.0
2360	8385.0
2361	8421.0
2362	8469.0
2363	8480.0
2364	8525.0
2365	8647.0
2366	8581.0
2367	8522.0
2368	8640.0
2369	8508.0
2370	8514.0
2371	8574.0
2372	8552.0
2373	8609.0
2374	8631.0
2375	8601.0
2376	8693.0
2377	8645.0
2378	8706.0
2379	8632.0
2380	8687.0
2381	8698.0
2382	8748.0
2383	8676.0
2384	8676.0
2385	8530.0
2386	8518.0
2387	8575.0
2388	8475.0
2389	8497.0
2390	8605.0
2391	8551.0
2392	8512.0
2393	8434.0
2394	8393.0
2395	8409.0
2396	8427.0
2397	8371.0
2398	8445.0
2399	8535.0
2400	8495.0
2401	8500.0
2402	8507.0
2403	8500.0
2404	8524.0
2405	8490.0
2406	8482.0
2407	8493.0
2408	8436.0
2409	8360.0
2410	8380.0
2411	8383.0
2412	8318.0
2413	8371.0
2414	8368.0
2415	8436.0
2416	8414.0
2417	8444.0
2418	8501.0
2419	8491.0
2420	8434.0
2421	8525.0
2422	8502.0
2423	8516.0
2424	8538.0
2425	8580.0
2426	8548.0
2427	8503.0
2428	8472.0
2429	8396.0
2430	8544.0
2431	8562.0
2432	8529.0
2433	8502.0
2434	8538.0
2435	8519.0
2436	8473.0
2437	8402.0
2438	8492.0
2439	8500.0
2440	8490.0
2441	8575.0
2442	8596.0
2443	8516.0
2444	8420.0
2445	8496.0
2446	8483.0
2447	8483.0
2448	8577.0
2449	8589.0
2450	8520.0
2451	8550.0
2452	8534.0
2453	8432.0
2454	8462.0
2455	8473.0
2456	8559.0
2457	8608.0
2458	8672.0
2459	8684.0
2460	8582.0
2461	8548.0
2462	8571.0
2463	8499.0
2464	8460.0
2465	8483.0
2466	8459.0
2467	8429.0
2468	8444.0
2469	8455.0
2470	8471.0
2471	8517.0
2472	8438.0
2473	8404.0
2474	8346.0
2475	8335.0
2476	8327.0
2477	8381.0
2478	8367.0
2479	8446.0
2480	8378.0
2481	8403.0
2482	8393.0
2483	8443.0
2484	8389.0
2485	8466.0
2486	8460.0
2487	8378.0
2488	8414.0
2489	8428.0
2490	8489.0
2491	8458.0
2492	8474.0
2493	8416.0
2494	8436.0
2495	8420.0
2496	8443.0
2497	8468.0
2498	8506.0
2499	8668.0
2500	8582.0
2501	8525.0
2502	8434.0
2503	8508.0
2504	8388.0
2505	8422.0
2506	8429.0
2507	8454.0
2508	8492.0
2509	8607.0
2510	8484.0
2511	8498.0
2512	8616.0
2513	8530.0
2514	8489.0
2515	8510.0
2516	8499.0
2517	8477.0
2518	8556.0
2519	8484.0
2520	8494.0
2521	8459.0
2522	8394.0
2523	8440.0
2524	8449.0
2525	8360.0
2526	8466.0
2527	8462.0
2528	8419.0
2529	8363.0
2530	8402.0
2531	8421.0
2532	8484.0
2533	8439.0
2534	8442.0
2535	8466.0
2536	8526.0
2537	8497.0
2538	8495.0
2539	8483.0
2540	8475.0
2541	8522.0
2542	8478.0
2543	8467.0
2544	8446.0
2545	8480.0
2546	8430.0
2547	8485.0
2548	8507.0
2549	8576.0
2550	8560.0
2551	8510.0
2552	8493.0
2553	8559.0
2554	8452.0
2555	8464.0
2556	8501.0
2557	8469.0
2558	8476.0
2559	8461.0
2560	8443.0
2561	8432.0
2562	8434.0
2563	8440.0
2564	8499.0
2565	8502.0
2566	8500.0
2567	8529.0
2568	8455.0
2569	8398.0
2570	8458.0
2571	8447.0
2572	8452.0
2573	8449.0
2574	8444.0
2575	8437.0
2576	8420.0
2577	8486.0
2578	8493.0
2579	8511.0
2580	8489.0
2581	8361.0
2582	8463.0
2583	8368.0
2584	8410.0
2585	8523.0
2586	8597.0
2587	8688.0
2588	8626.0
2589	8490.0
2590	8553.0
2591	8443.0
2592	8470.0
2593	8547.0
2594	8467.0
2595	8426.0
2596	8480.0
2597	8530.0
2598	8501.0
2599	8475.0
2600	8544.0
2601	8566.0
2602	8527.0
2603	8577.0
2604	8571.0
2605	8532.0
2606	8523.0
2607	8601.0
2608	8554.0
2609	8542.0
2610	8559.0
2611	8551.0
2612	8531.0
2613	8468.0
2614	8508.0
2615	8496.0
2616	8517.0
2617	8473.0
2618	8486.0
2619	8496.0
2620	8516.0
2621	8566.0
2622	8521.0
2623	8536.0
2624	8557.0
2625	8509.0
2626	8531.0
2627	8586.0
2628	8572.0
2629	8424.0
2630	8442.0
2631	8415.0
2632	8355.0
2633	8433.0
2634	8546.0
2635	8607.0
2636	8555.0
2637	8497.0
2638	8437.0
2639	8478.0
2640	8464.0
2641	8451.0
2642	8484.0
2643	8567.0
2644	8579.0
2645	8567.0
2646	8535.0
2647	8545.0
2648	8536.0
2649	8551.0
2650	8584.0
2651	8513.0
2652	8559.0
2653	8529.0
2654	8471.0
2655	8527.0
2656	8482.0
2657	8579.0
2658	8661.0
2659	8679.0
2660	8636.0
2661	8658.0
2662	8648.0
2663	8564.0
2664	8503.0
2665	8554.0
2666	8580.0
2667	8566.0
2668	8545.0
2669	8575.0
2670	8623.0
2671	8606.0
2672	8662.0
2673	8643.0
2674	8554.0
2675	8525.0
2676	8532.0
2677	8531.0
2678	8502.0
2679	8511.0
2680	8512.0
2681	8470.0
2682	8503.0
2683	8437.0
2684	8543.0
2685	8635.0
2686	8605.0
2687	8560.0
2688	8567.0
2689	8490.0
2690	8541.0
2691	8545.0
2692	8444.0
2693	8429.0
2694	8406.0
2695	8444.0
2696	8410.0
2697	8449.0
2698	8432.0
2699	8354.0
2700	8403.0
2701	8496.0
2702	8481.0
2703	8481.0
2704	8446.0
2705	8447.0
2706	8393.0
2707	8392.0
2708	8450.0
2709	8563.0
2710	8419.0
2711	8444.0
2712	8506.0
2713	8504.0
2714	8585.0
2715	8621.0
2716	8607.0
2717	8598.0
2718	8556.0
2719	8530.0
2720	8574.0
2721	8596.0
2722	8600.0
2723	8551.0
2724	8529.0
2725	8563.0
2726	8544.0
2727	8418.0
2728	8468.0
2729	8510.0
2730	8457.0
2731	8394.0
2732	8411.0
2733	8457.0
2734	8428.0
2735	8468.0
2736	8508.0
2737	8513.0
2738	8571.0
2739	8591.0
2740	8498.0
2741	8549.0
2742	8531.0
2743	8485.0
2744	8421.0
2745	8489.0
2746	8535.0
2747	8484.0
2748	8468.0
2749	8482.0
2750	8564.0
2751	8499.0
2752	8452.0
2753	8494.0
2754	8472.0
2755	8484.0
2756	8571.0
2757	8520.0
2758	8482.0
2759	8452.0
2760	8507.0
2761	8474.0
2762	8562.0
2763	8472.0
2764	8504.0
2765	8540.0
2766	8499.0
2767	8445.0
2768	8468.0
2769	8331.0
2770	8367.0
2771	8365.0
2772	8379.0
2773	8436.0
2774	8407.0
2775	8484.0
2776	8440.0
2777	8414.0
2778	8337.0
2779	8448.0
2780	8398.0
2781	8451.0
2782	8610.0
2783	8464.0
2784	8596.0
2785	8561.0
2786	8556.0
2787	8457.0
2788	8494.0
2789	8452.0
2790	8534.0
2791	8620.0
2792	8603.0
2793	8638.0
2794	8653.0
2795	8589.0
2796	8646.0
2797	8591.0
2798	8603.0
2799	8608.0
2800	8608.0
2801	8614.0
2802	8630.0
2803	8580.0
2804	8589.0
2805	8594.0
2806	8542.0
2807	8545.0
2808	8408.0
2809	8460.0
2810	8420.0
2811	8463.0
2812	8413.0
2813	8499.0
2814	8473.0
2815	8420.0
2816	8423.0
2817	8305.0
2818	8459.0
2819	8433.0
2820	8444.0
2821	8422.0
2822	8525.0
2823	8587.0
2824	8648.0
2825	8592.0
2826	8555.0
2827	8627.0
2828	8655.0
2829	8607.0
2830	8623.0
2831	8584.0
2832	8585.0
2833	8561.0
2834	8690.0
2835	8584.0
2836	8627.0
2837	8611.0
2838	8578.0
2839	8609.0
2840	8588.0
2841	8527.0
2842	8591.0
2843	8541.0
2844	8567.0
2845	8544.0
2846	8518.0
2847	8500.0
2848	8517.0
2849	8552.0
2850	8446.0
2851	8544.0
2852	8603.0
2853	8551.0
2854	8555.0
2855	8488.0
2856	8609.0
2857	8591.0
2858	8589.0
2859	8619.0
2860	8525.0
2861	8504.0
2862	8576.0
2863	8496.0
2864	8529.0
2865	8525.0
2866	8482.0
2867	8520.0
2868	8505.0
2869	8582.0
2870	8536.0
2871	8557.0
2872	8520.0
2873	8553.0
2874	8577.0
2875	8559.0
2876	8569.0
2877	8542.0
2878	8480.0
2879	8480.0
2880	8535.0
2881	8402.0
2882	8508.0
2883	8509.0
2884	8369.0
2885	8329.0
2886	8460.0
2887	8451.0
2888	8437.0
2889	8448.0
2890	8535.0
2891	8575.0
2892	8517.0
2893	8537.0
2894	8561.0
2895	8526.0
2896	8454.0
2897	8535.0
2898	8523.0
2899	8546.0
2900	8627.0
2901	8592.0
2902	8608.0
2903	8588.0
2904	8490.0
2905	8492.0
2906	8602.0
2907	8597.0
2908	8542.0
2909	8553.0
2910	8549.0
2911	8526.0
2912	8600.0
2913	8605.0
2914	8681.0
2915	8658.0
2916	8599.0
2917	8551.0
2918	8486.0
2919	8420.0
2920	8395.0
2921	8455.0
2922	8557.0
2923	8583.0
2924	8563.0
2925	8489.0
2926	8453.0
2927	8427.0
2928	8432.0
2929	8524.0
2930	8482.0
2931	8503.0
2932	8533.0
2933	8473.0
2934	8493.0
2935	8479.0
2936	8506.0
2937	8536.0
2938	8444.0
2939	8488.0
2940	8543.0
2941	8537.0
2942	8590.0
2943	8532.0
2944	8517.0
2945	8509.0
2946	8576.0
2947	8554.0
2948	8549.0
2949	8517.0
2950	8533.0
2951	8556.0
2952	8514.0
2953	8485.0
2954	8392.0
2955	8428.0
2956	8362.0
2957	8314.0
2958	8436.0
2959	8437.0
2960	8484.0
2961	8449.0
2962	8481.0
2963	8441.0
2964	8432.0
2965	8486.0
2966	8488.0
2967	8521.0
2968	8509.0
2969	8522.0
2970	8594.0
2971	8512.0
2972	8536.0
2973	8601.0
2974	8491.0
2975	8593.0
2976	8600.0
2977	8678.0
2978	8592.0
2979	8537.0
2980	8526.0
2981	8537.0
2982	8578.0
2983	8572.0
2984	8596.0
2985	8590.0
2986	8562.0
2987	8583.0
2988	8559.0
2989	8573.0
2990	8511.0
2991	8547.0
2992	8523.0
2993	8473.0
2994	8419.0
2995	8427.0
2996	8473.0
2997	8450.0
2998	8472.0
2999	8514.0
3000	8560.0
1001	-12.99
1002	31.85
1003	-13.84
1004	10.48
1005	8.864
1006	2.929
1007	-8.123
1008	9.591
1009	-5.803
1010	4.69
1011	-13.72
1012	-17.46
1013	-45.91
1014	2.987
1015	1.969
1016	37.63
1017	16.28
1018	-1.907
1019	-26.53
1020	-27.45
1021	17.21
1022	-38.41
1023	-2.526
1024	24.69
1025	23.61
1026	7.589
1027	22.57
1028	-25.66
1029	-5.318
1030	1.168
1031	4.477
1032	-14.25
1033	2.498
1034	-19.25
1035	-10.16
1036	-28.51
1037	-10.96
1038	-3.868
1039	7.257
1040	14.93
1041	-19.73
1042	-18.26
1043	-0.5884
1044	-11.78
1045	-25.12
1046	-43.86
1047	-32.6
1048	-5.027
1049	-36.75
1050	-9.691
1051	16.86
1052	-10.76
1053	-8.023
1054	9.131
1055	-17.6
1056	-2.132
1057	-14.28
1058	-11.87
1059	1.628
1060	9.323
1061	-14.15
1062	5.456
1063	-32.17
1064	5.407
1065	18.93
1066	28.49
1067	-6.547
1068	-38.16
1069	21.47
1070	-15.13
1071	2.484
1072	11.14
1073	33.79
1074	-31.93
1075	-32.48
1076	-10.03
1077	-17.97
1078	-3.716
1079	11.04
1080	16.65
1081	7.757
1082	5.277
1083	13.69
1084	1.994
1085	-11.64
1086	9.79
1087	-7.546
1088	-21.61
1089	24.4
1090	15.93
1091	26.06
1092	9.625
1093	11.85
1094	24.97
1095	-20.38
1096	-55.21
1097	8.822
1098	-6.224
1099	-5.11
1100	-15.0
1101	-5.382
1102	28.23
1103	0.4939
1104	-16.4
1105	6.262
1106	21.36
1107	21.39
1108	25.28
1109	-27.88
1110	-40.41
1111	-6.061
1112	-24.13
1113	-30.99
1114	-17.81
1115	-10.12
1116	-12.87
1117	25.9
1118	-1.558
1119	-28.02
1120	-23.58
1121	29.76
1122	-41.9
1123	-53.05
1124	-4.329
1125	3.11
1126	-43.76
1127	-50.5
1128	-60.27
1129	-46.8
1130	-39.73
1131	-2.294
1132	9.841
1133	10.76
1134	16.36
1135	6.623
1136	24.46
1137	36.49
1138	-5.445
1139	-22.85
1140	16.03
1141	-14.24
1142	6.381
1143	27.47
1144	15.34
1145	13.17
1146	-12.27
1147	36.9
1148	-12.39
1149	-11.24
1150	-19.09
1151	7.032
1152	8.701
1153	-5.168
1154	-3.585
1155	-28.28
1156	-12.94
1157	3.287
1158	-6.502
1159	-14.91
1160	-6.742
1161	-19.5
1162	14.23
1163	5.015
1164	21.95
1165	-1.415
1166	-31.27
1167	3.386
1168	19.22
1169	0.5652
1170	-0.5687
1171	15.24
1172	-12.08
1173	-13.02
1174	10.52
1175	-24.41
1176	-1.971
1177	9.358
1178	10.62
1179	-19.4
1180	-18.52
1181	12.18
1182	-29.84
1183	-24.46
1184	-6.255
1185	7.147
1186	23.27
1187	-4.205
1188	0.5442
1189	14.12
1190	10.34
1191	36.07
1192	45.5
1193	12.13
1194	23.63
1195	-17.83
1196	9.434
1197	-17.32
1198	-2.108
1199	11.03
1200	38.61
1201	1.981
1202	11.66
1203	29.42
1204	-10.4
1205	-25.48
1206	7.083
1207	-10.25
1208	4.773
1209	14.93
1210	-23.95
1211	-3.483
1212	-1.121
1213	-2.536
1214	9.151
1215	-5.064
1216	-20.49
1217	-29.06
1218	45.6
1219	-41.88
1220	-10.44
1221	-49.67
1222	-4.283
1223	-26.51
1224	2.478
1225	0.6277
1226	-22.8
1227	-10.15
1228	6.796
1229	-15.84
1230	-12.37
1231	20.91
1232	-18.89
1233	17.31
1234	-20.07
1235	8.384
1236	6.377
1237	21.31
1238	0.1518
1239	15.66
1240	8.096
1241	20.25
1242	-12.4
1243	21.84
1244	-31.16
1245	1.796
1246	-14.68
1247	-37.8
1248	-19.56
1249	-10.22
1250	-11.75
1251	7.772
1252	-3.117
1253	-23.73
1254	-18.7
1255	-9.779
1256	11.73
1257	-3.719
1258	13.39
1259	-21.08
1260	2.116
1261	-12.04
1262	-5.197
1263	-38.6
1264	-5.132
1265	24.9
1266	3.437
1267	30.76
1268	-7.357
1269	-13.42
1270	-8.245
1271	-23.3
1272	7.345
1273	20.89
1274	18.87
1275	6.242
1276	7.287
1277	14.73
1278	24.48
1279	-3.195
1280	14.01
1281	3.343
1282	15.09
1283	-23.62
1284	14.65
1285	2.674
1286	6.959
1287	-15.68
1288	27.78
1289	6.899
1290	-14.9
1291	-16.68
1292	-3.575
1293	22.51
1294	19.54
1295	-25.69
1296	-11.67
1297	-27.71
1298	-13.16
1299	-56.8
1300	-10.0
1301	-17.75
1302	-16.02
1303	11.23
1304	11.97
1305	14.91
1306	-17.14
1307	-10.33
1308	4.926
1309	2.511
1310	16.81
1311	-8.544
1312	-14.54
1313	-5.643
1314	-30.18
1315	-21.41
1316	-11.37
1317	-11.34
1318	-0.2728
1319	-7.939
1320	-26.45
1321	10.26
1322	-1.045
1323	-1.988
1324	-13.2
1325	36.81
1326	35.2
1327	6.576
1328	18.48
1329	-10.45
1330	7.939
1331	7.936
1332	24.32
1333	-8.316
1334	30.32
1335	1.061
1336	-8.897
1337	9.405
1338	4.494
1339	26.8
1340	17.5
1341	6.443
1342	-24.14
1343	17.18
1344	24.54
1345	-14.88
1346	13.92
1347	16.76
1348	4.909
1349	-3.461
1350	33.6
1351	-3.043
1352	-5.476
1353	19.04
1354	10.43
1355	9.967
1356	-1.427
1357	-47.71
1358	-2.499
1359	8.183
1360	9.18
1361	9.363
1362	-10.09
1363	-13.51
1364	17.5
1365	0.5392
1366	-50.52
1367	-8.051
1368	-14.32
1369	21.45
1370	34.22
1371	5.702
1372	-3.655
1373	8.512
1374	-7.055
1375	0.5946
1376	-23.9
1377	1.446
1378	20.98
1379	-7.152
1380	-1.423
1381	-4.486
1382	12.88
1383	13.95
1384	21.14
1385	40.03
1386	9.135
1387	-15.63
1388	-5.125
1389	-8.477
1390	-24.94
1391	7.594
1392	3.045
1393	12.61
1394	25.64
1395	1.442
1396	9.252
1397	-17.87
1398	9.665
1399	-3.531
1400	16.54
1401	30.44
1402	21.98
1403	-28.81
1404	-4.586
1405	-5.132
1406	-11.64
1407	16.73
1408	5.856
1409	-7.352
1410	-15.22
1411	-42.87
1412	-3.236
1413	13.24
1414	-11.67
1415	12.36
1416	10.19
1417	-8.698
1418	-1.825
1419	15.21
1420	-28.41
1421	-34.61
1422	20.33
1423	-6.89
1424	-21.98
1425	9.436
1426	6.336
1427	-1.277
1428	-9.46
1429	4.837
1430	18.3
1431	18.41
1432	25.96
1433	33.06
1434	-30.84
1435	-18.71
1436	-2.861
1437	2.581
1438	6.611
1439	-7.884
1440	24.07
1441	15.68
1442	-32.21
1443	4.559
1444	3.084
1445	-6.022
1446	-24.87
1447	25.36
1448	-3.299
1449	-23.28
1450	24.72
1451	-48.99
1452	-20.93
1453	12.05
1454	-32.55
1455	-22.57
1456	-33.08
1457	-20.0
1458	13.07
1459	24.79
1460	-24.32
1461	-43.28
1462	21.5
1463	5.159
1464	14.46
1465	-1.018
1466	-11.27
1467	3.139
1468	-51.7
1469	-10.99
1470	20.0
1471	19.12
1472	11.23
1473	28.41
1474	-5.193
1475	3.01
1476	0.3558
1477	-1.512
1478	31.35
1479	-20.82
1480	26.72
1481	-10.5
1482	3.286
1483	-2.513
1484	11.86
1485	-17.13
1486	-22.45
1487	-4.847
1488	0.1866
1489	-0.8999
1490	7.641
1491	23.1
1492	0.5369
1493	-7.582
1494	5.841
1495	-9.404
1496	-17.01
1497	-17.15
1498	42.15
1499	12.21
1500	5.617
1501	-4.817
1502	-48.79
1503	-4.463
1504	12.64
1505	-36.71
1506	-22.47
1507	11.41
1508	-8.847
1509	8.555
1510	9.61
1511	-14.68
1512	-13.76
1513	11.13
1514	1.8
1515	20.91
1516	-16.92
1517	-14.56
1518	-20.15
1519	4.344
1520	20.46
1521	12.04
1522	8.892
1523	15.18
1524	-47.81
1525	-10.64
1526	23.05
1527	-15.37
1528	-20.55
1529	-9.319
1530	-9.62
1531	-38.81
1532	21.17
1533	3.479
1534	-0.2281
1535	13.26
1536	-12.2
1537	1.359
1538	8.476
1539	-2.449
1540	-27.52
1541	10.49
1542	-31.35
1543	4.763
1544	11.94
1545	13.69
1546	-49.72
1547	6.194
1548	-14.49
1549	-24.41
1550	-50.15
1551	-0.149
1552	9.943
1553	0.9603
1554	30.1
1555	-64.43
1556	-25.44
1557	7.014
1558	10.57
1559	17.71
1560	17.26
1561	1.515
1562	3.942
1563	7.1
1564	14.15
1565	17.42
1566	16.62
1567	-11.4
1568	-12.9
1569	7.844
1570	-8.523
1571	13.08
1572	16.7
1573	-7.69
1574	-68.66
1575	38.36
1576	18.74
1577	6.595
1578	32.3
1579	13.84
1580	-38.85
1581	5.99
1582	17.69
1583	28.84
1584	-24.86
1585	-9.309
1586	7.605
1587	-25.48
1588	10.79
1589	19.0
1590	27.87
1591	2.261
1592	8.436
1593	0.9744
1594	10.82
1595	-13.78
1596	13.38
1597	3.898
1598	22.59
1599	9.69
1600	21.4
1601	7.722
1602	-13.57
1603	-6.425
1604	-10.71
1605	-15.94
1606	-22.93
1607	4.638
1608	18.76
1609	-14.29
1610	-4.616
1611	-2.492
1612	0.491
1613	-4.111
1614	11.26
1615	-2.478
1616	9.278
1617	-17.63
1618	-33.55
1619	9.492
1620	-11.87
1621	-46.08
1622	25.27
1623	7.851
1624	12.52
1625	9.994
1626	32.2
1627	0.1187
1628	35.24
1629	26.5
1630	-6.058
1631	14.83
1632	9.928
1633	15.87
1634	6.898
1635	-18.9
1636	-3.755
1637	-12.73
1638	11.7
1639	-14.73
1640	-13.94
1641	-0.3636
1642	7.634
1643	-10.28
1644	-11.67
1645	-14.29
1646	-9.893
1647	-15.33
1648	11.6
1649	-22.16
1650	27.05
1651	13.5
1652	17.49
1653	19.19
1654	9.897
1655	-7.996
1656	-33.77
1657	18.44
1658	-3.969
1659	26.55
1660	-51.64
1661	14.98
1662	-16.65
1663	5.759
1664	-11.2
1665	29.13
1666	33.75
1667	20.52
1668	9.657
1669	8.138
1670	-35.08
1671	-23.21
1672	3.533
1673	11.36
1674	-20.31
1675	24.64
1676	22.52
1677	-22.43
1678	-23.11
1679	-25.08
1680	-14.95
1681	-8.749
1682	32.75
1683	27.89
1684	6.454
1685	-1.624
1686	33.63
1687	26.7
1688	-8.813
1689	-42.75
1690	-27.06
1691	-31.31
1692	4.689
1693	-2.427
1694	-21.92
1695	12.26
1696	35.29
1697	-7.861
1698	-6.524
1699	-21.83
1700	10.97
1701	9.696
1702	-2.041
1703	10.92
1704	32.25
1705	-0.3114
1706	11.81
1707	-0.0859
1708	-31.02
1709	8.75
1710	-6.091
1711	2.647
1712	-20.91
1713	-3.06
1714	22.67
1715	-6.848
1716	-10.85
1717	12.9
1718	-1.224
1719	20.61
1720	4.397
1721	17.37
1722	24.84
1723	20.27
1724	11.31
1725	11.86
1726	26.57
1727	2.878
1728	-13.29
1729	10.08
1730	17.18
1731	3.683
1732	8.427
1733	-12.39
1734	4.027
1735	22.1
1736	8.548
1737	30.04
1738	10.68
1739	33.78
1740	-20.1
1741	4.606
1742	-18.2
1743	-25.52
1744	-3.27
1745	-45.97
1746	4.837
1747	-18.18
1748	16.54
1749	-12.64
1750	-10.02
1751	13.1
1752	16.65
1753	-7.389
1754	12.45
1755	20.67
1756	-15.07
1757	-7.72
1758	-16.14
1759	-34.12
1760	-13.68
1761	-19.35
1762	-16.32
1763	38.98
1764	1.67
1765	-37.75
1766	-19.85
1767	5.22
1768	0.1285
1769	-12.47
1770	-41.57
1771	1.926
1772	-15.74
1773	-32.1
1774	-38.43
1775	18.13
1776	-25.5
1777	-4.107
1778	4.092
1779	-12.33
1780	18.01
1781	19.83
1782	-27.94
1783	-3.255
1784	-10.42
1785	-18.01
1786	4.681
1787	-13.66
1788	-17.95
1789	39.58
1790	-13.55
1791	-12.23
1792	1.877
1793	7.052
1794	-0.8308
1795	25.11
1796	26.91
1797	8.025
1798	33.0
1799	17.4
1800	-1.556
1801	-34.66
1802	31.79
1803	1.526
1804	-11.51
1805	0.1406
1806	-15.95
1807	21.35
1808	22.05
1809	24.72
1810	-19.57
1811	-11.0
1812	14.97
1813	6.199
1814	-11.11
1815	11.22
1816	15.14
1817	42.87
1818	20.81
1819	8.403
1820	3.025
1821	-11.93
1822	-8.25
1823	-0.3818
1824	0.1284
1825	15.64
1826	-5.178
1827	14.85
1828	-27.58
1829	-23.42
1830	-62.61
1831	1.652
1832	-28.53
1833	-21.46
1834	-19.16
1835	-10.08
1836	-21.94
1837	-8.525
1838	-18.43
1839	-77.08
1840	-10.76
1841	-2.066
1842	11.48
1843	-4.878
1844	2.38
1845	7.769
1846	-28.47
1847	-13.83
1848	-3.216
1849	-25.66
1850	42.09
1851	3.5
1852	-43.53
1853	-16.91
1854	0.7153
1855	-12.62
1856	-20.76
1857	-7.607
1858	6.251
1859	0.516
1860	9.126
1861	6.893
1862	-12.83
1863	-20.59
1864	8.671
1865	-10.5
1866	14.41
1867	-24.73
1868	23.89
1869	20.86
1870	-8.186
1871	-31.59
1872	-33.04
1873	-9.432
1874	10.98
1875	6.898
1876	-22.25
1877	10.03
1878	4.931
1879	12.9
1880	-25.78
1881	-22.62
1882	19.19
1883	-29.23
1884	12.83
1885	-4.519
1886	14.22
1887	-17.7
1888	18.43
1889	-1.559
1890	16.5
1891	-1.493
1892	23.48
1893	21.75
1894	26.93
1895	16.78
1896	-43.7
1897	-5.161
1898	2.758
1899	18.22
1900	-20.09
1901	-23.73
1902	-5.294
1903	28.78
1904	-16.22
1905	3.411
1906	4.791
1907	17.13
1908	-0.5235
1909	-33.79
1910	-17.12
1911	-27.76
1912	12.0
1913	5.218
1914	-36.95
1915	-6.598
1916	14.94
1917	-6.16
1918	-40.64
1919	21.5
1920	-10.83
1921	0.002766
1922	13.2
1923	-28.33
1924	7.637
1925	21.06
1926	-1.266
1927	1.891
1928	17.57
1929	-2.709
1930	-24.3
1931	0.8379
1932	-19.22
1933	14.3
1934	-14.87
1935	-10.55
1936	-12.2
1937	16.22
1938	18.68
1939	-5.184
1940	-8.006
1941	25.08
1942	-10.2
1943	-6.773
1944	-14.31
1945	-8.985
1946	-25.04
1947	-34.67
1948	2.705
1949	-22.92
1950	21.45
1951	6.301
1952	21.09
1953	28.18
1954	29.11
1955	-65.76
1956	-6.175
1957	-2.427
1958	-9.633
1959	-51.27
1960	-38.68
1961	-13.31
1962	-28.18
1963	-23.23
1964	17.64
1965	19.58
1966	2.495
1967	-16.96
1968	-20.34
1969	-18.15
1970	-47.11
1971	-5.111
1972	25.37
1973	17.08
1974	-6.333
1975	-27.89
1976	-13.41
1977	-33.74
1978	-12.37
1979	2.514
1980	28.7
1981	9.207
1982	1.731
1983	-11.59
1984	26.53
1985	12.57
1986	33.4
1987	-0.2902
1988	-28.53
1989	-9.772
1990	12.55
1991	-19.66
1992	4.51
1993	12.73
1994	8.183
1995	-10.94
1996	-14.54
1997	-17.23
1998	-5.273
1999	-25.59
2000	-14.94
2001	-25.32
2002	11.15
2003	-0.1252
2004	21.2
2005	12.98
2006	10.91
2007	-24.06
2008	-19.67
2009	-19.79
2010	-11.68
2011	-8.14
2012	-9.538
2013	-5.137
2014	13.28
2015	-4.104
2016	5.278
2017	11.39
2018	22.7
2019	15.97
2020	51.4
2021	16.81
2022	16.12
2023	13.91
2024	-4.646
2025	9.805
2026	12.75
2027	26.39
2028	-13.28
2029	-2.872
2030	-22.29
2031	18.22
2032	8.948
2033	-10.3
2034	14.02
2035	-6.821
2036	25.63
2037	0.1641
2038	-0.6606
2039	15.67
2040	13.68
2041	9.076
2042	-12.26
2043	31.79
2044	-0.7511
2045	-25.08
2046	-2.307
2047	7.081
2048	-27.85
2049	-10.68
2050	-13.84
2051	18.31
2052	22.32
2053	29.03
2054	-37.2
2055	17.88
2056	21.28
2057	-35.77
2058	-22.44
2059	16.79
2060	-1.758
2061	16.31
2062	33.56
2063	-5.867
2064	-6.088
2065	6.284
2066	-35.99
2067	-18.58
2068	-12.78
2069	5.499
2070	6.12
2071	13.02
2072	-14.11
2073	-11.6
2074	-25.76
2075	18.39
2076	-8.1
2077	21.16
2078	32.96
2079	4.992
2080	-20.93
2081	-52.93
2082	-23.33
2083	-9.704
2084	-13.5
2085	-6.551
2086	-21.17
2087	14.03
2088	10.85
2089	-10.29
2090	-55.16
2091	-8.944
2092	22.32
2093	13.32
2094	19.2
2095	-10.02
2096	13.34
2097	6.41
2098	36.78
2099	-0.4374
2100	16.99
2101	-5.446
2102	-27.34
2103	-16.24
2104	17.67
2105	1.008
2106	20.13
2107	1.886
2108	-3.846
2109	18.53
2110	23.5
2111	17.53
2112	17.22
2113	19.9
2114	-28.7
2115	-2.825
2116	-2.023
2117	-0.7752
2118	6.574
2119	12.53
2120	-0.7983
2121	-31.91
2122	8.938
2123	-5.798
2124	6.179
2125	14.3
2126	-8.471
2127	-8.1
2128	4.862
2129	-3.221
2130	11.84
2131	7.802
2132	26.12
2133	14.99
2134	-65.63
2135	-29.14
2136	-7.471
2137	22.62
2138	-39.0
2139	-32.2
2140	15.28
2141	23.61
2142	-6.774
2143	-18.88
2144	11.13
2145	2.633
2146	25.33
2147	-10.08
2148	23.81
2149	30.9
2150	12.39
2151	-4.682
2152	-6.246
2153	-41.61
2154	6.55
2155	23.42
2156	1.605
2157	33.59
2158	-7.763
2159	-18.12
2160	4.973
2161	5.078
2162	-32.99
2163	23.07
2164	13.8
2165	20.38
2166	12.15
2167	-35.19
2168	-3.46
2169	20.31
2170	-5.224
2171	-19.73
2172	-16.93
2173	-7.146
2174	21.29
2175	13.37
2176	2.029
2177	-9.14
2178	-4.227
2179	-7.093
2180	18.25
2181	30.3
2182	-42.39
2183	-1.734
2184	14.4
2185	-10.32
2186	-0.5891
2187	20.51
2188	-24.34
2189	12.88
2190	10.47
2191	16.28
2192	-49.22
2193	1.562
2194	-10.44
2195	37.65
2196	29.61
2197	-16.77
2198	-16.23
2199	-7.683
2200	19.68
2201	-15.19
2202	-26.56
2203	-1.832
2204	-45.95
2205	-48.51
2206	-37.76
2207	-6.959
2208	-26.98
2209	13.42
2210	-12.69
2211	4.078
2212	7.643
2213	5.574
2214	32.88
2215	6.483
2216	-14.93
2217	15.74
2218	-39.53
2219	5.091
2220	6.937
2221	-22.02
2222	-15.16
2223	-10.41
2224	-2.955
2225	11.8
2226	-9.46
2227	-30.75
2228	10.27
2229	0.6822
2230	24.18
2231	12.86
2232	-21.77
2233	25.71
2234	-1.343
2235	10.44
2236	-3.342
2237	6.536
2238	4.304
2239	9.539
2240	-9.114
2241	3.63
2242	-0.4691
2243	17.63
2244	11.36
2245	-8.452
2246	14.42
2247	15.48
2248	1.675
2249	-13.49
2250	-40.71
2251	-2.427
2252	-37.91
2253	13.1
2254	-3.969
2255	4.946
2256	-36.33
2257	-30.4
2258	32.53
2259	-13.34
2260	-12.03
2261	-12.01
2262	-2.238
2263	-5.438
2264	-9.708
2265	-22.03
2266	-8.13
2267	10.68
2268	7.692
2269	14.7
2270	-1.724
2271	11.05
2272	16.18
2273	6.672
2274	-21.35
2275	-12.07
2276	-17.45
2277	3.188
2278	-3.394
2279	-10.78
2280	-16.13
2281	8.537
2282	16.61
2283	-17.66
2284	-16.5
2285	18.41
2286	-26.85
2287	11.22
2288	-10.91
2289	-7.31
2290	20.17
2291	-19.25
2292	7.966
2293	-32.53
2294	-4.467
2295	-34.19
2296	-15.08
2297	-7.333
2298	3.797
2299	21.23
2300	-24.48
2301	-8.265
2302	9.68
2303	17.65
2304	-13.58
2305	18.25
2306	14.21
2307	-4.698
2308	-23.41
2309	-3.831
2310	-3.29
2311	-5.956
2312	-14.33
2313	10.4
2314	-31.08
2315	-0.5072
2316	-8.749
2317	0.2258
2318	3.234
2319	-0.4846
2320	4.253
2321	-2.503
2322	3.782
2323	0.8224
2324	-4.089
2325	2.02
2326	-13.76
2327	-35.23
2328	-11.43
2329	-25.28
2330	9.382
2331	-1.635
2332	-16.19
2333	4.493
2334	26.74
2335	14.97
2336	2.744
2337	-0.4568
2338	20.47
2339	-11.02
2340	4.073
2341	11.92
2342	24.63
2343	0.1365
2344	-15.13
2345	2.959
2346	-22.34
2347	-0.473
2348	-26.95
2349	-2.683
2350	-13.37
2351	36.81
2352	4.051
2353	-20.82
2354	-44.97
2355	-8.622
2356	-71.7
2357	-4.881
2358	8.793
2359	30.29
2360	-5.773
2361	-9.101
2362	24.42
2363	-28.19
2364	12.83
2365	13.68
2366	-27.21
2367	-26.64
2368	-22.06
2369	12.36
2370	5.327
2371	24.78
2372	18.62
2373	3.996
2374	7.43
2375	7.845
2376	7.97
2377	9.378
2378	-2.202
2379	10.03
2380	-17.4
2381	-10.32
2382	-30.08
2383	-38.34
2384	-15.31
2385	18.82
2386	-36.01
2387	-45.57
2388	-23.11
2389	-0.6985
2390	-10.88
2391	1.941
2392	12.45
2393	3.249
2394	25.83
2395	32.38
2396	-13.66
2397	-17.34
2398	17.67
2399	-3.607
2400	-13.24
2401	-14.41
2402	6.801
2403	-23.96
2404	30.6
2405	26.75
2406	-6.45
2407	-6.2
2408	19.48
2409	33.93
2410	11.73
2411	20.48
2412	5.163
2413	13.82
2414	23.12
2415	-8.321
2416	25.1
2417	-1.639
2418	-42.84
2419	2.676
2420	-14.68
2421	-5.144
2422	30.35
2423	17.16
2424	22.87
2425	-23.12
2426	-3.713
2427	-25.46
2428	21.68
2429	-7.181
2430	16.09
2431	-9.602
2432	12.07
2433	19.76
2434	14.58
2435	31.6
2436	4.661
2437	-14.61
2438	-15.76
2439	-29.02
2440	-16.55
2441	-13.16
2442	-22.62
2443	7.687
2444	-18.86
2445	-20.86
2446	12.27
2447	-11.21
2448	-7.236
2449	-26.37
2450	-0.6731
2451	-4.906
2452	-13.61
2453	-11.51
2454	-35.55
2455	-17.3
2456	-22.97
2457	-18.5
2458	-52.86
2459	31.92
2460	-2.559
2461	38.68
2462	-26.48
2463	7.359
2464	-7.675
2465	-9.065
2466	-30.63
2467	-12.44
2468	-1.349
2469	-4.944
2470	19.74
2471	4.849
2472	7.997
2473	1.377
2474	-31.37
2475	25.43
2476	-29.27
2477	-16.6
2478	-2.155
2479	-30.07
2480	16.33
2481	0.4828
2482	-25.95
2483	-9.576
2484	-15.14
2485	28.62
2486	-18.13
2487	5.469
2488	-14.4
2489	-20.06
2490	-0.768
2491	-15.11
2492	4.537
2493	-23.59
2494	26.68
2495	21.29
2496	14.02
2497	-19.77
2498	16.4
2499	-3.315
2500	-2.642
2501	32.15
2502	-3.626
2503	14.68
2504	27.54
2505	10.34
2506	11.71
2507	20.04
2508	-1.499
2509	0.6788
2510	16.02
2511	16.91
2512	-19.88
2513	28.86
2514	0.6272
2515	-4.849
2516	4.21
2517	-21.87
2518	4.851
2519	-8.203
2520	-20.3
2521	-3.737
2522	18.12
2523	11.49
2524	25.32
2525	-25.82
2526	-33.14
2527	-19.42
2528	-8.777
2529	-25.7
2530	5.974
2531	-35.71
2532	-7.769
2533	-43.13
2534	-47.33
2535	9.611
2536	16.58
2537	10.97
2538	-8.383
2539	-7.584
2540	5.757
2541	-18.94
2542	-24.77
2543	18.83
2544	-24.54
2545	-18.49
2546	11.88
2547	13.8
2548	13.39
2549	1.627
2550	0.2175
2551	10.92
2552	-26.36
2553	50.85
2554	-26.99
2555	-22.51
2556	14.6
2557	22.22
2558	-9.558
2559	33.18
2560	-3.371
2561	-7.557
2562	-26.99
2563	-12.12
2564	32.76
2565	-23.04
2566	-38.49
2567	14.56
2568	7.562
2569	-3.238
2570	11.05
2571	-38.55
2572	-8.664
2573	-0.0857
2574	-15.54
2575	-22.41
2576	-22.84
2577	13.18
2578	-21.31
2579	8.509
2580	-0.3311
2581	-10.55
2582	-8.921
2583	-0.2259
2584	20.21
2585	-2.531
2586	-3.269
2587	26.11
2588	9.151
2589	9.679
2590	14.44
2591	-5.286
2592	10.76
2593	16.38
2594	24.0
2595	12.89
2596	12.29
2597	-29.09
2598	-17.06
2599	-8.669
2600	15.49
2601	-3.957
2602	-0.7981
2603	-7.914
2604	7.484
2605	16.68
2606	-6.31
2607	-34.71
2608	-16.9
2609	4.433
2610	-1.806
2611	-21.36
2612	12.08
2613	5.241
2614	16.7
2615	-18.91
2616	-23.4
2617	4.398
2618	-1.118
2619	23.96
2620	-11.43
2621	2.954
2622	-3.715
2623	4.908
2624	-8.445
2625	12.66
2626	-45.72
2627	28.02
2628	-9.833
2629	-17.88
2630	0.4719
2631	9.001
2632	-23.56
2633	6.285
2634	-9.325
2635	14.43
2636	-28.94
2637	-7.386
2638	2.392
2639	-14.0
2640	-16.7
2641	-9.588
2642	7.913
2643	-30.16
2644	-22.06
2645	4.065
2646	0.2302
2647	13.32
2648	-12.42
2649	-2.368
2650	21.1
2651	8.415
2652	-29.22
2653	16.43
2654	26.14
2655	-12.81
2656	-13.65
2657	16.61
2658	31.06
2659	17.54
2660	8.76
2661	-6.857
2662	18.15
2663	-0.2947
2664	5.401
2665	-14.89
2666	30.71
2667	-20.99
2668	25.64
2669	-1.296
2670	16.79
2671	-14.25
2672	0.3137
2673	-1.476
2674	-55.04
2675	-36.74
2676	-14.1
2677	18.55
2678	16.24
2679	31.14
2680	-6.273
2681	9.264
2682	8.095
2683	-4.374
2684	-2.689
2685	-2.093
2686	-9.718
2687	1.754
2688	-4.208
2689	5.346
2690	-0.9344
2691	-1.612
2692	16.4
2693	10.95
2694	4.514
2695	13.59
2696	7.048
2697	17.59
2698	-37.71
2699	-28.61
2700	5.793
2701	14.52
2702	-12.56
2703	-68.74
2704	-16.22
2705	33.45
2706	-20.1
2707	-18.61
2708	30.29
2709	18.87
2710	23.06
2711	-12.56
2712	-11.49
2713	8.149
2714	5.612
2715	-19.68
2716	28.45
2717	-26.96
2718	-22.42
2719	-20.09
2720	23.43
2721	3.184
2722	-14.72
2723	-25.31
2724	-34.1
2725	2.405
2726	-24.65
2727	-16.46
2728	2.333
2729	1.756
2730	25.48
2731	0.5758
2732	14.2
2733	-14.18
2734	6.592
2735	-6.28
2736	1.461
2737	-13.44
2738	0.7285
2739	7.489
2740	0.579
2741	11.17
2742	2.624
2743	-10.54
2744	-10.67
2745	-12.09
2746	-8.334
2747	11.08
2748	16.77
2749	5.829
2750	22.3
2751	-2.066
2752	4.395
2753	5.973
2754	-8.218
2755	5.191
2756	-19.68
2757	-22.59
2758	-11.18
2759	7.503
2760	14.56
2761	9.665
2762	-0.9284
2763	3.877
2764	2.276
2765	-17.25
2766	17.43
2767	12.39
2768	-21.78
2769	-12.89
2770	-50.04
2771	3.285
2772	3.906
2773	-12.57
2774	-3.835
2775	37.17
2776	-12.34
2777	7.404
2778	-22.72
2779	-11.93
2780	-2.627
2781	9.382
2782	43.44
2783	-28.51
2784	-5.828
2785	-43.43
2786	3.396
2787	29.71
2788	-21.9
2789	31.62
2790	-4.805
2791	-9.815
2792	-0.4433
2793	14.91
2794	-7.132
2795	-21.93
2796	15.08
2797	-4.299
2798	-8.934
2799	-3.452
2800	4.559
2801	12.06
2802	5.917
2803	-6.354
2804	6.101
2805	-11.82
2806	-33.33
2807	-9.216
2808	10.26
2809	32.34
2810	-53.82
2811	-0.7983
2812	-4.887
2813	26.79
2814	23.03
2815	13.39
2816	-10.95
2817	11.93
2818	-11.07
2819	13.35
2820	5.496
2821	-18.5
2822	0.3533
2823	5.277
2824	18.79
2825	-2.113
2826	9.318
2827	-31.81
2828	-54.08
2829	-3.572
2830	6.015
2831	-3.542
2832	3.818
2833	15.15
2834	4.377
2835	9.073
2836	17.22
2837	-23.19
2838	14.57
2839	16.41
2840	-19.81
2841	-22.65
2842	18.63
2843	-91.46
2844	-4.274
2845	14.25
2846	-20.76
2847	-7.148
2848	0.4059
2849	-42.96
2850	-8.396
2851	22.74
2852	-11.71
2853	5.701
2854	-17.81
2855	-11.11
2856	-39.2
2857	3.462
2858	14.87
2859	-30.07
2860	-7.735
2861	6.595
2862	8.489
2863	25.19
2864	-11.69
2865	-4.869
2866	14.54
2867	-18.98
2868	22.36
2869	2.343
2870	23.9
2871	20.07
2872	-2.632
2873	-10.33
2874	-19.83
2875	3.133
2876	8.769
2877	3.144
2878	-36.28
2879	-10.48
2880	-1.734
2881	-7.733
2882	-9.902
2883	27.35
2884	-18.09
2885	-3.241
2886	-22.67
2887	-13.34
2888	12.86
2889	-25.21
2890	-20.24
2891	-11.31
2892	-7.746
2893	-4.623
2894	-46.5
2895	-1.786
2896	-13.47
2897	16.05
2898	-3.716
2899	15.03
2900	7.884
2901	-22.17
2902	20.7
2903	29.62
2904	-4.986
2905	12.43
2906	-15.21
2907	-25.57
2908	17.73
2909	-19.28
2910	-3.232
2911	-18.52
2912	-14.48
2913	10.23
2914	-28.95
2915	1.162
2916	-4.011
2917	2.139
2918	-31.96
2919	-24.86
2920	-46.35
2921	-18.59
2922	0.2895
2923	6.171
2924	0.9909
2925	-17.6
2926	17.32
2927	-5.133
2928	-5.806
2929	-5.758
2930	11.04
2931	2.708
2932	24.89
2933	16.74
2934	-31.47
2935	-19.82
2936	24.67
2937	10.27
2938	8.752
2939	28.42
2940	13.2
2941	10.41
2942	-17.14
2943	-6.475
2944	5.332
2945	1.003
2946	2.958
2947	27.79
2948	4.595
2949	-14.68
2950	12.67
2951	-8.509
2952	5.575
2953	-13.13
2954	-52.85
2955	-2.742
2956	0.4811
2957	7.96
2958	32.05
2959	-7.548
2960	0.9412
2961	21.79
2962	12.91
2963	27.16
2964	6.285
2965	-6.268
2966	3.979
2967	-7.482
2968	-21.66
2969	-27.57
2970	12.5
2971	-2.576
2972	16.57
2973	-10.37
2974	5.182
2975	7.301
2976	-17.47
2977	17.17
2978	34.65
2979	6.535
2980	19.56
2981	7.793
2982	-69.92
2983	-5.246
2984	0.3637
2985	-26.17
2986	-12.55
2987	5.322
2988	-17.97
2989	-14.57
2990	10.06
2991	26.64
2992	-8.437
2993	-29.7
2994	8.712
2995	-5.465
2996	-3.813
2997	-3.856
2998	-30.96
2999	-16.82
3000	-1.18
