"V1" "V2" "V3" "V4" "V5" "V6" "V7" "V8" "V9" "V10"
"1" 0 0 0 0.752350374492566 0.884099910962055 0.598345394349684 0.399509552114524 1 0 0
"2" 0 0 0 -0.926086884422788 -0.525752622126744 -0.5114298139871 -0.413902702458696 1 0 1
"3" 0 1 1 0.118066205397715 -0.0326968781725609 -0.189405524231659 -0.187327866189025 0 0 0
"4" 1 1 1 1.60945500197817 1.25832504797042 1.36857375048226 1.00809892415634 0 0 0
"5" 0 1 0 0.0510200527552973 0.123612124228113 -0.156586098688514 0.0214513015273209 0 0 0
"6" 0 0 0 -1.60636728482852 -1.54169328126949 -1.59366935239731 -1.42582143415116 1 0 1
"7" 1 1 1 0.990572100660846 0.906241077215957 0.989561095244716 0.819471309275065 1 0 0
"8" 1 1 1 -0.0286651365347043 -0.131135977332375 0.0894866102066363 -0.451176020153654 1 1 1
"9" 1 1 1 0.578069813868237 0.506547195675448 0.900632166118279 0.387451030420183 1 1 1
"10" 0 1 0 -0.27143490912517 -0.357990774875857 -0.256275067362609 -0.058070408442501 1 1 1
"11" 0 1 1 0.00354282267795414 0.219686200851566 -0.00685417683969414 0.343125496845891 0 0 1
"12" 0 1 0 -0.0592262121410363 0.0415520891222347 0.328259930770102 -0.0984600091176483 1 1 1
"13" 1 0 0 -0.748437012382106 -0.963786836256611 -0.868040332295604 -0.994438491115946 0 1 0
"14" 0 1 0 -1.66674598696741 -1.52698861212946 -1.17837414931204 -1.25702903549608 0 0 1
"15" 1 0 1 -0.384872679570398 -0.691390442465168 -0.622961766464482 0.124741934818917 0 1 1
"16" 0 0 0 0.010904740802691 -0.397213556955715 -0.0821814073287668 0.504713876564949 0 0 0
"17" 0 0 0 -1.11042201712964 -0.41210733286159 -1.16121291851344 -0.55209083043971 1 0 0
"18" 0 0 0 0.0430504797767991 0.201989077845538 0.180516357018687 0.209359349601059 0 0 0
"19" 1 0 1 0.221803322812329 0.0868052812518956 0.343400866996348 -0.0259688905051483 0 1 0
"20" 1 0 1 0.415034958957398 0.0586806714932477 0.621072858637932 0.153333020535697 1 0 0
"21" 1 1 1 0.988940573394786 0.397128788281007 0.972419714531034 0.612544464082513 1 1 1
"22" 0 0 0 0.531022586618775 -0.214178130676034 0.420194537807623 -0.311944608811675 1 0 0
"23" 1 1 1 0.657147449744678 1.17575298204438 1.18344087576756 0.508040893530221 0 1 0
"24" 1 1 1 0.492739060634655 -0.342012394543542 0.185172669508243 0.496117204864082 1 1 1
"25" 1 0 0 -0.304775672243498 -0.16384436359795 -0.345852251298095 -0.33103032689365 1 0 1
"26" 0 0 0 -0.84263562204102 0.0939988678161506 -0.389254792793283 -0.291615675627696 0 1 0
"27" 0 1 0 -1.51266268591474 -0.919960258776534 -1.21554963762921 -1.15396062327061 1 0 0
"28" 0 0 0 0.21649757358363 0.152740053217867 -0.10274376450829 -0.120601412400305 1 1 1
"29" 0 0 0 -0.305378911002367 -0.743189810851008 -0.891876800735682 -0.642650910529441 0 0 1
"30" 1 0 1 0.649262731069656 1.11988871065359 0.937246487762216 0.609227597050746 1 0 0
"31" 1 1 1 0.792613072280527 0.412510481801886 0.424965950170568 0.634507907790208 1 0 1
"32" 1 0 1 -0.464499301660584 -0.472068953724049 -0.674057002811253 -0.318052268952468 1 1 1
"33" 0 0 0 -0.822970853713327 -1.62842874641349 -0.465834151029251 -0.742160838993875 1 1 1
"34" 1 0 0 -1.87303435391875 -0.724049752223429 -1.58294554318188 -1.07183250095225 1 1 0
"35" 0 1 1 1.02810226050568 0.438836577671372 0.0971813627186644 0.480642605989677 0 0 0
"36" 1 1 1 0.793865477349491 0.944613455174745 0.779233613221427 1.18036761520379 1 1 1
"37" 1 0 1 0.336352592912179 0.413213689806111 0.351843107231348 -0.0719539169248862 1 0 1
"38" 1 1 1 1.21413448966498 0.580772374077679 1.01518519808605 1.06703703829722 0 0 0
"39" 0 0 0 -0.535908167257155 -0.228095975259332 -0.274804591530159 0.219819645889373 1 1 0
"40" 0 0 0 -0.156958993989585 0.0207340607334308 -0.15746282136705 0.315507561235706 0 0 0
"41" 0 0 1 -0.499848380195474 -0.0729229905359925 -0.00228519482559858 -0.366527521308519 1 1 0
"42" 1 1 0 -1.05642534736607 -0.492452643722336 -1.25338576934472 -0.594014274252108 0 1 0
"43" 0 0 0 -0.716303963901586 -0.51635419621109 -0.391502978700983 0.0453648737198082 0 0 0
"44" 1 0 1 0.100670619384184 0.181850160973476 0.311312678132927 0.0253742081902384 1 0 1
"45" 0 0 0 -0.458481783728551 -0.562844638462175 0.00785860469962602 0.0442057371814204 0 1 0
"46" 1 0 0 -0.357737116750171 -0.341412000779252 -0.388216690526228 -0.178173599915283 0 0 0
"47" 0 0 0 -1.23148834409976 -0.852243525333393 -1.10887132201055 -1.14544000817747 0 0 0
"48" 0 0 0 -0.165053937891981 0.362270419180554 -0.123545402830343 0.485984906230538 1 0 1
"49" 1 0 1 0.842609956620317 0.576513180701272 1.04256803882173 0.610812627628935 0 0 1
"50" 1 0 1 -0.694365814935648 -0.478422774928709 -0.689931002419776 -0.756291436600403 0 1 0
"51" 1 0 0 -0.210369307555236 -0.119943189166462 0.186863807190547 0.445997934603991 1 1 0
"52" 1 1 0 -0.423206526430967 -0.653246260598906 -0.238915422560997 -0.352337653465411 1 1 1
"53" 1 1 1 1.01125781507485 0.398438384123782 0.708594198647023 0.707145248981372 1 1 1
"54" 1 0 0 1.68484803737748 1.24619132100398 1.60325584496183 1.13188142402629 1 0 0
"55" 1 1 1 1.02980602855175 0.563777453483154 0.939580453898238 0.852673992905972 1 0 1
"56" 0 0 0 0.777436298789436 0.673784160870553 0.57862424923511 0.595548583323614 0 1 0
"57" 0 1 1 0.487630622450814 0.780415930252365 0.655673710108362 0.504381512372268 1 0 0
"58" 0 0 0 -2.54937164600261 -1.61251613590839 -2.29598911568567 -1.37062024303101 0 1 0
"59" 0 0 0 -0.522235709879428 0.0793650079077349 -0.353695388551389 -0.142780053056053 0 1 1
"60" 1 0 1 0.450859332412719 0.598672323464677 0.666686240100434 -0.306667329754728 1 1 0
"61" 1 0 1 0.233329645162146 0.299183058703286 0.443849454036403 0.512054415261441 1 1 0
"62" 1 1 0 -0.103974676412118 -0.136860827833592 -0.480973171450045 -0.348952665017928 1 1 0
"63" 1 1 1 0.0452934567241115 -0.13336018861479 0.281749023844098 -0.0722890634299783 1 0 1
"64" 1 0 1 -1.44051901627879 -0.776835648896934 -1.14804390326675 -0.895806300517503 0 1 0
"65" 0 0 0 -2.05450651520488 -1.56004177824652 -1.78511537649655 -1.32541445145723 0 0 0
"66" 1 1 0 -0.72580798531659 -0.574537476036569 -0.441191528711514 -0.898882683945775 1 1 1
"67" 0 0 1 -0.413546288124174 -0.579643809660779 -0.905610630709883 -0.612385835449464 1 1 0
"68" 0 1 1 -1.06242706728864 -0.441151118666675 -0.819834654370523 -0.278668491298485 0 0 0
"69" 0 0 0 -0.962714727838311 -0.806940537371301 -1.20064392603221 -0.856350722979792 0 0 0
"70" 1 1 1 0.811295505867914 0.635910091763698 0.864407032234531 0.765932320610823 0 1 0
"71" 1 1 1 -1.03638570039077 -1.01692909911922 -0.930388421286854 -0.531704994884296 1 0 1
"72" 0 0 1 -0.936529217889292 -0.417365006698014 -1.02382114390946 -0.307164718236053 0 0 0
"73" 0 0 0 -0.222386024526803 -0.533682811904208 -0.17917890557819 0.003379497317612 0 1 1
"74" 1 1 1 1.37851545666814 1.39315449354391 1.38338108665127 1.196047954906 1 0 1
"75" 0 1 0 -2.04419964375217 -0.949971546626478 -1.15320987707041 -0.852869934808139 0 0 0
"76" 1 1 1 1.6043803174012 1.04358790947143 1.24545390443267 0.914635263805894 1 1 1
"77" 1 1 1 0.939076048909379 0.684760855145362 1.06171977446766 0.834689791936318 1 1 0
"78" 1 0 1 -0.757235824608202 0.0571836891089584 0.0709715036127916 -0.091667938050052 1 1 0
"79" 1 1 1 0.333771041866863 0.546853603117711 0.291877345560993 0.436389823455839 1 1 1
"80" 1 1 0 0.915516691482108 0.0633966397661758 0.253869456049874 0.232701784680481 1 1 1
"81" 0 1 0 2.64371559146308 1.77482160733143 2.00145689492639 1.54435165641767 1 0 1
"82" 0 0 1 0.588311221820883 0.919855363587683 0.13672815491932 0.631221617027622 0 1 1
"83" 0 0 0 -1.93030544700654 -1.02868574472163 -2.22512955082655 -1.08051566648163 0 0 1
"84" 1 1 1 0.194968112839812 0.75134731176076 0.740961978183259 0.694946925572179 1 0 1
"85" 1 0 1 0.757824059237752 0.618723814049122 -0.0214659239490393 -0.013695104458866 0 1 1
"86" 1 1 0 0.445085923175046 0.286160464112636 0.345753105866309 0.166473154891354 0 1 1
"87" 1 1 0 -0.859703716334626 -0.453140221415857 -0.905979024284986 -0.593774613621961 1 1 1
"88" 0 1 1 0.347845744746137 0.04693910064817 0.342561502870651 0.208102005097686 0 0 0
"89" 0 0 0 -0.609653273783525 -0.0936206711383724 -0.620249388363168 -0.336342266683089 0 0 0
"90" 0 1 1 -1.03662967055504 -0.931167025867522 -0.67766344715254 -1.17890265757806 1 0 1
"91" 1 0 0 0.0336115861365245 -0.661123993126638 -0.505215399105204 -0.00111296353712768 0 0 1
"92" 1 1 1 -1.70451545269919 -1.41965391610384 -0.935758390332088 -0.809359870926039 1 1 0
"93" 0 0 0 -0.882880731589585 0.000553402471020648 -0.454286409232462 0.0338226898619729 0 0 0
"94" 0 0 0 -1.08850960043697 -0.987541693055086 -0.465284103621168 -1.0991268245429 0 0 0
"95" 1 1 1 -1.09041616839483 -0.495823609796165 -0.645376433899693 -0.786921263196215 1 1 0
"96" 1 1 1 1.11966117549329 0.492132990372013 0.683569030871975 0.397092033614636 1 1 1
"97" 0 1 0 0.655554150122759 0.134349849906063 0.283581310987302 0.245779532391486 0 0 0
"98" 1 0 1 -0.752471879039128 -0.598416933214644 -0.409892192251332 -0.769157916598318 1 1 0
"99" 1 1 1 1.74529100881989 1.30998682244625 1.67751824728484 1.24410434196193 1 1 1
"100" 1 0 1 0.212542142983127 0.611886683510583 0.609657179866403 0.506488593821985 0 1 1
"101" 1 1 0 0.0296120090512524 0.309621149364115 -0.29922135123594 -0.0540277549769929 0 0 0
"102" 0 1 0 -0.0177826101289966 0.11256736324861 0.683746534206852 0.233355069327655 1 0 0
"103" 1 1 1 -0.113557810379738 0.214161043741389 -0.0309636988331808 -0.0367845819235435 1 0 0
"104" 1 1 1 -0.00188628037852501 0.55461398079929 0.428144455750952 -0.00843900037166395 1 0 1
"105" 1 1 0 -0.353259047586838 -1.01876636723612 -0.604194186977993 -0.0146778153205864 0 1 0
"106" 0 1 1 0.753940170432655 0.046810098925507 0.425305824709858 0.137509676996151 0 1 1
"107" 0 0 0 -0.847874023848056 -0.761147977460259 -0.713593360415098 -0.733096211894707 0 1 0
"108" 1 1 1 0.678278965547324 0.609080718296926 0.532905311851904 0.772600269541337 1 1 0
"109" 0 1 1 -0.328984351306355 -0.195471154974198 -0.517436810694638 -0.696339507585378 1 1 1
"110" 0 1 1 -0.160865873387772 -0.0148427898446011 0.263628436358084 0.179929877590674 1 0 1
"111" 1 1 0 0.123236032745193 0.357304476046794 -0.064269158058025 0.147644702926991 1 1 1
"112" 1 1 1 0.7245718888675 0.395559063554178 1.10147820518249 0.979018822183087 0 1 1
"113" 1 1 1 0.0957067349182603 -0.0357804603816821 -0.00679710978723991 -0.001895338204216 1 1 0
"114" 1 1 1 1.04020649506909 0.85836658807223 1.12614263780816 0.793031140738979 0 1 0
"115" 0 0 0 -0.795571939604592 -0.543390945917172 -0.641692159552648 -0.110700831236132 0 1 0
"116" 0 1 1 0.00700620163624771 0.275657969119739 0.0512263196868374 0.258304681395382 0 0 1
"117" 1 1 1 -0.129471992852057 -1.10834034308216 -0.0469246082633158 -0.34979424366964 1 1 0
"118" 1 0 0 -0.287638293949369 -0.953894015318033 -0.581649948852011 -0.150142515710192 1 1 0
"119" 1 0 0 -0.974451717564449 -0.145450756799051 -0.242365610162155 -0.778611326859207 0 1 1
"120" 1 1 1 -0.850069380899643 -1.48898095473508 -1.06986401637742 -0.722328910740402 1 0 1
"121" 0 1 1 0.256302589554995 0.574050136290821 0.3513324988963 0.0345867899741886 0 0 1
"122" 0 0 1 -0.930056199120797 -0.0921101061718527 -1.01108629056917 -0.716651278738472 0 1 0
"123" 1 0 0 -1.06981145561475 -1.12035016767574 -0.732413874899558 -1.03056177453928 1 1 0
"124" 1 0 0 -0.0328317133074688 -0.0727519092560372 0.0443573257633411 -0.000550840955773318 1 0 0
"125" 1 1 0 -0.641540090428711 -0.369204287637792 -1.04414510486425 -0.560646034298103 0 1 0
"126" 0 0 0 -1.6953402619523 -0.674649120676514 -1.34828299621915 -0.87078701248986 0 1 1
"127" 1 0 0 -1.72656946901041 -1.07710679343343 -1.40654610758241 -1.11368917581145 1 1 1
"128" 1 1 1 -0.360979195654206 -0.621386669022609 -0.327324779831254 -0.55961534992425 1 1 1
"129" 1 0 0 -0.962560896959779 -0.476126516080465 -1.02175440565829 -0.471775898825391 1 0 0
"130" 0 0 0 -0.211104068939478 -0.184578707396341 -0.227937527251944 0.503856070440476 1 0 0
"131" 1 0 0 1.1216473254369 0.259530813534248 0.981858252067612 0.802686556372177 0 0 1
"132" 0 0 0 -0.936273776272576 -0.599766107791824 -0.707725959738704 -0.57152016832983 0 0 0
"133" 1 0 0 -0.664843151188541 -0.422261366470009 -0.528288304018746 -0.273257037389785 0 0 1
"134" 0 0 0 -1.91729762349239 -1.2114643390204 -1.39139134061654 -1.55001281346752 0 1 1
"135" 1 1 1 0.622310460008381 1.19883173280179 0.951973105565515 0.640668536243056 1 0 1
"136" 1 1 0 0.164085981659944 -0.115796919035977 0.508388745492687 0.210307064245941 1 1 0
"137" 1 0 1 -0.961766953227416 -1.02736509830771 -0.587029251497228 -1.2565792460156 1 0 0
"138" 1 1 1 -1.09382878865246 -0.258371576675057 -0.355508755762518 -0.179794969306521 1 1 1
"139" 1 0 1 -0.0978329806194787 0.266411115669902 0.451906186093606 0.476191606720498 0 0 1
"140" 1 0 0 0.676410519181009 -0.169026541468957 0.0746029192705299 0.317167110454786 0 0 0
"141" 1 1 1 1.31063253242428 0.871912816105316 1.01736202853652 0.768407691452597 0 0 1
"142" 1 0 1 -0.674115049878529 -0.605356436357807 -1.0330204412347 -0.746928886164688 0 1 1
"143" 0 0 0 -1.66541920657224 -1.44245100033289 -1.72105760464854 -0.745989997258111 1 1 0
"144" 0 0 0 -0.469231280989246 -0.22366847172637 -0.542745540565859 -0.350031573673426 0 0 0
"145" 0 0 0 1.71974224960969 1.07956027606778 1.89576408193427 1.59245875124091 1 0 1
"146" 1 1 0 -0.509427168826451 -0.412326413956149 -0.489167833639143 -0.315400858949746 1 0 1
"147" 1 1 0 -0.504669906788091 -0.418019035378834 0.0526324358806217 5.19486642223121e-05 0 1 1
"148" 0 1 0 -0.743071053282395 -0.285689328388145 -0.760351804167434 -0.325333375808942 0 1 1
"149" 1 1 1 1.74223312507073 1.04886966839229 1.28604328416429 0.769318102953312 1 1 0
"150" 0 0 0 -1.35796880142437 -0.718958434384365 -0.959462654246273 -0.983504277562962 0 0 0
"151" 0 1 1 -0.239760384330457 -1.006124697823 -0.35947433198397 -1.03513862844136 0 1 1
"152" 0 0 0 0.121247796299695 0.550855218855994 0.0930996125260577 0.543463428513283 1 0 0
"153" 0 1 0 -1.25057882510265 -1.19858316787621 -1.29829792902031 -0.961654338172204 0 1 0
"154" 0 0 0 0.590234974961853 0.280791795289205 -0.239357237516569 0.0614396900273167 0 0 0
"155" 1 0 1 -0.426409864739736 -0.461011500209086 -1.03622986385773 -0.464519245800424 1 1 0
"156" 1 1 1 1.28730896316823 1.1334948877465 0.88153616104923 0.648291140471369 1 1 1
"157" 1 0 1 -1.78584178476743 -1.03685665173117 -1.46756476760202 -1.3149154841748 1 0 1
"158" 1 1 1 -0.0663130024244033 -0.226282052276777 -0.528764189089752 -0.0279288374082793 1 1 1
"159" 1 0 0 -0.474568301515118 -0.0492225264504055 -0.797854378087941 -0.432807855720639 1 1 0
"160" 1 1 0 -0.532275578794848 -0.530419745504319 -0.570615520457081 -1.19929111362739 1 0 1
"161" 1 0 1 0.580100166509196 0.274053669601781 0.651530898606879 0.450353291090402 0 0 0
"162" 1 0 1 -0.915717128629549 -1.13771275305366 -1.10936001174003 -0.311685875332129 0 1 1
"163" 1 0 0 0.0385749773476727 -0.411279013735858 -0.311666257194766 -0.218097023859444 0 1 1
"164" 1 1 0 1.12412587407979 0.762705752159797 0.547363482385834 0.769417149497511 1 1 0
"165" 1 1 1 0.201374598387233 0.911712362796058 0.82334262448295 0.6586730563568 1 0 1
"166" 0 0 0 -2.18462596197427 -1.41561174866565 -1.66419981762111 -1.47696032725897 1 1 1
"167" 0 1 1 -2.16925592772101 -1.13790844624378 -1.59825053824402 -1.47174997834065 0 1 0
"168" 1 0 0 -0.871279932591698 -0.984076014093712 -1.10061033843347 -0.499651736479974 1 1 0
"169" 0 1 1 0.847027442368468 0.393297813912105 1.05832786975826 0.887034441319084 1 1 1
"170" 1 1 1 -0.64096022857336 0.0330428630781966 -0.774994726749998 -0.177808415807302 1 1 1
"171" 0 1 0 -0.669788263828956 -0.387737239541589 -0.380931398192971 -0.802213676268343 0 0 1
"172" 1 1 1 0.670825452103218 -0.13658747188114 0.354265251774513 0.0977599245245426 0 0 0
"173" 1 1 0 0.47268560326755 -0.0760580305144868 -0.073761813279203 -0.147956810895063 1 1 1
"174" 1 1 1 0.0826078623558411 0.423258629191907 0.264152590413512 0.220304536783568 1 0 1
"175" 0 0 0 1.32654577905679 0.93014080783477 1.10096316358288 0.53450755277757 0 0 0
"176" 1 0 1 1.98632320823623 1.51716386456792 1.74858867678472 0.874116846969691 1 1 0
"177" 1 1 1 -0.53699640860229 -0.620240386770074 -0.41440340819755 -0.453836970315313 1 1 1
"178" 0 0 0 0.800598556504341 0.698204149115248 0.7180239672881 0.375603400076922 0 0 0
"179" 1 1 1 1.64697421249706 1.02413534014054 1.83637501880341 1.79515706351073 1 1 1
"180" 0 1 1 -0.550863071733311 -0.823039901219626 -0.911178873308219 -0.70256652675698 1 1 0
"181" 1 0 0 0.358451263479294 -0.294929038763298 0.0505361780609843 -0.244038154396933 0 0 1
"182" 1 1 1 0.525597278047013 0.0597723209530239 0.438420365397934 0.109365687317861 0 0 1
"183" 0 0 0 -0.388915379554063 -0.681031618280954 -0.345148599100185 -0.328752604066215 1 0 0
"184" 1 1 1 1.64789506888419 0.806572299966347 0.472952305515048 0.796793190499213 1 1 0
"185" 1 0 1 1.45366821703717 1.42473275276148 0.777317990653358 0.78608570489618 1 1 1
"186" 0 0 0 0.262033840471264 -0.159817400255231 0.105002775574568 0.327729407509808 0 0 0
"187" 0 0 0 -1.51749058038125 -1.14437665582545 -0.672551787839083 -0.524353218748672 1 0 0
"188" 0 0 0 -0.0203512169532766 0.0421632471597895 -0.866721034099627 -0.40869069119838 0 1 0
"189" 0 0 1 0.601978973440742 0.551717771758344 0.981737932742837 0.275744142141951 1 0 0
"190" 0 0 1 1.26898070544661 1.2606103072625 0.924557793203011 1.18777410581539 0 0 1
"191" 1 0 0 -2.24367039684565 -2.1367468609812 -1.30828938830701 -1.28520599189473 1 0 1
"192" 0 0 0 -1.57249527236383 -1.09145786306342 -1.68822251167307 -0.732538050171012 1 1 0
"193" 1 1 1 0.227893352956704 0.269289264018265 0.433068749409401 -0.307789189520368 1 0 1
"194" 1 1 1 -0.225673105114609 -0.352882604997345 -0.290191705183511 0.126406938926135 1 1 1
"195" 0 0 1 -0.394612298678594 -0.314501491920585 -0.278889691846647 0.290398959166461 1 0 1
"196" 1 0 0 -1.26476777207668 -0.816247100046012 -0.697054417706837 -0.239766143537277 0 0 0
"197" 0 0 0 -0.663663076903349 -0.6481009916597 -0.448428845072687 -0.508711472058572 1 1 1
"198" 1 1 1 0.560709914899595 0.460818751803199 0.393962970380021 0.17244466597189 1 1 1
"199" 0 0 0 1.53455265329619 0.835070042876002 1.18539623967145 0.376371065156933 1 0 0
"200" 1 0 0 -1.71903493304558 -1.16615602094372 -1.88178376112801 -0.658711086294878 1 1 1
"201" 0 0 0 -2.36069051953055 -1.46785490536262 -2.37574687349636 -1.51253532503095 1 0 0
"202" 1 1 1 0.315684836315125 -0.241134844980301 0.455950386748055 0.614751260106622 0 1 0
"203" 0 1 0 0.050880939554669 0.468344876806771 0.591518511725191 -0.307738799156793 0 0 0
"204" 0 0 1 -1.75046516181567 -1.4973106760186 -1.52163928306991 -1.45460931604193 0 1 1
"205" 1 1 1 -1.33368186659523 -1.33112035636968 -1.77736622218117 -1.10824036932923 0 0 0
"206" 1 1 1 2.83377904214728 1.86129857572508 2.02291653949877 1.80445304410731 0 1 1
"207" 1 1 1 -0.382184506378729 -0.0678285414999473 -0.898302996562468 -0.740633567612398 1 0 1
"208" 1 1 1 2.39986716721868 0.937464056503858 1.49389718238476 0.84265413672717 1 1 1
"209" 1 0 1 1.53306811424138 0.882303828430596 1.64745229647464 0.892989547028709 1 0 1
"210" 1 1 1 0.751061366169631 0.136305332411166 0.89205000796082 0.317175262907019 1 1 1
"211" 1 1 0 -1.0238803748861 -0.485349536082383 -0.52454776728007 -0.21533229653321 1 1 1
"212" 1 1 0 0.285580416116485 0.16331019373259 0.585422477484019 -0.245124864044229 0 1 0
"213" 1 1 0 -0.233271395536252 -0.259238640442624 -0.438852689990437 -0.792224408368643 1 1 0
"214" 1 0 0 0.308680662366673 -0.273947408185762 -0.121575271457863 0.0629310915184927 0 0 0
"215" 0 0 1 0.755092862357159 0.368099671128011 0.748502507763454 0.334662888366736 0 0 0
"216" 1 1 1 -0.50801104640471 -0.460091937433009 -1.30846637992296 -0.878427086410892 0 1 1
"217" 0 1 0 0.0940398124546092 0.0214518321805829 0.0747605293157136 0.25874389171926 1 0 0
"218" 0 0 1 1.8312221139656 0.973571137785961 0.656252787588548 1.04399650287395 1 0 0
"219" 1 1 1 0.615340139720795 0.13046079056806 0.225658891737551 0.558723927231212 0 1 0
"220" 1 1 1 0.90785099700029 0.164223713874306 0.957365569319753 0.254667880851368 1 1 1
"221" 0 1 1 0.0174989664825866 -0.0141777439420147 -0.255426021170668 -0.7142682792077 0 0 1
"222" 1 1 1 1.7047879372426 1.88233687316861 1.61999295849216 1.30497515562813 0 0 0
"223" 1 1 1 -0.497095770085041 -0.126726927559794 -0.187697352068251 -0.274102114949977 1 1 0
"224" 1 1 1 -1.67045617026964 -0.938757494385978 -1.70396813142031 -1.28097807289792 1 1 1
"225" 1 1 0 1.63369809752927 1.58177819408781 1.94187668299307 0.967413754801066 1 1 0
"226" 1 0 1 0.65158382180617 -0.258915331573561 0.741448185464583 0.561758321699734 1 0 0
"227" 1 0 0 -1.96801816670596 -1.30717397812302 -1.06241985120688 -1.01050984573849 1 1 1
"228" 1 1 1 -0.137438383081444 -0.236103438837011 0.380731698937439 0.162283764996028 1 1 1
"229" 1 1 1 -1.05209278247877 -0.794604299566466 -0.600242050161164 -0.830922120667079 0 0 1
"230" 1 1 1 -0.75842446678288 -0.366240407259619 -0.0362244536556998 -0.386244147469378 0 1 0
"231" 0 0 0 -1.20918560657835 -1.1325803100391 -1.68835460736633 -0.774365228487844 0 0 0
"232" 1 1 1 -1.04963599956226 -1.32873649140519 -1.24038908725944 -0.873609240334068 0 1 1
"233" 0 1 1 -0.441018606010932 0.017778593004998 -0.395002756951431 -0.313093390523059 1 0 1
"234" 1 1 0 -0.838289199077273 -0.520899986702365 -1.39967910067484 -0.794222465993469 0 0 1
"235" 0 0 0 0.182901247399362 0.180536759248567 0.500410332815687 0.0519705534367169 1 0 1
"236" 0 0 0 -0.613975720886256 -0.59474837790936 -0.265340430846964 -0.487171619977066 1 1 1
"237" 1 1 1 0.830011368215616 0.00496369367268679 0.812085061236473 0.376393292541875 1 1 0
"238" 0 0 0 0.513179577189571 0.434675924339989 0.703098829348117 0.657823605088349 0 0 0
"239" 0 0 0 -2.32814786156813 -1.39005442878425 -1.69727570497552 -1.26019526692705 0 0 0
"240" 1 0 1 -0.507832104667423 -0.420265260594351 -0.537602541151329 -0.544073488953379 1 0 1
"241" 0 0 1 -0.05144332836099 -0.583525144831912 -0.66306524234978 -0.222341086217482 0 0 0
"242" 0 0 1 -1.38954288021649 -0.834364223016961 -0.711665194312374 -0.63686598406471 0 1 0
"243" 1 1 0 -0.0950219905039069 0.657262980321005 0.125154324165539 -0.54106514335081 1 1 0
"244" 1 1 1 1.87481003685954 1.07671536768098 1.97262017410016 1.78373379921369 1 1 0
"245" 0 0 0 -1.46141745522904 -0.649504311195895 -0.866325548926073 -0.568152975719375 1 0 0
"246" 0 1 0 -0.048012985035896 -0.0831067706183034 0.012429899715246 -0.371608830084802 0 0 1
"247" 1 1 0 1.95649225990953 1.55769555211429 1.72617249937465 1.45539323399202 1 0 0
"248" 0 1 0 -0.835545126299665 -0.291978800380156 -0.517315885285204 -0.72803726589769 0 1 0
"249" 0 1 1 1.77208740226655 1.80873899294325 2.26851340948554 1.64722676584264 1 1 0
"250" 1 0 1 -0.240009169174447 -0.12934047879742 -0.245840297697121 -0.331883833078603 1 1 1
"251" 1 1 0 0.625862424634624 0.588095001116294 1.04000725531611 0.966251201867397 1 0 1
"252" 1 1 1 0.505177999792104 0.505345289664442 0.560445159827966 0.460164071114072 1 1 0
"253" 1 1 1 -0.0240650378823484 0.325536033169525 0.196147807499757 0.665075246502045 1 0 0
"254" 0 0 0 -0.143364978553291 -0.451851273418816 -1.06982188123916 -0.292795131685491 0 0 0
"255" 0 0 0 -0.679449233757056 -0.804075251978633 -0.796515667247406 -0.786501839677723 0 1 0
"256" 0 0 1 0.962438755376661 1.02098040404108 0.755156193345086 0.664584322371255 1 1 1
"257" 1 1 1 1.42880376337968 0.581273801004539 1.11567907640445 0.823948118363927 0 0 1
"258" 1 1 1 0.966926291244218 0.636984789456793 0.555266622297205 0.782296329508251 1 1 0
"259" 0 1 1 -0.305115828281372 -0.313164944691405 -0.688917840531207 -0.333828912037259 1 0 0
"260" 1 0 0 0.873183082295569 0.867966606180475 0.949103020108524 0.808770779904979 1 0 1
"261" 1 1 0 -1.70805622500863 -1.21301511973143 -1.22556351000501 -1.30223888532763 0 0 1
"262" 0 0 0 -0.524592011012625 -0.4992849341044 -0.738746496919759 -0.551717145740952 0 0 0
"263" 0 0 1 0.0195448664368226 0.825553192366463 -0.0942863593078307 -0.270666520233435 1 1 1
"264" 1 0 0 -0.886906488188196 -0.100227546519086 -0.272968441244209 -0.30599038950334 1 0 1
"265" 0 0 0 -2.11686625301587 -1.57074136417624 -2.19616801659521 -1.30254198382055 0 0 0
"266" 1 1 0 -0.742118120246989 -0.435013801744332 -0.737127696944404 -0.401789117140342 0 0 0
"267" 0 0 0 -0.225340710998916 0.0404041306001124 -0.25334006733197 -0.374247771030531 1 0 1
"268" 1 1 1 -1.11691364953855 -0.961361753312318 -1.19508211784714 -0.831885642987375 1 1 1
"269" 0 0 0 1.64361191180092 0.616801781430431 1.22825795452269 0.898871135412811 0 0 0
"270" 0 0 0 -0.948160794084538 -0.427344681814538 -1.00301665164007 -0.11398086670816 0 0 0
"271" 0 1 0 0.255811442571908 0.86126840487404 -0.22620370041007 0.227108984348575 0 1 0
"272" 1 1 1 0.643308276805252 0.160948356444118 0.0821387223604243 0.4971741293291 1 1 1
"273" 0 1 0 0.225779772672421 -0.309653305758003 -0.0571710409839487 0.361949701411171 1 0 0
"274" 0 0 0 -0.178645454143682 -0.168028444792848 -0.329326197975249 -0.0884515760994588 1 0 0
"275" 1 1 0 -0.35423777831341 -0.223647268812068 0.0851104695430012 -0.296263561275871 1 1 0
"276" 0 1 0 -1.09957175127349 -0.685442821833646 -0.965950348073955 -1.07157588638529 0 0 1
"277" 1 1 0 1.40654733792651 1.2665240209478 1.68299514867525 1.07146322189948 0 1 0
"278" 1 1 0 1.31351431807467 1.01922424675962 1.06922448860513 0.710972139751906 0 0 0
"279" 0 0 0 -3.07371828293858 -1.34917675002549 -1.99874467370543 -1.30182248160468 1 0 0
"280" 1 0 1 1.41172759307001 0.669521592323256 0.567387916147425 0.873031581596193 0 0 0
"281" 0 1 0 0.387294740082004 0.679673972532817 0.690134597008115 0.825274025406664 0 0 0
"282" 1 0 1 -0.437873011619813 -0.333500219583853 -0.347355577209475 0.0949006567131312 1 0 0
"283" 0 0 1 1.70352387814466 0.688542745800242 1.12312516853488 0.768266941287454 1 1 0
"284" 1 0 1 -0.2172882378502 0.0660347241759804 0.265954778500394 -0.43905329186469 1 0 0
"285" 0 1 0 -1.1535955185641 -0.62312083479164 -1.08773318292 -0.613549604309085 0 0 0
"286" 1 1 1 0.749200906513523 0.818499729620046 0.988877475800771 0.636623065161073 0 1 1
"287" 0 1 0 -2.21907411873617 -1.25843813701877 -1.57314466968488 -1.43092457711985 1 1 0
"288" 0 1 1 -0.663878549615143 -0.56827589676875 -0.675491885975619 -0.886856066213831 0 0 0
"289" 0 1 0 -1.01475542634226 -0.223383452781416 -0.934310345489849 -0.821463187844377 0 1 0
"290" 0 0 1 -0.56804480516909 -0.115959304010634 -0.169079687284599 0.354425693536624 0 0 0
"291" 1 0 1 1.02326326063512 0.404367643848542 -0.0826386992428382 0.816528575820972 0 0 1
"292" 1 0 1 1.08368222825177 0.333394415759549 1.03992623913338 0.591217408108198 1 1 1
"293" 0 0 0 0.230900239919706 -0.328055869142603 -0.024922710715554 0.0919904545509161 0 0 0
"294" 0 1 1 -0.667595498559942 -0.472675922278557 -0.937183794175947 -0.407083894150895 0 1 1
"295" 1 0 1 -1.69716936745055 -1.03240919076709 -0.894868667623014 -0.405659622478847 1 1 0
"296" 1 1 1 0.991548899157904 0.873635966219317 1.26661779901566 0.929417773891472 1 0 0
"297" 1 1 1 -0.676017149595624 -0.688029611726089 -0.263681821115715 -0.412416138893411 0 0 0
"298" 1 1 0 -0.17447649472541 0.00779816250663273 -0.628116097965383 -0.257883967106617 0 0 1
"299" 0 0 0 -1.42186325688555 -0.460495071922199 -1.6190174993721 -0.665741642452428 1 1 0
"300" 0 1 1 0.564142033962579 0.942568474030297 0.77461816662266 0.614376171404506 1 1 0
"301" 1 1 1 0.265313085638257 0.464734802305709 0.790068621212743 0.258738808003039 1 1 1
"302" 1 0 0 -2.19199243875652 -1.90111166585325 -1.36088036503651 -1.36378035975664 0 0 0
"303" 0 0 0 -2.52660811245302 -1.28667388505334 -1.72739059896835 -1.49986555471246 1 1 0
"304" 1 1 1 1.09766057725612 1.34414980345662 1.43955539605359 1.18944574015482 1 1 0
"305" 1 0 0 -0.686652043238208 -0.394088920749497 -0.788182548531251 -0.482048612917815 1 1 0
"306" 1 1 1 0.243880243101823 1.13736911576847 0.514636585586587 0.297943719444003 1 1 0
"307" 0 0 1 -1.48730944053543 -0.833884801116666 -1.46457480091418 -0.879015808997714 1 1 1
"308" 1 1 0 1.46528962338788 0.399943152064931 0.384553949515792 0.558001757627961 1 1 1
"309" 0 0 1 -0.480024614651748 0.162301274562022 -0.215310164500076 -0.391810256430727 0 1 1
"310" 1 1 1 1.147675141388 1.48585172932095 1.41285930253263 0.69989633835811 1 0 1
"311" 0 1 0 -1.13952908929231 -0.453665140668179 -0.623771921207767 -0.53384878123833 1 1 1
"312" 1 0 1 -1.93190187144651 -1.35788476041778 -2.02640670470455 -1.21395483243174 0 0 0
"313" 1 0 0 1.07116556468372 0.768540577556672 0.783247374061057 0.783229253202459 0 0 1
"314" 1 0 0 -0.159397185023554 0.558987175260696 -0.342565779505779 -0.398346180461507 1 1 1
"315" 0 0 0 -0.0146239079783512 -0.000944019961930803 -0.00527062845844606 0.334121463052024 0 0 0
"316" 1 0 0 -0.476386050788736 -0.0566967183917494 -0.0126035193268134 -0.802367614858135 0 1 0
"317" 1 1 0 1.06245160017945 0.71934230431153 1.02138547275846 0.142598137944787 0 1 0
"318" 1 1 1 0.113052439818126 -0.0643431487927095 0.0871460070939961 -0.212776066930071 1 1 0
"319" 1 1 0 0.219388766387653 -0.12861616720207 -0.119992157069177 -0.242188896858501 0 1 0
"320" 0 1 1 -0.0445103934272972 -0.180204227593601 -0.926592097096003 0.356150873340004 1 1 1
"321" 0 0 0 0.42998406730422 -0.0597509091899524 -0.1665423073146 -0.151057143573382 1 0 0
"322" 1 0 0 0.416330563257567 0.0178440758905018 -0.262730273631426 -0.240026987608309 1 0 1
"323" 0 0 0 -0.447032023484882 -0.229150684912008 -0.168370408274507 -0.49557503948843 0 0 1
"324" 1 1 0 0.65587890335116 1.10239745390271 1.46533830169916 0.310163542111756 1 0 0
"325" 0 0 1 -1.30491256853042 -0.749514957889293 -0.842192865899768 -1.01122013714871 1 1 0
"326" 1 1 1 0.471557982620679 0.586869140810241 0.204619860155235 0.377781271252038 0 1 0
"327" 1 1 1 -0.04010864280355 -0.158659177819052 0.12913562015588 0.489672116279952 0 0 0
"328" 0 1 1 -0.387025461536226 0.545293389377592 0.279353169960474 0.255176221517583 0 1 0
"329" 1 1 1 -0.934904420785304 -0.545789446804024 -1.06274469926253 -0.39786347051756 0 0 0
"330" 1 1 1 1.16023817514791 0.95203505958325 1.73594208003953 1.14503355912174 1 1 1
"331" 1 1 1 -2.11271363139807 -1.68454020637098 -2.21994178601878 -1.48818315475516 1 0 1
"332" 0 1 0 -0.99890083936738 -0.669244231458885 -0.459012802965898 -0.57011926607876 0 0 0
"333" 1 1 0 0.667177770059051 0.511120306893612 0.293512860476933 -0.299146883246143 1 1 1
"334" 1 1 1 1.51993394900865 0.92993462300346 1.16725652854427 1.22108921540722 0 0 0
"335" 1 1 1 0.93169578739018 0.850900272322852 1.01525144955775 0.628150703226466 0 0 1
"336" 0 0 0 2.30171495829349 0.948561774335674 2.18429824702931 1.18295885558311 1 0 0
"337" 1 1 0 1.41974905669102 1.02825503424358 0.766967353652697 0.887223178800391 0 0 0
"338" 1 1 1 -0.54666471308935 -0.760440165615268 -0.264824557766819 -0.336518593897702 1 1 1
"339" 1 1 1 0.494338998060365 0.55403008792303 0.818097967387034 0.503694587043055 0 0 1
"340" 1 0 1 -0.629260286869913 -0.282166490359674 -1.38677578861304 -1.1640596833805 1 1 0
"341" 0 0 1 0.47337137381393 0.511024867427546 0.404185466914422 0.432151033373081 0 0 0
"342" 0 0 0 0.702526930855309 0.0569665862895347 0.536580573787733 0.685169523887012 0 0 1
"343" 0 1 0 0.400266879202699 -0.422893854112866 0.614538026640033 -0.420282775803252 1 0 1
"344" 1 1 1 1.08437444217831 0.444112401385859 0.517234453877692 1.29874918656406 1 1 1
"345" 0 1 0 0.28246619069023 -0.247751011143319 -0.629113213682289 -0.0198062701613861 1 1 1
"346" 0 1 1 -0.104503965090468 0.468021021074672 -0.372665752011705 0.0654488113933064 0 0 1
"347" 1 0 1 0.0912301211347077 0.580204129276815 -0.173380910087084 0.178776889646501 0 1 0
"348" 0 1 0 -1.49949551164653 -0.934306359308514 -1.43052903864233 -1.09922294409398 0 0 1
"349" 0 0 0 -0.522379889074354 -1.08917786315227 -1.24461636048919 -0.150376773877222 0 1 1
"350" 0 0 0 0.325241983105754 0.352708980198283 0.00759330084750773 0.356697390228791 1 0 1
"351" 1 1 1 -0.360309532993288 -0.544047053027546 -0.699083169139321 -0.247882389590484 1 1 0
"352" 0 0 0 0.190261497691018 0.17375900894856 0.561709636359899 -0.0674068848855344 0 0 0
"353" 0 0 0 -0.454929979972585 -0.159601410781629 -0.633177831397668 -0.0689370082797403 0 1 1
"354" 1 0 1 1.34561282957247 0.80208453442586 1.46590284502278 0.794672783865758 1 0 1
"355" 0 1 0 -0.182324823398208 -0.715132261680225 0.243926026223695 -0.558636331103211 0 1 0
"356" 0 0 0 0.396173702394337 0.569295889046489 0.522320642709811 0.259450723800314 0 0 0
"357" 1 1 1 0.418815887464922 0.87274464195631 0.288271290241555 0.516548194997326 0 1 1
"358" 1 0 0 0.0704099638609619 -0.259106029854882 -0.254930743650704 -0.256692544277066 1 1 1
"359" 0 1 0 -1.23696334897563 -0.693513734206977 -1.25650866023541 -1.09406978966658 1 1 0
"360" 1 0 1 -1.11777420252268 -1.29279261029098 -0.666381865536798 -0.423293625649596 1 1 0
"361" 1 1 1 2.37476401097349 2.04592312999251 1.71538123863189 1.73818844158606 0 1 0
"362" 0 1 1 0.167632567431891 -0.431707651529369 -0.386704058337508 -0.498968659085839 1 1 1
"363" 1 0 1 0.186392113728217 -0.0131498569742704 -0.201186267364739 0.204274516507877 1 1 1
"364" 0 1 1 0.672724496986713 0.923649197983384 0.498724237969345 0.901769916400421 0 0 1
"365" 0 1 1 -2.98392984813267 -1.85179134813804 -2.30526372913373 -1.79582279774709 1 0 0
"366" 0 0 0 -2.05496780832898 -1.37315284423871 -2.21391533060146 -1.50193195884954 0 1 1
"367" 0 1 0 0.460366289661 -0.427076017326188 0.0755042600267499 0.0151163760460196 1 1 1
"368" 1 0 1 -0.176787114864803 -0.111149861389124 -0.123898090145049 -0.381106862946021 0 1 0
"369" 1 1 1 0.52954523989748 0.104346903676554 0.138562107878856 0.19892819560175 1 0 1
"370" 1 1 1 0.834378805727947 0.154596961013302 0.0972139530540432 0.527707976369537 1 1 1
"371" 1 0 0 -1.13371518643636 -0.781631576337726 -0.0290098392222162 -0.479101870093218 1 1 1
"372" 1 0 1 0.103856857572988 0.0749192068050669 0.168852563089086 0.216423352099655 1 1 0
"373" 0 1 1 0.297599854564322 0.201363318461313 0.330712703475829 0.155574640416431 0 1 1
"374" 0 1 0 0.990138832666538 0.0960385141755438 0.437898519540896 0.421465914406163 0 0 1
"375" 1 1 1 0.713336011421601 0.688275927637635 1.13574404273211 1.1189752049662 1 1 1
"376" 0 1 1 -0.172079036681588 -0.03192796605545 -0.445309074243143 -0.158359943394791 1 0 1
"377" 1 1 1 -1.34274434553974 -0.826179033013522 -1.63939017325883 -1.48029673520766 1 1 1
"378" 1 0 1 -0.324047071617871 -0.00809209241680639 -0.329802173727603 -0.145506857751033 0 0 1
"379" 0 0 0 -0.476252345965336 -0.177191710942564 -0.779821530144426 -0.708791835717905 1 0 0
"380" 1 1 1 0.436050796226711 -0.0609685318770799 0.529363097723489 0.339053834897226 1 1 0
"381" 0 0 0 -1.88942566428177 -1.39565842316392 -1.92859256956361 -1.6036354142209 0 1 1
"382" 1 1 1 -0.100307814168913 -0.589656010861708 -0.116743983046057 -0.230628372170578 1 1 0
"383" 1 1 1 0.795060053361215 0.789729496380659 0.921689020445573 0.609701944883539 0 1 1
"384" 0 0 0 -0.187924664468575 -0.545348320597355 -0.12474566896883 -0.121678237405637 1 0 1
"385" 0 0 0 0.392320527255434 0.736309193311284 0.225945916030633 0.591253971224973 1 0 0
"386" 1 0 1 0.598150200426538 0.713765396346172 0.922270380613151 0.857884690497944 0 1 1
"387" 1 1 1 -1.35348577714801 -1.04600924065198 -1.20804133327192 -0.951228605281789 1 0 1
"388" 0 1 1 -1.71656329919734 -1.68356559629568 -1.60579329586213 -0.622239156888186 1 1 1
"389" 1 1 0 0.0365238953780224 0.528751204273214 0.644133620816181 0.338176605858555 1 1 1
"390" 0 1 1 -0.321483909367683 -0.2440709209775 -0.335634851927733 -0.410724638698387 1 0 1
"391" 0 0 0 -2.32005330242737 -1.61367746699368 -1.73388697986752 -1.39617505228798 1 1 1
"392" 1 1 1 1.19611133749703 0.645428534132004 0.954735181683995 1.10145719670058 1 1 1
"393" 1 1 1 -0.509689052885872 0.13333833455067 -0.176940105417698 0.00951214316927189 0 0 0
"394" 0 1 1 1.64995217923861 0.749277471923123 1.92745143118108 0.812107988987266 0 1 1
"395" 0 1 1 -1.5442348778736 -0.411131753032044 -1.0670120034554 -0.632438358118245 1 1 1
"396" 1 1 1 -0.737357235188863 -0.301028092871015 -0.257947561413384 0.0733908513601175 1 1 1
"397" 0 0 0 1.03253167771591 0.720038887138299 0.633910905420796 0.339787291322731 0 1 1
"398" 0 1 0 -0.42784474077127 -0.543082165855597 -0.526684159375523 -0.699473033949223 1 0 1
"399" 0 0 1 -0.292594108533439 -0.0177310624601223 0.170002532014901 -0.140298313036862 0 1 1
"400" 1 0 0 0.834636775138426 0.620971414592562 1.29752886467637 0.739193920209168 0 0 0
"401" 0 1 0 -0.551546614261632 -0.497722729773684 -0.19984522834384 -0.367185717061473 0 0 0
"402" 0 1 0 -1.6361788027823 -0.441494637297255 -1.44561337871072 -0.840222318126793 0 0 0
"403" 1 1 0 0.831591609525552 0.541750183972096 0.434178281071583 0.31656840361169 0 0 0
"404" 0 1 1 -0.767326515184347 -0.791029309304682 -0.574408107385777 -0.45073647652321 1 0 0
"405" 1 0 0 0.810782778509057 0.975786228948903 0.499280039175557 -0.0924532365581923 1 1 0
"406" 1 0 1 1.02427620485793 1.05932499917512 1.07782218571067 0.804711950668774 0 1 0
"407" 1 1 1 -0.0823378187971324 0.122491714383603 0.623947682295604 0.424629471928238 0 0 1
"408" 0 0 1 0.104848743083749 0.217418268843493 0.570057696656194 0.246633706159298 1 0 0
"409" 1 1 1 0.931422329277009 1.08417863566856 1.32855966875803 1.38539401308939 1 1 1
"410" 1 1 0 -0.775974080659453 -0.710649486768824 -0.501769295817512 -0.792021148906616 1 1 0
"411" 0 0 0 0.576974737382067 0.308454448467126 0.46472069348789 -0.194531361949962 1 0 0
"412" 1 1 0 -0.31479342567813 -0.514561206793544 -0.349485951876829 -0.27144798660796 1 0 0
"413" 1 1 1 -1.18204917928467 -0.564443314215431 -1.30863490515999 -1.14826149374785 0 1 1
"414" 1 1 1 1.71717716118883 0.973314277043832 1.10798101431491 1.38656448385898 1 1 1
"415" 0 0 0 -1.54288695612584 -1.66312488928022 -2.21504871150173 -1.19909112254116 0 0 1
"416" 1 1 1 0.0816846370976945 0.113237534104493 0.662031016145928 0.254395747934898 1 0 0
"417" 1 0 0 -1.00059812904386 -0.356549535311022 -0.502752389727434 -0.826842371798037 0 0 1
"418" 1 1 0 0.36241290332197 0.139897082123501 1.216467127692 0.40440952709879 1 1 0
"419" 0 0 0 -0.804904190132484 -0.485904200020604 -0.112759662151973 -0.0612101467533505 0 0 1
"420" 0 1 0 -1.37241138691037 -0.805174438352735 -0.615460454122963 -1.11212131786191 0 0 0
"421" 1 1 1 0.736705179822664 0.669191382941336 0.376420976319658 1.00433396232743 1 1 1
"422" 1 1 1 -0.702613535121932 -0.0141564004241337 -0.694487119716673 -1.10472380553824 0 0 1
"423" 1 0 0 -1.17217800063155 -0.933280866612712 -0.913432985992317 -0.593422347097384 0 1 0
"424" 1 0 0 0.0365369460483014 0.339775708689643 0.268487798435145 -0.621314104597951 1 0 0
"425" 0 0 0 -0.0250752665545974 -0.0391656144771799 -0.499500939328521 0.0633170974351502 0 0 0
"426" 0 0 0 -0.187438757582146 0.108924571894064 0.131827988597004 0.210357523976311 0 0 1
"427" 1 0 0 -0.860578953520502 -0.33085596748893 0.0786099288059 -0.486631139174488 1 1 1
"428" 0 1 0 0.521946863667724 -0.0881348062036249 0.182182900591542 -0.0338605325862512 0 0 0
"429" 1 1 1 -0.651364646619132 -0.503382802444778 -1.04291592610057 0.0645692231427727 0 1 1
"430" 1 1 1 -0.388660964790115 -0.27643123865849 -0.416384672176381 -0.115509220185335 0 1 1
"431" 1 0 1 1.86488301080331 0.88784073651443 1.9119016146851 0.935675777651865 1 0 0
"432" 0 1 1 -1.9939385759042 -1.38590194279045 -1.74011035383738 -1.33267960047087 1 0 0
"433" 1 0 1 0.135264892214586 0.371021584919831 0.27999647167632 0.533375377558539 0 0 1
"434" 0 1 0 -0.0714357116479646 -0.187665934277794 -0.109305573461279 0.278747159787067 0 0 0
"435" 0 0 1 -1.12839457900821 -0.5566604480093 -0.952003777500473 -0.520169982286724 1 1 1
"436" 1 0 0 0.446241927686489 0.641241262600173 0.350995363926909 0.280258846351441 1 1 0
"437" 0 0 1 0.800950716828671 0.326179609269316 1.14880363736938 0.464824429131004 0 0 0
"438" 1 1 0 -1.44241725958356 -1.02290802353957 -1.53247625312299 -1.31235819550674 0 1 1
"439" 1 1 1 0.016593433956126 -0.169813977027637 -0.253067631390944 0.104654425150599 0 0 1
"440" 1 1 1 0.629024925172319 0.533022593516814 0.857276344632193 0.832129817196674 1 1 1
"441" 1 1 1 0.523135712008602 0.337636518114728 0.118619905683122 0.223935950575055 0 1 0
"442" 1 1 1 2.14424641579887 1.41261979578174 1.86790034893107 1.50212581784102 1 0 1
"443" 0 0 0 1.60651575244511 1.17370981045681 1.0284992774966 0.713604336596497 0 1 0
"444" 1 1 0 -0.709240173671783 -0.868187359930563 -0.717051661049065 -0.51926228151349 0 0 1
"445" 1 0 1 -0.17707127226303 -0.82113836040281 -0.256650298172215 -0.407233435925521 0 1 0
"446" 1 1 1 0.697046542259188 0.867717450828565 0.633583368463761 0.62166727412514 1 1 0
"447" 0 0 0 0.943236480963373 0.265345260992504 0.64729156734564 0.211140662190248 0 1 0
"448" 1 1 1 0.727180577755301 0.528804475933348 0.34670555482875 0.437361017885434 1 1 1
"449" 1 0 1 -1.30070617111662 -0.511596448442388 -1.02167817689596 -1.03724748710293 0 1 1
"450" 1 1 1 0.126088559861907 0.112394517494357 0.0537603722935639 0.340550014351333 1 1 0
"451" 1 0 1 -2.5770805695986 -1.7302389818221 -2.57018612847996 -1.69294613174082 0 0 0
"452" 1 1 0 0.417716929290125 0.900104535700982 0.507003517939941 0.0215820668524392 0 0 1
"453" 1 1 1 0.0251239392113544 0.27411339750988 0.230389603746953 0.0997301416929594 1 1 0
"454" 1 0 1 -0.0553763316300099 -0.166868139250642 -0.266650652107886 0.0614168281117479 0 1 0
"455" 0 1 1 -1.31777730911012 -0.641456544982451 -0.670139663038552 -0.430454488761554 1 0 0
"456" 1 0 1 0.173915625154662 -0.819006018421769 -0.176329832894565 -0.132921627013623 0 0 1
"457" 0 0 1 -0.0100285374471754 0.353067555806861 0.176093868845546 0.288073381384172 0 0 1
"458" 0 0 0 -1.22049481520489 -0.692363865074666 -1.03893872765092 -0.590469114085861 0 0 0
"459" 1 1 1 0.664554327370891 0.749796376311627 0.487054177659029 1.07388188010769 0 1 0
"460" 1 1 1 0.349086371247215 -0.124780908536048 -0.134726606091325 0.325024806843271 1 0 0
"461" 1 1 1 -1.25951797500154 -0.65588471463727 -0.875176222111026 -0.611135718623967 1 1 1
"462" 1 0 1 0.343061063839794 -0.264088569115713 -0.0741434987511166 -0.465734230751712 0 1 1
"463" 1 0 1 0.996135516556534 0.405969740863948 0.828620533742943 0.420793520356925 1 1 1
"464" 0 0 0 -0.657021253866431 0.371739950650993 -0.2570824247962 -0.397322915264164 0 1 0
"465" 1 0 1 0.318856368855661 0.0234939723679059 -0.0634220900079046 -0.242587401232851 1 0 1
"466" 1 1 0 0.0711505940818558 -0.443940329812825 -0.53911458980752 -0.494576864843564 1 1 0
"467" 1 1 1 -1.07527694250079 -0.580328099894874 0.0732078283183488 -0.456392466480784 0 0 0
"468" 0 0 0 -0.463925166104916 -0.487439423262988 -1.44262611949188 -0.799149965284541 1 1 1
"469" 0 1 0 -1.4774541337846 -0.691629838816608 -1.52983741003248 -1.26005257046752 0 0 0
"470" 1 1 1 1.28730731151556 1.09946025974026 1.34714447185888 1.25052308815583 0 0 1
"471" 0 1 1 0.387939093930567 -0.0719833664446003 0.621552248621251 0.157287769173761 1 0 0
"472" 0 1 1 -0.326652016955122 -0.182469461223844 -0.589811220341045 -0.217568443331842 0 0 1
"473" 1 1 1 1.62078154739713 1.13694248841888 0.966723803342404 1.38516193776373 0 0 1
"474" 1 1 1 -0.0480597791233424 -0.143002974076153 0.40184904678045 0.442519954196853 0 0 0
"475" 1 0 1 -1.75020730925864 -1.23633792497983 -1.19493805753533 -0.898906425885721 1 0 0
"476" 0 1 1 -1.01234839857136 -0.735232953624321 -1.06942061633265 -0.776339488409729 1 0 0
"477" 1 0 1 1.15140648769594 0.98343101680348 1.36483002041651 0.728625535931446 1 0 0
"478" 1 1 1 1.02977763577783 0.704662250624776 0.163514420157072 0.670788332739443 0 1 1
"479" 1 1 1 -0.371984404717933 0.467066185133512 -0.0798373941901999 -0.0158399556058952 1 0 1
"480" 1 1 0 -1.59840181599095 -1.50775611170106 -1.97072805972192 -1.33258296459641 0 1 1
"481" 1 0 0 -1.83060889618216 -1.42401833179113 -1.5198634173951 -1.05425794898049 1 0 1
"482" 1 1 0 -0.00267710930411078 0.391197850092382 0.135395532352299 -0.0647096223868124 0 0 1
"483" 0 0 0 0.873736131791324 0.231279859286612 0.552773329907689 0.40515575492035 1 1 1
"484" 0 0 1 0.245506810334285 0.428685662972755 0.304814589323462 0.677156252878257 1 1 0
"485" 1 0 1 0.551771099846116 0.502523678151368 0.955371669887048 0.760793751943879 1 0 1
"486" 1 1 1 1.87533217059735 0.894325731733411 1.7145138266646 0.972367060352154 0 1 1
"487" 0 0 1 -0.29146944739604 -0.416563033604639 -0.188712895489418 -0.0331552229713352 0 0 1
"488" 0 0 1 0.520761394615196 0.305209428622203 0.407518324279253 -0.0202990972887442 0 0 0
"489" 1 1 0 -0.139073821867317 -0.362127101898893 -0.0142357653080108 0.383508352391648 1 1 0
"490" 0 0 0 0.0246038018826474 0.112650777953702 -0.408390272977999 0.111650733347496 0 0 0
"491" 1 1 1 -1.2035789674259 -0.296709607604523 -1.06100658253247 -0.424487228919459 0 0 1
"492" 0 0 1 -0.0886001511385097 0.0525312195425234 -0.035454697195868 0.0398117856328651 1 1 0
"493" 1 0 1 1.37317689002562 1.45560038588752 1.6374337786392 1.24929622304543 0 1 1
"494" 1 1 1 1.55363577608297 0.892986896521604 1.87080961831043 0.776880897291531 0 1 0
"495" 0 0 0 0.894907322997709 0.43555491272874 0.468037264551063 0.393305044960578 1 0 1
"496" 1 1 1 1.15799728102058 0.448484947089654 0.427852041187422 0.689764534707268 0 1 1
"497" 1 1 1 -0.0189714276816794 0.0518924715372715 -0.139612520613465 -0.489206693334137 0 1 0
"498" 1 0 1 0.584459877642857 0.428733173640389 0.455410165133988 -0.106204410755921 0 0 1
"499" 1 1 0 0.675497438769856 0.481526780586855 1.49736090174836 0.668745071504228 1 0 1
"500" 1 1 1 0.642211416461708 0.679089929299795 0.762727111493523 -0.128815250396624 1 1 0
