"V1" "V2" "V3" "V4" "V5" "V6" "V7" "V8" "V9" "V10"
"1" 0 1 1 -0.433042064549557 0.0187842297608579 0.358255830677659 0.401466373981379 1 1 1
"2" 1 1 0 0.265041880121633 0.0725001287896738 0.155503143911266 -0.0160196666199694 0 1 0
"3" 0 0 1 -2.92957537003661 -2.13362799349881 -2.48239388278662 -1.85550699529505 0 0 1
"4" 0 0 1 -1.26533626002935 -0.683663986980628 -1.16798344001433 -0.647124226228394 0 1 0
"5" 0 0 0 0.201986233028479 0.277881764280739 0.286291903251322 0.49297798241453 0 1 0
"6" 1 1 1 0.252530823687933 -0.117218309966291 -0.262484449076868 -0.255937210165832 0 0 1
"7" 0 0 0 -0.600051409545966 -0.193365802891514 -0.249872754478324 -0.0696591085899065 0 0 0
"8" 0 1 0 0.240688569889914 0.38943560955216 0.435814666882426 0.652319622793603 0 0 0
"9" 1 1 1 0.835368956361212 0.121243257677607 0.710844150435319 0.775591301224714 0 0 0
"10" 0 1 1 0.185204081652518 -0.177885978550352 -0.243444898735753 -0.00329993836043939 1 1 1
"11" 0 1 1 0.0540946176040612 0.260417451174171 0.139708607614437 -0.0686200924071127 1 1 1
"12" 1 0 0 -2.31148954047915 -1.89193694630665 -2.29411382198697 -1.70162669497475 0 1 1
"13" 1 0 1 1.63666066885683 1.91777274541299 1.94271563822786 1.17964557845534 1 0 0
"14" 0 1 1 0.400838221628116 0.770531642998271 0.85270160727103 0.730655477280115 1 1 1
"15" 0 1 0 0.608327460924972 0.0434543581545996 0.552704317500839 0.276763431104782 1 1 0
"16" 1 1 1 -0.294484767149582 -0.0614841580168879 0.189079637057192 0.342266875600985 1 1 1
"17" 0 0 0 -0.466335177143009 -0.253537909691013 -0.640095606063401 -0.252208371970632 0 1 1
"18" 0 1 0 -0.945440982619768 -0.191729951656646 -0.161712222184982 -0.483363194635413 0 0 0
"19" 1 1 1 0.567319808508244 0.643855590310165 0.257542937953661 0.485033875675228 1 1 1
"20" 1 1 1 0.192675629017254 0.0427115849949454 0.148891578518201 -0.115619685794896 1 0 1
"21" 0 1 1 0.429073732838665 -0.164606430195587 0.675229161373483 0.967036666728825 0 0 0
"22" 1 1 0 0.0531717545001493 0.238379189423175 -0.003585131491112 0.355354513155732 0 0 0
"23" 1 0 1 0.369236002805734 0.0824296860262073 0.73051181382157 0.118052364973312 0 1 1
"24" 1 0 1 0.421887952649669 0.266291098999414 0.670803491091199 0.509646322027787 1 1 0
"25" 1 0 1 -0.563671376882549 0.179048077946688 -0.0140743991535099 -0.586766557556995 1 0 1
"26" 1 1 1 -0.539326375362308 -0.0701435778366684 0.0257746770397171 -0.26584004863233 1 1 0
"27" 1 1 0 1.75520632546444 0.833873747469808 1.68565551852688 1.80862243371475 1 1 1
"28" 0 1 0 -1.07927295916063 -1.00870622728473 -0.875929042829856 -0.426153054651558 1 1 1
"29" 1 0 1 -0.430732907374109 0.0183485990870144 -0.27296036357049 -0.186415306239407 0 1 1
"30" 0 1 1 -0.991385104717375 -0.39303138191476 -1.00363235376634 -0.892200829318452 0 1 0
"31" 1 1 0 -0.140471579636489 0.0601060651923863 -0.453742523794586 0.252981836927747 0 0 0
"32" 0 1 1 -0.0813165438196299 -0.0773916492153402 -0.0143698360845725 -0.307913783750692 1 0 0
"33" 1 1 0 -1.02578410912063 -0.718978742815788 -1.59994202441745 -0.314867848389311 0 0 1
"34" 0 1 0 -1.04704098336785 -0.458413715769428 -0.565794922284952 -0.88757362736413 1 0 0
"35" 0 0 0 0.689456931762553 0.265096416539861 0.0690108654355459 0.583053761621585 0 0 1
"36" 0 1 1 -1.56881444668703 -0.748136542283487 -1.83027773470313 -1.50587315481102 1 1 1
"37" 1 1 1 0.54689306248709 1.07644498134761 0.27833115340871 0.536941891250122 1 1 0
"38" 1 1 1 -1.42975318699214 -0.818412947790446 -0.960073832096379 -0.9019446752354 1 0 1
"39" 0 0 1 -0.078642105013575 -0.00440451593042465 0.351562843288354 0.313700109766518 0 0 0
"40" 1 1 1 1.21925084940477 1.08144333621348 1.45277333186544 1.01315523050555 1 0 1
"41" 1 0 1 -0.0868722345230472 -0.325955127038041 0.121366947684886 -0.471401086721112 0 0 1
"42" 0 0 1 -0.473831530676599 -0.524555694011465 0.0979630170045005 -0.221858958097045 0 0 1
"43" 0 1 1 -0.394349222332828 0.00326395861109235 -0.0116172527163731 0.36296600127746 0 0 1
"44" 0 1 1 0.270675094381331 0.452108279739894 0.0385332066301904 -0.0723821364439032 1 1 1
"45" 1 0 0 -0.345669203451454 -0.396049800809854 -0.502682454782066 -0.79848765506949 1 1 1
"46" 1 0 1 -0.976736830821158 -0.338988953911008 -0.865168246079901 -0.756998833715157 1 1 1
"47" 0 1 0 -1.27624181226198 -1.24495764135622 -1.25792264603443 -1.55834418836828 0 0 0
"48" 0 0 1 0.224713121341258 -0.125565985528196 -0.173146857154212 -0.2693267540515 1 1 0
"49" 1 1 1 -0.221554333301204 -0.0805975376075633 -0.408482848683738 -0.158271141700104 0 1 0
"50" 1 1 1 -1.63297936735996 -1.538357484266 -1.7755514477703 -1.69971192358499 1 0 0
"51" 0 1 0 -1.77133274370276 -1.84107028275265 -1.68227596102283 -1.20657230423553 1 0 0
"52" 1 0 0 -0.393921932563278 -0.599324924800416 -0.315847218160934 -0.300714572464277 0 0 1
"53" 0 0 1 -0.0642918602981756 0.110406473688007 0.0352733079897832 0.16598451491489 1 1 1
"54" 1 0 1 0.646347772814628 -0.112365406558929 0.24712008029709 0.372963072883504 0 0 1
"55" 1 0 1 0.0794337719553011 -0.00885059657257928 0.313329138884357 -0.640884035651939 1 1 1
"56" 0 0 0 1.00139293128164 0.904699719107723 1.10056459762226 0.675977704453608 1 0 0
"57" 0 1 0 0.850595607845404 0.533647366994187 0.379747755708589 0.791036330401558 0 0 1
"58" 1 0 0 -0.405079297788564 -0.419858480694607 -0.0843880709608268 -0.299080762670578 1 1 1
"59" 1 1 0 -0.0712873359416713 0.120204248075032 -0.167500545584676 -0.134913583359454 0 0 1
"60" 1 1 1 1.09620488302906 1.38648246267506 0.867393969541407 0.553495512674429 0 1 1
"61" 0 1 1 0.00196854644735303 0.321228698782397 0.150072935969235 0.186508210315336 0 1 1
"62" 1 1 1 0.545882424791494 -0.103390238492894 0.168140283256298 -0.28351480116711 1 1 1
"63" 0 0 0 -1.11544717089842 -0.756197102287058 -0.983416474190612 -0.900530387669892 0 1 1
"64" 1 0 0 -0.397716447148499 -0.0688617827536161 -0.0355997232395409 0.0963389437851877 1 1 1
"65" 0 0 0 -1.31136596955867 -0.389134188663311 -0.551170867875533 -0.657244570472602 0 0 1
"66" 0 0 1 0.235651124254264 -0.340134968520926 -0.306405180445408 -0.0157920788489125 1 1 0
"67" 0 1 0 0.749175108927724 0.302868077753722 0.697500141887825 0.512268161499612 1 1 0
"68" 1 0 1 1.47069378904307 0.977373035968835 1.64218581179879 0.668840612486391 0 1 0
"69" 0 0 0 -1.25870341316461 -0.0794781685890827 -0.340461624162181 -0.379837686030765 1 0 0
"70" 1 0 1 1.46917538865804 1.11863091118122 0.866668916477572 0.758482307760043 1 1 1
"71" 0 0 0 -0.57808178689161 -0.553499156670068 -0.590324002679756 -0.452811738941797 0 0 1
"72" 0 0 1 -1.00120387699241 -0.512196070012203 -1.47730829722563 -0.698497250999591 1 0 1
"73" 1 1 1 -0.90167870469714 -0.141239055684863 -0.493295523834722 0.0604815594458884 0 0 1
"74" 0 0 0 0.323647458465745 0.645808365821897 0.139295674654238 0.288196548890433 1 0 0
"75" 0 1 0 -1.03280405435573 -1.75227144176315 -1.2700724943075 -0.655209892189403 1 1 1
"76" 1 0 0 -1.15265965828278 -1.35884533154501 -1.54434890968986 -1.05861228228446 1 0 1
"77" 1 1 1 0.376725755999426 0.745719229780015 1.36323339321364 1.30535289801265 1 0 1
"78" 0 1 0 0.801917742416503 0.699947209486873 0.639218073062229 0.711124801991578 0 0 0
"79" 1 1 0 0.271728023167641 0.657832349092692 0.150380118991482 -0.0377743986845464 0 0 1
"80" 0 1 0 -0.167899489797909 0.87851296455108 0.303566716220636 0.239784170277157 1 0 1
"81" 1 0 1 -0.693225022224681 -0.0373768769535239 -0.916660585100888 -0.835130127347778 0 0 1
"82" 0 0 1 -1.96892449051834 -1.00743687460773 -1.32302171183957 -1.03648728068558 0 0 1
"83" 1 0 1 -0.207723520338865 -0.278646315555982 -0.406540941963777 -0.0497135853634573 0 1 0
"84" 1 1 1 0.98453925986925 1.2493239959393 1.08036883216931 0.825788147802834 0 0 1
"85" 1 1 1 -0.0916028601589975 0.644368461210408 0.103593501403612 -0.32907182645724 0 0 1
"86" 1 1 1 -0.938440610949357 -0.514737448281948 -0.376711199427079 0.0270345941734746 0 0 1
"87" 0 0 0 -0.544252038416713 -1.14980509065678 -1.09850589692401 -0.40966502799396 1 0 0
"88" 0 0 0 0.765184267595691 -0.114438240152213 0.68662852534655 0.304053950626819 0 1 1
"89" 1 1 1 2.80735091546025 1.54824415577264 2.37100676707935 2.09998589667668 1 0 1
"90" 1 1 0 1.30182895432466 0.89617870369341 0.638059218376158 0.707015204477659 1 0 1
"91" 1 1 1 1.73682962622399 1.18038687099723 1.60622132293285 1.64618489008245 1 0 1
"92" 1 0 1 0.762829536007932 0.348322961938531 0.631097600059638 0.650676427997452 1 1 1
"93" 1 1 1 -0.469877711614039 -0.27037637526619 -0.621507737696481 -0.0244340851197358 1 1 1
"94" 1 1 1 -0.414208919618274 0.041098262644659 -0.025224483194496 -0.237512208173077 1 0 1
"95" 0 0 0 -0.671798967516458 -0.316484358344319 -0.51857980906772 -0.125413356098479 0 0 0
"96" 1 1 1 -1.37984524854809 -1.04137820021948 -1.72216550231333 -1.16475623401917 1 0 1
"97" 0 1 1 -0.862949430274299 -0.592238910177656 -0.711285753800766 -0.870378408679368 0 1 1
"98" 0 1 1 0.649013012039595 0.59383344802526 0.564907624615774 0.301797447330361 1 1 0
"99" 0 0 0 -0.535269186370369 -0.510734634763574 -0.450766826744455 -0.327330317915799 0 0 0
"100" 0 1 1 0.347816490641233 -0.401380251909352 0.00467286582363125 -0.31344798986347 1 1 0
"101" 0 0 0 -0.695841694524721 -0.3627880290121 -0.59872545112858 -0.912091907952987 0 0 0
"102" 1 0 1 -0.577006945646606 -0.0471866318345542 0.0247701351221369 -0.434165483973344 1 1 1
"103" 1 1 1 -0.0320643607114896 0.163518028579039 0.107157193729369 0.825657701037072 0 1 1
"104" 0 1 0 -0.346170011276953 -0.218911468198904 0.39963972962587 -0.193861324395323 1 0 0
"105" 1 1 1 0.726319107369671 0.518299748988267 0.727930636617632 0.343630172527401 1 1 0
"106" 0 0 1 -0.959738484761471 -1.13816280685073 -0.88703603618818 -0.608157310043537 0 1 1
"107" 1 1 1 0.389403331371056 0.486629936907445 0.330654265876195 0.302856097687513 0 1 1
"108" 1 0 0 1.09382911449056 1.19263651017252 0.792700296783479 0.759129323485729 1 1 1
"109" 0 1 0 -0.883241267374861 -0.453358350526118 -0.931767322231993 -0.742719445092074 0 0 0
"110" 0 0 1 1.11770872346006 0.52628402903894 0.337623604131868 0.18917212609897 0 0 1
"111" 0 1 1 1.47903160378891 1.22504741703115 1.19167854598788 1.13018392914208 0 0 1
"112" 1 1 1 -1.05093716572743 -0.70095583745262 -0.839735261498837 -0.912038686149225 1 0 0
"113" 0 0 0 0.022873699860822 0.631937388882554 0.162673022596842 0.423596136399017 0 1 1
"114" 0 0 0 -0.427008893018808 -0.283563389237919 0.213839520171087 -0.408817176743237 0 0 0
"115" 0 1 1 1.67006562610833 0.707153406952535 1.27235834149769 0.467371706382856 0 0 0
"116" 0 1 0 0.481339586903524 0.499441288670653 0.296450985962061 0.140440277734673 0 1 0
"117" 1 1 0 -0.36268709669116 -0.363461304112743 0.230351170170374 0.118251053137242 0 0 1
"118" 0 0 0 -0.0955268245039467 -0.32478515383968 -0.21981815010518 -0.0572302760664401 0 0 1
"119" 1 1 1 -0.53417802355145 -0.585125176837376 -0.598593234575747 -0.288463429033098 0 1 1
"120" 1 0 1 -0.399530886560135 -0.234762817297457 -0.342509676270475 -0.0110065537152043 0 0 0
"121" 0 1 0 -0.494691073738323 -0.729523426095835 -0.667224266200468 -0.42667578592461 1 1 1
"122" 1 1 1 0.320165240931755 -0.560361914826129 -0.331401359284247 0.525253422514884 1 0 1
"123" 1 1 1 0.145133260716025 0.473223219689561 0.303066037114576 0.138651364146056 0 1 1
"124" 1 1 0 -0.0243290696586008 0.611131400631824 0.126048047102492 -0.0833360376896466 1 0 0
"125" 1 1 0 -1.32341264431918 -1.63207345414044 -1.41305369802614 -0.832437763114915 0 1 1
"126" 0 0 1 1.20551644746023 1.18746925182678 1.27087960142707 1.31630787594582 0 0 0
"127" 1 0 1 -0.395717876176567 -0.555418852389271 -0.0751689439359939 -0.336578742552897 0 0 0
"128" 1 0 0 1.13799996649726 0.628286400363018 0.468991596841979 0.463737766394421 1 0 0
"129" 0 0 0 -2.09103625127136 -1.44651103234271 -1.68294932219185 -0.877629500817259 0 1 0
"130" 0 1 0 -1.12099881844798 -0.540509910743939 -1.40049280272151 -0.940553163394914 1 1 1
"131" 0 0 1 -1.89784478419089 -0.9175278533927 -1.38964168515697 -0.515470719976629 1 0 0
"132" 0 0 0 -0.497287098221908 -0.618179008280693 -0.645817250023115 -0.510906227723261 1 1 0
"133" 1 1 1 -0.564557541579675 -0.949334098816722 -0.932942595604058 -0.645504627048977 1 1 1
"134" 0 1 0 0.137251759351073 -0.430120062255817 -0.358332805523169 0.170341667698313 0 1 1
"135" 0 1 1 -0.0379389965324382 0.0334193211958428 -0.255505113840444 0.39275535243136 0 1 1
"136" 1 1 1 0.711356142735252 0.955394613025897 0.905446432776233 0.650998092726668 1 1 0
"137" 1 0 1 1.70216867268813 1.48268368354463 1.04051319209143 0.873003997904353 1 1 1
"138" 0 0 0 0.0249579646264001 -0.382534706386733 -0.76923412095038 -0.0783016134984962 1 0 0
"139" 0 1 0 0.283329876340063 0.109888920511664 -0.0796562769024659 0.168827297538921 1 1 1
"140" 1 0 0 -2.33924803836231 -1.20588159210932 -1.23108317138982 -1.19159945397048 0 1 0
"141" 1 1 1 1.25540385942918 0.9145554847134 0.556402869201794 0.301719123630982 0 0 0
"142" 0 0 0 -0.316398665485993 -0.220583758577626 -0.461171729974483 -0.302801514952653 0 0 0
"143" 0 0 0 -1.13868957576865 -0.702748286963004 -1.14633741434217 -1.20869423920779 0 0 0
"144" 0 1 0 -0.470193008516498 -0.659608466396233 -0.532397045818553 -0.55609992803515 0 0 0
"145" 1 0 0 0.775418076121536 0.709514657732766 0.993826812419281 -0.0217070384939922 1 0 1
"146" 0 0 0 0.0270033193122 -0.273109594580175 -0.491009240214444 0.0415685323152528 1 1 0
"147" 1 0 0 0.224827126780484 0.287541115731772 -0.385593013678608 0.013862059191779 0 1 0
"148" 0 0 0 -2.22617726336034 -1.45585535241119 -2.51664096237069 -1.83508146012776 0 0 0
"149" 0 0 0 -1.73108278721826 -1.47098475036125 -1.5560976978907 -1.00082926239634 0 0 0
"150" 1 1 1 -0.65788392372736 -0.308789987838202 -0.525881865699191 -0.413776282658779 1 1 0
"151" 1 0 0 -0.599158186812883 -0.453747699703094 -0.525900738087929 -0.679871000068055 0 0 0
"152" 0 0 0 1.68499173029467 1.30819063479855 1.01988983402113 1.11649881626605 0 1 0
"153" 1 1 0 0.401150377867893 0.296553379116279 -0.183152885999257 -0.394878865120356 0 1 1
"154" 0 0 0 -0.0428470615335698 -0.57805291722951 -0.926664543651856 0.137820847782723 1 1 0
"155" 1 0 0 0.983301716717109 0.839365554481725 0.412147850638406 0.568661588170621 1 0 0
"156" 0 1 1 -1.07372716738449 -1.13594839115252 -0.965237202755439 -0.612026620415634 0 1 0
"157" 1 1 1 1.24512153529504 1.15694216215234 0.735650794076018 0.720258393456079 1 0 0
"158" 1 1 1 -1.31651552120726 -0.294592862365688 -0.362455092538257 -0.284234022210698 0 0 0
"159" 0 0 0 0.620545924881456 0.0374227902998719 0.425184103169674 0.380486604581816 0 1 1
"160" 1 0 1 1.02841401569601 0.278426450164008 0.411660426968589 0.472126879138166 1 0 0
"161" 0 1 0 -1.4411745574887 -0.705717057570163 -1.16836314735922 -0.74352620481597 1 1 1
"162" 0 1 1 0.734196845668606 0.420512792772759 0.345767908261964 0.250092875416445 1 0 1
"163" 0 0 0 0.660685609027229 0.924729034322919 0.888502707459274 0.469940147460939 0 0 1
"164" 0 0 1 -2.34522764039422 -2.17352899922323 -2.39654061485604 -1.95073572099348 0 0 0
"165" 1 0 0 -0.705673371784443 -0.509879925814575 -0.519420158054321 0.0195151015104903 1 0 1
"166" 0 0 0 -0.427631601409614 -1.70835985718947 -0.600421136891189 -0.375123199142028 0 0 0
"167" 0 0 0 -0.956230632535295 -1.08410105472266 -0.808094647196256 -0.924752279622678 0 0 0
"168" 0 1 1 0.979138398960503 1.30267189637394 1.52974829665284 0.992293008398136 1 1 0
"169" 0 0 0 0.231876590445138 0.229990117303102 -0.0840388636247824 0.110470528165787 0 0 1
"170" 0 0 0 0.934973504497498 0.649917698301985 0.651287944521549 0.808601033514045 0 0 1
"171" 0 1 1 0.45109999694823 0.0379530922402642 -0.086670663592754 0.252860066386019 0 0 0
"172" 1 1 1 0.452074019441106 0.246004056084885 0.647764805188718 0.539803690976459 0 1 0
"173" 0 1 1 2.35065808459675 1.35698661143012 1.82455471286169 1.4335053240977 1 1 0
"174" 1 1 0 -0.197035484152598 0.119060072959882 -0.400329859596543 -0.185392168884308 1 0 0
"175" 1 1 1 0.436308681574513 0.591681665549057 0.0799583009251265 0.316391085200068 1 1 1
"176" 0 0 0 0.662794377637503 0.293298214721565 0.66248199901854 0.426843264933018 0 0 0
"177" 0 0 1 -1.11695852726556 -0.744721512587321 -1.16758849665074 -0.884694016458802 1 0 1
"178" 1 1 1 -0.822117017803725 -0.320261917712632 -0.14465021099609 0.17969329294684 0 1 0
"179" 1 1 0 -1.11726297906564 -0.975408819549718 -0.810020251716312 -0.748762793259187 0 0 0
"180" 1 1 1 0.742705797261427 0.437115867131992 1.31840748395783 0.301743448091634 1 1 1
"181" 0 1 0 -0.226011146646227 -0.400186226934345 0.139892496849104 -0.302550031453036 0 1 0
"182" 1 1 1 0.220409373401631 -0.150842899176996 0.092233664682371 -0.388009593028493 0 1 1
"183" 1 1 1 2.58756286906221 1.6987485178782 1.85082981649978 1.46390604344429 1 1 1
"184" 1 0 0 -0.928320770598224 -0.218161769384215 -0.25667989487788 0.185664421539653 1 1 1
"185" 1 1 0 1.37556408725358 0.334645562546435 0.596119465843014 1.19181496127715 1 1 0
"186" 1 1 0 -0.830403662431945 -0.742359427147438 -0.818316349187889 -0.779434628528211 0 0 1
"187" 1 1 1 -1.08147269331517 -0.561119299300719 -0.832865810091501 -0.675570359879976 1 0 0
"188" 1 0 1 1.97200546420709 1.32605046979373 1.76354354636265 1.57374872246936 0 1 0
"189" 0 1 0 0.85408898071637 0.335254228961488 0.267122062263395 0.985301331792324 1 0 0
"190" 0 1 0 0.26035029609447 -0.225089245388808 -0.044453352396533 0.0929515526061899 1 0 1
"191" 0 0 0 0.812610093763132 -0.0109397548098754 0.151191064742698 -0.0120444744916498 1 0 1
"192" 1 1 1 2.44654303456353 1.67772567741057 1.73655008042425 1.35985836509922 0 0 1
"193" 1 0 1 -0.24196673681478 -0.309580459014654 -0.000189236543609295 -0.0854495285561181 1 0 0
"194" 1 1 0 0.687401935035346 0.272682482479271 0.641970004440266 1.01963675600949 0 1 0
"195" 0 0 0 -0.36506012132792 -0.637158012448694 -0.0107649761352334 -0.393731671444226 0 0 0
"196" 1 1 1 0.651228428637118 0.484254263913128 0.589591467225079 0.370678578999792 0 1 0
"197" 0 1 1 1.31351023538276 0.790538751938128 1.04915191220141 1.11780308836164 1 0 0
"198" 1 0 1 0.180218250870822 0.278037481103983 0.383060554310896 0.111200675589229 1 0 0
"199" 1 1 0 -0.754289039624745 -0.476636352594161 -0.302200733224045 -0.466091446578242 0 1 0
"200" 1 1 0 0.178082509687527 0.169541493110067 0.182695951808853 0.103731029036013 1 0 0
"201" 0 0 0 0.76229777479549 0.231585980186345 0.6473132390861 0.235148113679888 1 1 0
"202" 1 1 0 0.0758019733215567 -0.494484593017988 -0.114278256728618 -0.229732842172956 1 1 0
"203" 0 1 1 0.185424195948777 1.29779655579144 0.175512483253839 0.571930741296411 0 0 1
"204" 0 0 0 -0.967932790424845 -0.512071719101365 -0.807012697973442 -0.799178237866985 0 1 0
"205" 1 0 0 1.10001725133258 1.05977777497795 0.586529004710167 0.531093890167766 0 1 0
"206" 0 1 0 -0.726893858806607 -0.714899727018954 -0.937928841385437 -0.804146425899651 0 1 0
"207" 1 1 0 -0.182165816886541 0.408220795042757 -0.603691324786927 -0.394303277442095 1 0 1
"208" 1 0 0 -0.11405483206696 0.0962819413874201 -0.537734626838423 -0.322062340853576 0 1 0
"209" 0 1 1 -0.337133284588502 -0.979325803011232 -0.44066191338253 -0.179879151658107 0 0 1
"210" 1 0 0 0.785908149755542 0.200260238705104 0.983572534634657 0.409164178195361 1 1 0
"211" 0 0 0 0.195296910734063 -0.177428472975484 -0.0434163047382603 0.318841596853374 1 1 1
"212" 0 0 0 0.868663354430125 0.436112823098383 0.456588490347324 0.756534712641057 1 0 0
"213" 1 1 1 -0.654542686938221 -0.765118533576002 -0.327731974568107 -0.660173261710502 1 0 0
"214" 1 0 0 -0.243008799138009 -0.561679706862124 -0.0174526822671619 -0.368979044544363 0 0 0
"215" 0 0 0 -0.283645297928441 -0.0835099370277568 0.110375889320212 -0.545998623795511 1 1 0
"216" 0 0 0 -1.67781160391796 -1.24444620819473 -1.78396114167961 -1.66173668414319 0 0 0
"217" 1 1 1 0.331150607495171 0.253068138551341 0.400038085515921 -0.0295240790933737 1 1 1
"218" 1 1 0 0.925080778127203 0.720859215782541 0.39499874607936 0.561981101829136 0 1 0
"219" 1 1 0 0.61464603170796 0.794938065907773 0.219504080702954 0.580075381625513 1 0 0
"220" 1 0 1 0.258250793178371 0.14135696866117 -0.186000891878089 0.569524567119078 0 0 0
"221" 1 0 1 -0.693920365302053 -0.153543816798031 -0.366149723862778 -0.147574718289418 1 1 1
"222" 1 1 1 0.728638779134632 0.191489824032633 0.938778726041875 0.684099970140497 1 0 1
"223" 1 0 1 0.0309103951929315 0.0723351462126794 -0.31944046270237 -0.235865891679689 1 1 1
"224" 1 0 0 0.518638514955492 -0.0143498637826596 0.716131716408471 0.208437417585207 1 1 1
"225" 1 0 1 -0.686502199844819 -0.343784847411841 -0.307615105439168 -0.418207148475123 0 0 1
"226" 1 1 1 0.106483371996024 0.197902552362732 0.189589508268792 0.112047033854185 0 0 0
"227" 1 1 0 -0.906196214968254 -0.727658278433163 -0.601246932375898 -0.51344024087234 1 0 0
"228" 1 1 0 0.666686219795496 0.156704798690139 0.781832450314702 0.393428661325756 0 1 1
"229" 1 1 1 -0.73353393836373 0.115617887923202 -0.0882285513752561 -0.00818745223030728 1 1 0
"230" 1 0 1 0.68380670691624 0.36528119664791 1.19930425776827 0.15203619111247 0 0 1
"231" 1 0 1 0.967407580367266 0.490002587977441 0.107632471223931 0.765466955305924 0 0 0
"232" 0 0 0 0.217084774380036 -0.248773943872023 -0.118891099012554 0.343815271059514 1 0 0
"233" 0 1 0 0.60087492277185 0.769639171699094 0.687257957678294 0.453685049737749 1 1 1
"234" 0 1 0 -0.831816627478559 -0.595680561487256 -0.537390745773594 -0.836319076492664 0 1 1
"235" 1 1 1 -0.567478385636016 0.0978681320388676 -0.124576588331727 -0.195591538609075 0 1 1
"236" 0 0 0 -1.56001354173022 -0.908788281567791 -0.938378559346362 -0.814119407988209 1 1 0
"237" 1 1 1 1.26683800949007 0.916045501388037 1.33617010822075 1.24867429677208 1 0 1
"238" 1 0 1 0.35967545801921 -0.00667596291493949 0.728381214703323 0.769403940193857 1 1 1
"239" 1 0 0 -0.0866562040208709 -0.159584302751623 -0.613961339242063 -0.0785668455702707 1 0 0
"240" 1 0 0 -0.817883311155572 -0.810617225039714 -0.785976812851657 -0.202457559891325 0 0 1
"241" 1 1 1 1.42211060170746 1.64961731579641 1.69274549535946 1.34980455025965 1 0 0
"242" 1 1 1 2.05335662957123 1.92761971651118 2.04192283767294 1.82731228102571 0 1 1
"243" 0 0 1 -0.78182984620383 -0.956335124877853 -0.81265863462141 -0.218003676432393 0 1 0
"244" 1 1 1 0.133735810117303 -0.167774959152324 -0.178008037902508 -0.0187615910228672 0 1 0
"245" 1 0 1 1.58469002223352 1.21360865609087 1.26657572393614 1.06500849907162 0 0 0
"246" 1 0 1 1.95918872714337 1.23003680144564 2.02819735187925 1.59125312023805 1 1 0
"247" 1 0 0 0.0519504896555975 -0.0490212768522019 -0.368332855917968 -0.0610460466318939 0 1 1
"248" 1 1 1 -0.434516712822021 0.733576821311186 0.117045995897604 0.620159876161928 0 1 1
"249" 0 1 1 -0.905537978162331 -0.0963089889626809 -0.467028524347616 -0.529364603291264 0 0 1
"250" 1 1 1 0.864215228344112 1.3296895135913 0.528980727135306 0.74110509502266 0 0 1
"251" 1 0 0 -0.165399256738104 -0.23787360150353 -0.639532140533265 -0.615246657394086 0 0 0
"252" 1 1 1 1.58536295350095 1.04735004021325 1.3913173138817 0.848835383581166 0 0 1
"253" 1 1 1 -0.102914793508503 -0.0923520481298598 -0.0315570985930758 -0.112299928100617 0 1 0
"254" 1 1 1 0.419329793802553 0.381117369350146 0.115597522436244 0.670897683168283 1 0 1
"255" 0 0 1 -1.50199141514465 -0.956360990797067 -1.46193919387278 -1.54707112569741 0 1 1
"256" 1 1 1 1.80127610818412 1.3153801861806 0.797418979435902 0.950980583121758 1 1 0
"257" 1 1 1 -0.888207071415535 -0.378367423375999 -0.552965091390601 -0.235838538663001 0 1 1
"258" 0 1 0 -1.10896884457772 -0.583005108600604 -0.468359263035936 -0.550902614311311 1 1 1
"259" 0 0 0 -0.400027613542586 -0.0949428899566416 -0.571826918067877 -0.322096334346852 1 1 0
"260" 1 0 0 -1.98075131570576 -0.802935893314527 -0.817345845707627 -0.712113167946371 1 1 0
"261" 0 1 0 0.53085701215643 0.401101592773869 -0.0476688130862683 0.212336716126702 0 0 0
"262" 0 0 0 -2.55103049544821 -1.55269989133491 -1.87828829260177 -1.12040402671016 0 0 0
"263" 0 0 1 1.5801350866599 0.969802151568411 1.25413375243493 0.946629365232417 0 1 0
"264" 0 0 0 1.15612860519399 1.28899482752757 0.595375296123734 0.338012422115812 0 0 0
"265" 0 1 0 0.211578513615716 0.0731794880901646 -0.569816734598936 -0.157789128001538 0 1 0
"266" 0 1 1 -0.782220820665623 -0.723055308927093 -0.786333184708851 -0.153111782929617 0 0 1
"267" 1 1 1 -1.05065545169843 -0.89688916889007 -1.28017511894307 -0.982078445479815 0 1 1
"268" 1 1 1 0.141279588894475 -0.0206356151529402 -0.0387828306895646 -0.239239912640162 0 0 1
"269" 1 1 1 -0.763691004334997 0.168676989190027 -0.411924253643569 -0.228189990616991 1 1 1
"270" 1 1 1 0.596133457451979 0.352118775346861 0.374561619950531 -0.0567256666023015 1 0 0
"271" 0 0 0 -1.35217361900685 -0.878692370071434 -1.12156525801776 -0.933086635810136 1 0 0
"272" 0 0 0 -1.63301949351444 -0.64210083081029 -1.48914503571036 -1.46058141938545 1 0 0
"273" 0 0 0 0.83566209753492 0.702553561993385 0.39181585619809 0.611651179280941 0 0 1
"274" 0 0 1 0.0112023039841891 0.135249521601536 -0.189358375243499 0.0512434662091186 0 0 1
"275" 0 0 0 -1.86601666064457 -1.20022924957546 -1.1212090517711 -1.18461399331428 1 1 0
"276" 0 0 0 0.258203497323619 0.236723057543317 0.0849590606640648 -0.484293712718699 1 1 1
"277" 0 1 1 -0.973475344501289 -0.694824164364268 -0.808994626375187 -1.01855760547822 0 1 0
"278" 0 0 0 -1.18289035024057 -1.2054236328285 -1.42470022018311 -0.525975365828028 1 1 1
"279" 0 1 0 -2.0434767638434 -0.889278223256586 -1.50516061054861 -0.961503298196738 0 1 1
"280" 0 1 1 -0.16662999794912 -0.192004307718287 0.124000313095262 0.101914689464919 1 0 1
"281" 1 1 1 -0.944149852826218 -0.771939922016909 -1.23680978646545 -0.858567829300176 0 0 1
"282" 1 1 0 -0.727700708487834 -0.891332905029419 -0.547544141680249 -0.7008288481374 0 1 0
"283" 0 0 0 0.319529156337027 0.514396728192925 0.812106814955954 0.229097427939379 0 0 0
"284" 0 1 0 -1.38187379073375 -0.952854125224039 -0.972719249694202 -1.04950073839938 1 0 0
"285" 0 0 0 -0.977136949269028 -0.928059448854842 -1.2511650048991 -0.801315270986404 0 0 0
"286" 1 1 1 1.10389450780647 1.0278676382321 1.0709245150737 1.01600528351359 0 1 1
"287" 0 0 0 -0.608957124187962 -0.292478171713307 -0.764796339448609 -0.583142741859391 0 0 1
"288" 1 1 0 0.429487208880188 -0.0538942082028089 0.747133850949284 0.658633350795866 1 1 1
"289" 1 0 1 -0.729402909499913 0.236475169208149 -0.787462160814309 0.0770167821070465 1 1 0
"290" 1 1 0 -0.935891174742938 -1.06103475880578 -0.966332265137233 -0.860926269802531 0 1 1
"291" 0 0 0 -0.163364897322936 0.222223206446508 -0.259403378939405 -0.463346016031784 1 1 1
"292" 0 1 1 -1.49749173931102 -1.70591078778241 -1.70045501275399 -1.27447524765321 0 0 1
"293" 0 0 0 -0.635631470594 -0.772512945771344 -0.340123845921619 -0.196857565909441 1 1 0
"294" 1 0 1 2.28185681708741 1.31355674648463 1.73018260758462 1.93365265486289 1 1 1
"295" 1 1 0 -0.908498331030037 -0.731911338573936 -1.25393976883937 -0.471493360834165 0 0 1
"296" 0 1 1 -1.62554336299788 -0.813102971095291 -1.25706685286965 -0.431611402256526 1 1 1
"297" 0 1 1 0.275977478097404 0.577978494081827 0.671261461539833 0.881550716316495 0 0 0
"298" 1 0 1 0.816262662363839 0.694556359337399 0.595976631547174 1.18103733495691 1 0 0
"299" 0 1 1 -0.461514781827576 -0.39365101814499 -0.0851632291524496 0.244754753764169 0 1 1
"300" 1 1 0 -1.59449438027828 -0.841260029305702 -0.760332894977767 -0.975738213842283 1 1 1
"301" 0 0 1 -0.452945219368731 -0.864604300601957 -0.539824199837478 -0.941741409781563 1 1 1
"302" 0 0 0 -0.303492730596423 -0.643947029630529 -0.300054471621011 -0.520395308473029 0 0 0
"303" 1 1 1 -0.423537053315749 -0.480820673572752 -0.587374882252787 -0.477539169504323 1 1 1
"304" 0 1 1 0.762389534922663 0.585140243130663 0.965962945743952 0.488336417884912 0 0 1
"305" 1 1 0 0.0951127281944648 -0.411516891785974 -0.30416244669271 -0.290346859737345 0 1 1
"306" 0 1 1 -0.204030098534733 -0.136825279199063 -0.381561985197247 0.288072249243549 1 0 1
"307" 1 0 1 0.310381824366269 0.183695900494987 0.0368273140707639 0.311897714839026 0 1 0
"308" 1 1 1 -0.0322452458219749 -0.121079276467103 0.128507586948503 0.0876700467512892 0 0 0
"309" 0 0 0 0.15886847290385 0.246371314535311 0.357205501960571 -0.0842436327494894 0 1 0
"310" 0 1 1 -1.05054543277187 -0.931778462542936 -1.15701352800811 -0.896797918884144 0 1 0
"311" 1 1 1 -0.458820486534006 0.0290305809859947 -0.878966303201702 -0.519083641071632 0 0 0
"312" 1 0 1 0.195317203336712 0.435968805191993 0.159850148113268 -0.0854904987380525 1 1 0
"313" 0 0 1 0.611597103405526 1.04399172458732 0.738856848790146 0.462436469617999 1 0 1
"314" 1 1 1 1.13979376233757 0.99441990072788 1.46218822692681 0.758616652448538 0 1 0
"315" 0 0 0 -0.447204721157195 -0.765379120958602 -0.258560542763692 0.102026412341334 0 1 1
"316" 1 1 1 0.306273551462885 0.193402617944928 0.196027979727094 -0.108509079416865 0 1 1
"317" 1 0 0 -0.332872566501483 0.141875468435825 0.0920940642927743 0.064848686278623 1 1 1
"318" 0 0 1 -0.791085189441934 -0.228599422976189 -0.498679270069916 -0.0772766502580137 1 1 1
"319" 0 1 0 -1.83791246060566 -0.782829048515415 -1.51758724450331 -1.48651802630244 1 0 0
"320" 1 1 1 0.283775757062881 0.28821636665986 0.0613298844997522 0.205740430250246 1 1 0
"321" 1 0 1 1.11563805657362 0.66501255063813 0.825829052261555 0.786227823817909 1 1 0
"322" 0 1 0 -0.84348281334166 -0.548935712012169 -0.862311630703628 -0.835685013804016 1 1 1
"323" 1 0 1 -0.196932414744011 -0.636797992716678 -0.00760189674436362 -0.355739058604085 1 0 1
"324" 1 0 1 0.968294707500543 1.47875825323482 1.34439517465349 0.980228285725723 0 1 0
"325" 0 0 0 -0.399901188069757 -0.258643692517679 -0.064077906755105 -0.0514071670638511 0 0 0
"326" 0 1 0 -0.0401290758601042 -0.241506895251434 -0.330099705894447 -0.513797083262699 1 0 0
"327" 1 1 1 0.968095294495554 0.967176577134598 1.36721797732254 0.684967797474935 0 0 1
"328" 1 0 0 -0.766778826092848 -0.006199737990093 -0.132900595235466 0.00143831613021594 0 1 1
"329" 0 0 0 -0.627674321986761 -0.373092413759299 -0.700332273998823 -0.905129309429644 1 1 0
"330" 1 1 0 0.219274614689939 0.401687049768888 0.49055619737972 0.0752703138884494 0 1 1
"331" 1 1 0 -0.767101680243431 -0.333234977952359 -0.423535254222243 -0.0452081849312372 1 0 0
"332" 1 1 1 2.23806426694948 1.56729931155745 2.23130033166055 1.11667713726388 1 1 0
"333" 1 1 0 -0.0411141489043023 0.126847604724783 -0.347032607873725 -0.324553410127991 1 1 0
"334" 1 1 1 0.968905041759537 0.441152685635041 1.18389555541806 0.913010091608208 1 1 0
"335" 0 0 1 -1.54015768950917 -1.64334983652368 -1.28630698747171 -0.990211164185059 0 0 1
"336" 1 1 1 2.2777035072814 1.25394026702389 2.21111765809829 1.44629385670041 0 1 0
"337" 1 1 1 -1.64261684613503 -0.944022919656973 -1.05358452544089 -1.18334367824618 1 1 1
"338" 1 1 1 0.746984989076972 -0.0777330991145616 0.187447660816017 0.362306400274866 1 0 0
"339" 0 0 1 -1.08794459656682 -0.774206330478893 -1.34042178917707 -0.706740801968404 0 1 1
"340" 0 0 0 -1.09546760392068 -0.834163448547601 -1.11224428781706 -0.925640966179643 0 0 1
"341" 1 0 0 -0.0907063105008342 0.115691923589532 -0.37182116922532 -0.410961963896464 1 1 0
"342" 1 1 1 0.616184146847939 -0.0965879514785142 0.72229056006825 -0.00695785610680494 1 0 1
"343" 0 0 1 -0.0988394507950485 -0.338828110331182 -0.273036394427787 -0.288713267882872 0 0 1
"344" 0 1 1 0.945845853819764 0.1646585217013 0.913091042712221 0.0739132035017106 1 1 1
"345" 0 0 0 -2.05332286932454 -1.82461496393563 -1.76226263564913 -1.24517751843301 0 0 0
"346" 1 1 1 0.525751430282885 0.445400285205401 0.609426671542717 0.773052694159421 0 0 1
"347" 0 1 1 0.0776268883320123 -0.379528853947316 0.444849516630264 -0.0217511405212166 1 1 1
"348" 1 1 1 -0.246741300431921 0.606179983796292 0.383413948886437 0.48378903337198 1 1 0
"349" 0 0 0 -2.01329124479472 -1.05839311074925 -2.05824321556023 -1.4596580665362 1 1 0
"350" 1 1 1 1.7000877463736 1.5564322312507 1.57801810209949 1.35227807982603 0 0 1
"351" 1 1 1 -0.79669871344441 -0.408052567995868 -0.884808436949641 -1.30487954041212 1 0 1
"352" 0 1 1 -0.246483674519282 -0.228011943820774 -0.412308414549311 -0.19941680680444 1 0 0
"353" 1 1 1 0.182945022842586 0.131036213705083 -0.238043140108006 0.40122756495532 1 1 0
"354" 0 0 0 0.64046354142742 -0.407537903532331 -0.204405521025783 0.0785085789991807 0 0 1
"355" 1 1 0 0.443571815381309 0.13291438245065 0.0948643404403914 -0.242236810581773 0 1 1
"356" 1 1 1 0.0612576812877282 0.241119499061648 0.312177678395012 0.155937156670334 0 1 0
"357" 0 0 0 0.366557628398964 -0.537832879909131 -0.0660535985972815 0.0820635903120043 1 1 0
"358" 1 1 1 -1.45662433503057 -0.605639158481594 -0.669805918177139 -0.579393924043614 1 1 1
"359" 0 0 0 -1.08702937154326 -1.4542724188668 -1.10661790458152 -1.25468632159367 0 0 0
"360" 1 0 1 -0.596892480301134 -0.255477929346902 0.357916275703193 -0.0525858285947152 1 0 0
"361" 0 1 0 0.198717882445532 0.333466211822113 0.38472415774451 0.680741916160366 0 0 1
"362" 0 0 0 -2.09290151071498 -1.84918922269144 -2.18248295729529 -0.915639391195419 0 0 0
"363" 1 1 1 3.11086359405495 1.72795415891179 2.02271504089633 2.00022213910767 0 1 1
"364" 1 1 1 -0.770719527454684 -0.260938564176909 -1.08444818878696 -0.722253922322634 1 1 1
"365" 1 1 0 -0.267902640522554 0.136665704541506 -0.0746585978346428 -0.020045389627118 1 0 1
"366" 0 1 0 -0.114646283673397 -0.326013757412362 -0.74041374702712 -0.392267553102559 1 1 1
"367" 0 0 1 -0.584748082027824 -0.40705409071073 -0.366449572356968 -0.136519172638238 0 1 0
"368" 0 0 1 -0.231381202498692 -1.11960599455602 -0.838510830176156 -0.578614590680038 0 0 1
"369" 0 0 0 0.557971103790923 -0.0389293844033511 -0.298219276812175 -0.0295854941623137 0 1 1
"370" 0 0 1 -2.08761664996963 -1.55356450480409 -1.72259015924457 -1.72186653016651 0 1 1
"371" 1 0 1 -0.530326691750846 0.210767232884934 0.152192075869827 0.274847439793463 1 0 0
"372" 1 1 1 -0.574213329172856 0.154012679892499 0.111220525827381 -0.475120257003657 0 1 1
"373" 0 0 1 -0.503177881872985 -0.64640133018333 -0.284722748297488 -0.0563086742146774 0 0 1
"374" 1 0 0 0.772450739431304 -0.0679231724192328 0.876830900514556 0.484616161357483 1 1 1
"375" 1 0 1 -0.620711896700585 -0.946674777203049 -0.460173424326808 -0.507138840042059 1 0 0
"376" 0 0 0 -0.56066336324919 -0.895211774590239 -0.628502812165283 -0.389686755928967 1 0 0
"377" 1 0 0 0.141249363867411 0.544411462638561 0.0449875496782672 0.932833499845113 0 1 0
"378" 1 1 1 0.754711489744875 0.93259681939323 0.810533318978743 0.793348095030992 0 1 1
"379" 1 1 1 2.02316800553833 0.913315480246661 1.42118125056378 1.27264248342733 0 0 0
"380" 1 0 0 -0.0349395833612314 0.099510548423346 -0.119800245422595 0.0396129661920647 0 1 1
"381" 0 0 0 -0.668235548453983 0.153780191326027 -0.438103466740647 0.383776372991764 0 1 0
"382" 0 0 1 -0.972059009798245 -0.577449834492633 -0.618264372262387 -0.306726328611597 0 1 0
"383" 0 1 0 -0.883805632132357 -1.19952472445066 -0.999058997891227 -0.368536411923897 0 0 1
"384" 1 0 1 0.436537737410976 0.0472677466628166 0.00740171309405997 0.234949033488887 0 0 1
"385" 1 1 0 -0.419379991350338 -0.40382708140207 -0.4862708554482 0.179500004507226 0 0 1
"386" 1 1 1 1.70928237197975 1.63359769293637 1.55664988105906 1.166101801764 1 1 1
"387" 1 1 1 2.11750126074615 1.31646144924771 1.92930047461826 1.63795275849318 1 0 0
"388" 1 0 1 -1.22418371455328 -0.556016465980091 -1.01936221013331 -0.984129791842982 1 1 1
"389" 0 1 0 0.145488657525871 -0.312358797813864 -0.193405941993521 0.122723029247825 0 0 1
"390" 1 1 1 1.12088217553775 0.284001875066237 0.73687541581219 0.113188558251967 0 0 0
"391" 0 0 0 -0.378705077621511 -1.20721580388157 -0.967775308627356 -0.820737833581917 0 0 0
"392" 1 0 0 0.526588076186774 0.170397251887744 0.071117914656544 0.268330021119992 0 1 1
"393" 0 0 0 -0.189803098573359 -0.079847774529068 0.459918007521654 0.67029886024914 0 0 0
"394" 1 1 1 0.478705848484172 -0.00163326865017138 0.400364730683981 0.560268619727119 1 1 1
"395" 0 1 1 -0.867221284748315 -0.163781521489966 -0.600689750037255 -0.292154630829644 1 1 1
"396" 0 1 0 -0.621381559609872 -0.503811640454648 0.00414472251322856 0.068740240427429 0 0 1
"397" 1 0 1 -0.394099777594991 0.0709991077782036 -0.304119577732573 -0.133975632632702 1 1 1
"398" 1 1 1 1.44432966074684 0.743560212726398 1.50499398865731 0.995952546460852 1 1 1
"399" 1 1 1 0.936044308016967 0.754157759514116 0.751570993844823 0.404858339702951 1 0 0
"400" 1 0 1 -0.511232505082465 -0.100702049794836 0.101515973808924 0.251012876699148 0 0 1
"401" 1 1 1 -0.0415612622132204 0.0878011616271593 0.109126504383339 0.00841165970251852 0 0 0
"402" 0 1 1 0.165627906082299 0.354813660884137 0.0765321532251939 0.279188490377989 1 1 0
"403" 1 0 0 -1.30871868326047 -0.906788396971323 -1.01974778552911 -1.12784985780245 0 0 1
"404" 1 1 0 -0.925528725253917 -0.147877944577523 -0.398270889534538 -0.387955675297792 0 1 1
"405" 1 0 1 0.408630823791479 0.410976899861622 0.458028126542233 0.245494001435055 0 0 0
"406" 1 0 1 -1.53886661683707 -0.956469505276212 -1.54136794338041 -1.06766026606737 0 0 0
"407" 0 1 1 0.694389095841415 -0.0556072000097541 0.691936102392751 0.373206012388312 1 1 1
"408" 1 1 1 -0.12004320404227 -0.276759473056005 0.1309205795031 0.449597369120343 1 0 0
"409" 1 1 0 -1.50508792905104 -1.23032843768656 -1.32616097201354 -0.923467829919689 0 0 0
"410" 1 1 1 0.135864145738105 -0.405333720523883 0.0599637856692088 0.467388424532035 1 1 1
"411" 1 1 1 0.661631888976433 0.0357965738200994 0.444009434018815 0.128618786680918 1 0 1
"412" 0 1 0 -0.108906252276812 0.0926651387097391 -0.0761795383474695 -0.0578936346710491 0 0 0
"413" 0 1 0 1.22762958866797 0.83553834340604 1.04238342248812 1.06740737312666 0 1 1
"414" 1 1 1 2.01708471734576 2.0665165511484 2.01298025455978 1.8637103513742 1 0 1
"415" 0 1 1 -0.124531228738279 -0.364070123333417 -0.596116873204109 -0.860832236022544 0 1 0
"416" 1 0 1 -0.371929141842321 -0.107229537426925 -0.135062699496087 -0.464426200522988 1 0 0
"417" 1 1 1 2.07783389973998 0.658686417771579 1.16013043712704 0.950395198385037 1 1 1
"418" 1 1 1 -0.67267475202062 -0.428340148095422 -0.113438880917626 0.0437685756857453 0 1 0
"419" 1 1 0 0.47162123317567 0.1258508506423 0.445730065714614 0.280192051686011 1 1 1
"420" 0 1 1 0.350148671216417 -0.482250458382697 0.321597092562159 0.430851206408006 1 0 0
"421" 1 1 0 1.67882103109422 0.64146850886609 1.36452658882109 1.4596679243054 1 1 1
"422" 1 1 1 0.750930732625723 0.503198696335902 0.594399151901513 0.263707657219651 0 1 0
"423" 0 1 0 0.214455945766212 0.24887481261506 0.303141903873819 0.145899067518447 1 0 1
"424" 1 0 0 0.671396595710908 0.232553737303161 0.352888946571148 0.26262184785208 0 1 1
"425" 1 0 0 -1.01334495233798 -0.592590159459621 -0.393757917209766 -0.372018375918059 0 0 1
"426" 1 1 1 0.96718281542568 0.574835349633882 1.26530103181523 0.405842919318379 1 1 0
"427" 0 0 0 -2.31481599872829 -1.42473060694718 -1.61464400168909 -1.60696563991824 0 0 1
"428" 0 0 0 -1.13510517827871 -0.332253862920139 -0.551141166244316 -0.96157148434277 0 0 0
"429" 0 1 1 0.21136394579021 0.614257374571164 0.0379239140238682 0.261676454518744 0 1 0
"430" 0 1 1 -1.03623025860168 -0.633922192759228 -0.702518167713154 -0.411517489818683 0 1 1
"431" 1 0 0 1.20084050071308 1.55244492550509 1.32753458062326 1.63558896122664 1 1 1
"432" 1 1 1 0.0490166904054558 -0.367706711995176 -0.222411568720752 -0.262457580956955 1 1 1
"433" 1 1 1 2.59869463950991 2.33862035172739 2.30235362206271 1.45763611641484 1 1 0
"434" 1 0 1 -0.530310908660897 0.119023715734323 -0.459250958959407 -0.777855680340311 1 0 1
"435" 1 1 1 -0.0496746829483844 -0.715722089301301 -0.623043217698394 -0.437220653702962 1 0 1
"436" 0 0 0 -1.21352292970008 -0.991083661004197 -0.589570702407159 -1.05189972369581 0 0 0
"437" 0 0 0 -2.06070378666129 -1.61623470490197 -1.75599173005858 -1.26892713959515 1 1 0
"438" 0 0 0 -1.59694559076152 -0.89802938568151 -1.20647441157756 -0.6957167613006 0 0 1
"439" 1 1 0 0.180351897803276 0.28881075999814 -0.150302188917135 -0.135233494981885 0 0 0
"440" 0 1 1 0.774772307490707 0.1916317030326 1.12230028567066 0.451769487688802 0 0 1
"441" 1 0 0 0.239886380438542 -0.397768810913373 -0.362204587776353 -0.305662588866771 0 0 0
"442" 1 1 0 2.15007699922625 1.79534371995705 1.85595435885296 1.42879315429534 0 1 0
"443" 1 1 0 1.24155798752169 0.883613011785972 1.20090574143492 0.874825354395185 0 1 0
"444" 1 0 1 0.274366232690589 -0.0234659537157115 -0.464405889617386 0.512128412233282 1 1 0
"445" 0 0 1 -0.808488929270935 -0.417350326365552 -0.572516294530794 -1.50858728052258 1 1 0
"446" 1 1 1 0.0378262705520725 -0.125872328175981 -0.07692614404531 -0.331957789599801 1 1 0
"447" 1 0 1 -0.803137520714453 -0.933516934607732 -0.791498184967772 -0.300998901540176 1 0 0
"448" 0 1 1 -0.805726971160353 -0.201370274164837 -0.269086473065165 -0.539313277490245 0 0 0
"449" 1 1 1 -0.308948073489059 -0.0274712960607744 -0.0813083673722612 -0.183041519851711 1 0 1
"450" 0 0 0 -0.701839229024092 0.0253621854261864 -0.538349243255252 -0.239809497057733 1 1 1
"451" 0 1 1 -1.23593205467932 -0.968453781745309 -1.23961153745615 -0.799638191939864 1 1 1
"452" 0 0 0 -1.43356110731409 -1.15002318406966 -1.50667554256707 -1.20491029497802 1 1 0
"453" 0 0 1 -0.205246747171147 0.292754042402997 -0.335832140575387 -0.291864959151028 0 1 0
"454" 1 1 1 0.602818765430853 0.225266178203257 0.391992050262225 0.276548717592383 1 1 1
"455" 0 0 1 -0.0246485924951966 0.0182064219693213 0.570560943537108 0.676617188324906 0 0 0
"456" 0 0 0 3.0126469615614 2.17230404787195 2.16201187530695 1.72153923345214 1 0 0
"457" 0 0 0 -0.967450351889713 -0.958739276511304 -1.21561139857621 -1.08123071696995 0 0 0
"458" 0 0 0 -0.0990772732046618 -0.463628080150809 0.0763593019964587 0.0443686536511612 0 0 0
"459" 1 1 1 0.331193031800667 0.244760227657292 1.04167273522841 0.111666540602168 1 0 1
"460" 1 1 1 1.10083808582137 0.822836437098819 0.938748739222076 0.480980882329763 1 0 0
"461" 0 0 1 0.246864546194999 0.220081147375287 0.163616119333335 0.284757392904298 1 0 1
"462" 1 0 1 1.18805877388522 -0.524025244377561 0.028269225472133 -0.261225882360166 1 1 1
"463" 1 1 1 1.21489128706548 0.216543032786422 0.655490674299235 0.41877499647476 1 1 0
"464" 0 0 1 0.17797723773805 0.484741131123037 0.270485249972623 0.66396793104872 0 1 1
"465" 1 1 1 -0.497525923543603 -0.329367451161987 -0.458040689640274 -0.129637313147428 1 1 1
"466" 0 0 0 -1.84841387825215 -1.35552091858741 -1.41509193261512 -2.01633138670268 0 0 0
"467" 1 0 0 -0.431717259524362 -0.291586075935476 -0.447678102715044 -0.540792266008746 0 0 0
"468" 0 1 1 1.16667748490208 0.396599340656941 0.349921698356838 0.261103871222312 0 1 0
"469" 0 1 1 -0.202620675907221 0.097053424439239 -0.606891596728414 0.199055756634383 0 0 0
"470" 1 1 1 -0.553881360758109 0.168353172983974 -0.946432265897899 -0.861180379631888 0 1 0
"471" 0 0 0 -0.599781696295856 -1.36834512193332 -1.06625255707578 -0.588274830062724 1 0 0
"472" 0 1 1 0.710774050281149 -0.315308973075666 0.187135238668309 0.522670694757505 0 1 1
"473" 1 1 0 1.35399941008605 0.692246660265522 0.737395639715211 -0.0641302185078768 1 1 1
"474" 0 1 1 0.191854266547337 0.412159428697589 0.345478613399794 0.439865370978225 0 1 0
"475" 1 1 1 0.996962882215227 0.573650466315345 0.588335198051033 0.864058588413728 1 1 1
"476" 1 1 1 -1.18300734917496 -0.142419552524433 -0.920237397163647 -0.312692118685864 1 0 0
"477" 0 1 1 -0.260116054663562 -0.0127190354562124 -0.712060662049335 -0.357727655603817 0 0 0
"478" 0 1 0 0.847780140773853 0.935667828544322 0.751972242589295 0.446414530873996 1 1 1
"479" 0 0 0 0.384343071798178 0.586131830007149 0.718538908846271 0.497094010914461 0 0 1
"480" 0 0 1 -0.0969372535509369 -0.633891968177815 -0.507494520242336 -0.141353154197209 0 0 0
"481" 0 1 0 -0.423352930783491 -0.615352633382068 -0.71837529505799 -0.544597621467308 1 0 0
"482" 1 1 1 3.16332753337464 1.57117795549645 1.85156137640439 1.64079589626112 1 1 0
"483" 0 0 0 1.33136552622066 1.44109320864536 1.44632768697058 0.592117052745501 0 0 1
"484" 0 1 0 -0.803057379798495 -0.893774809815941 -0.463731450718498 -0.696511999066399 0 1 0
"485" 0 1 0 -0.0951063062209759 -0.351370398503246 -0.0026716300407193 -0.0898297738871732 0 0 0
"486" 1 0 1 0.452369460667534 0.380363533622233 0.355555368664089 0.196189501256916 1 1 0
"487" 1 0 0 1.0361159509473 0.651590569778339 0.968638639910991 0.571157242415251 1 0 0
"488" 0 0 1 0.990285837493248 0.82081390276948 1.5253187520529 1.28195227853325 0 0 0
"489" 0 0 0 -0.0658344484582526 -0.659613971917852 -0.182783794413053 -0.125117356639902 0 0 1
"490" 0 1 1 0.087287882946384 -0.014243140757466 0.305313798028057 -0.0249301203677308 1 0 1
"491" 1 1 1 1.34195873939687 0.644769916165617 1.00059463025679 1.35553036797364 0 0 0
"492" 0 0 1 -0.29108432737932 -0.389614169468204 -0.425315557133376 -0.449037221213212 0 1 0
"493" 1 1 1 1.2032341552499 0.988269375962928 0.965925369972777 0.407792984747294 0 1 0
"494" 1 1 0 1.1475263973081 0.462525449437832 1.25455993111264 0.524972943617011 1 1 1
"495" 1 1 1 1.42849836616003 0.684607161921885 1.45778682732698 0.780861737217886 1 0 1
"496" 0 0 1 -0.559220455928057 0.443827527831317 -0.0251671983005545 0.250864723310553 1 1 0
"497" 0 0 0 -1.9921498663601 -1.13839289564265 -2.04984895617996 -1.42955505988797 1 1 0
"498" 1 1 1 -0.620493203410248 -0.500988730917858 -0.0727417208270663 -0.908518625341588 1 1 1
"499" 0 0 0 -0.175372405022935 -0.716011409612482 -0.00152969446044922 0.0949840092200673 1 1 0
"500" 1 0 0 -0.629526066178701 -0.400599546695343 -0.164756409733633 -0.489534073688848 0 1 1
