"V1" "V2" "V3" "V4" "V5" "V6" "V7" "V8" "V9" "V10"
"1" 1 0 0 -0.0800056402402268 0.134833998625676 0.388825334265289 0.150146177574729 0 0 0
"2" 1 1 1 -0.252469003017306 -0.606656589299866 0.206946553840287 -0.252235548796026 1 1 0
"3" 0 1 0 0.463387512715556 0.767735461895926 0.0750983476682542 -0.0123199038989907 0 0 0
"4" 0 0 0 -0.136360465760908 -0.331380454064766 -0.105624808971442 -0.110948194257006 0 0 0
"5" 0 0 0 -1.15890030552978 -0.865890429978686 -1.6755981758113 -0.918002442852432 0 0 1
"6" 1 1 1 2.3340546738693 1.5002957772962 2.16021070991519 1.79274326016862 0 0 0
"7" 0 1 1 -2.73100085050584 -1.42880568911613 -1.8879757939451 -1.32802082860709 0 0 1
"8" 1 0 1 -0.844209119086771 -0.723994330417451 -0.77416371411273 -0.915588048774661 1 0 0
"9" 0 1 0 0.0620375923963463 -0.202824641000901 -0.680360022028304 -0.450999130344643 0 0 0
"10" 1 1 1 -1.0273715374509 -0.831003400156822 -0.769927361710518 -0.438045379002617 0 1 0
"11" 0 1 0 -1.20909174847838 -0.94414397864207 -0.539421819850402 -0.808589338121574 1 0 0
"12" 1 0 1 -2.0378506993802 -1.37879084041412 -0.815020146700531 -1.08277870198989 1 1 1
"13" 1 1 1 0.771506826652012 0.174501362442721 -0.029132052725907 -0.17591864346978 1 0 1
"14" 1 1 1 -0.906923013684274 -0.571447440542386 -0.611011079242778 -1.05085981019659 0 1 0
"15" 0 0 0 -0.64230623286989 -0.638152782374367 -0.421945289663233 -0.376134204631222 0 0 1
"16" 0 1 1 -0.4260486035876 -0.0837852603097389 -0.773494262086446 0.168863754591454 1 1 1
"17" 1 0 1 -0.449840407437908 -0.100937302346557 -0.0928085531385469 -0.862295455981841 0 1 0
"18" 1 1 0 0.139650393041681 -0.0175264030270184 0.191761832904094 0.362942195452319 0 1 1
"19" 0 0 1 1.80264042430556 0.966540992426611 1.29128375115419 1.80308901090864 1 0 0
"20" 1 0 1 -1.5711953170053 -1.60382655474086 -1.38032708867811 -0.771770673121984 1 0 0
"21" 1 1 1 -0.981671855413248 -1.14957793717678 -1.44418896672968 -0.656675637015462 1 1 0
"22" 1 1 1 0.911849747715764 1.08629011451695 1.35006516328051 0.42788331862368 0 1 1
"23" 1 1 1 1.75863908384851 1.18611355510447 1.38072699906672 1.33168418205443 0 1 1
"24" 1 1 0 -0.959115880685083 -0.359168750678762 -0.637703560256761 -0.929224888033814 0 0 1
"25" 0 1 0 1.56722188955074 0.245978814623137 0.352499289840293 0.60409652202542 0 1 0
"26" 1 0 0 -0.893775500420272 -1.01454376048902 -1.02287175421635 -1.05618220880957 0 0 0
"27" 0 0 1 -0.459618371550358 -0.632291252846353 -0.892297622450666 -1.26936069261761 1 1 1
"28" 1 0 0 -0.160652861752916 -0.497683541622311 0.0112324415120654 0.00089328055193022 1 1 1
"29" 1 1 1 0.181333682123012 -0.0314306698705295 0.0118410340277986 -0.1892171468787 1 0 0
"30" 0 0 0 -0.787237893739632 -1.43764027087088 -0.769528444629648 -0.813452878873041 0 0 0
"31" 1 1 1 2.68279329674575 1.4675690405382 1.69527007493884 1.72175640747849 1 1 1
"32" 1 0 0 -0.0535389018826163 -0.144093323768552 -0.193645441286968 0.0703369794520379 0 1 0
"33" 1 1 1 0.859275530520963 0.348696580529948 0.705911195128829 0.50088673662589 0 0 1
"34" 0 1 1 -0.747408487387995 -0.511264379625071 -1.07895278825621 -0.68140538166766 0 0 1
"35" 0 0 0 0.0211160067704404 -0.2691916588083 -0.254076115347312 0.116538296969787 1 0 0
"36" 0 0 0 -0.240205698152069 -0.453998198811351 0.0251207813975829 0.0350617136647935 1 1 1
"37" 0 0 1 -0.756132371410111 -0.969322586974642 -0.984223281762938 -0.897356205827262 0 1 1
"38" 1 1 1 -0.696102905395689 -0.590324747474642 -1.06130782045635 -0.941897186374356 1 0 1
"39" 1 1 1 1.53687143541857 1.2128001220087 1.19902445857372 1.17762509809042 1 0 0
"40" 0 0 0 0.518775020578833 0.0469135007981721 0.467508438318823 -0.25955982119399 1 0 1
"41" 1 1 0 -0.827080232890137 0.0712180656023136 -0.249145731813744 -0.000659725919872955 1 0 0
"42" 1 0 0 -1.17862652924614 -1.78325704051124 -1.38277897902078 -1.34694959217896 0 0 0
"43" 0 0 0 -1.54359263317256 -1.45806783795148 -1.12184452543223 -1.44807610780081 0 0 0
"44" 0 1 1 -0.928600755820431 0.0505936976917402 -0.240657829725578 -0.204823260244192 0 1 1
"45" 0 0 0 0.292054432352991 -0.510147453195636 -0.61946967870455 0.365445493917786 1 0 0
"46" 0 0 0 0.341298347024298 0.297961039742955 0.319277302850348 0.672292247852826 0 1 0
"47" 1 1 1 0.771065839910773 0.662460089335824 1.11236917778409 0.571624643133898 1 0 1
"48" 0 0 0 0.810218596910518 0.0380115178741415 0.712670876949886 0.431748431451206 1 1 0
"49" 0 0 0 0.647506352129999 -0.463785304134126 -0.219151418015222 -0.599443375405158 0 1 0
"50" 0 0 0 -0.396343520968952 -0.644018768035835 -0.141783382817864 -0.990221462072219 1 0 0
"51" 1 0 1 1.38970939891918 0.849576514787381 0.736527696778485 0.488479312366242 0 0 1
"52" 1 1 1 0.23061283139107 -0.168783187260579 0.117277511586879 -0.0644440184558181 0 0 0
"53" 1 0 0 1.02317237268099 1.03233818612676 0.666609068787988 0.401160709601955 1 0 0
"54" 1 1 1 0.196702359758828 0.649324473505863 0.964831452338443 0.538830364534214 0 0 1
"55" 1 1 0 -2.00323035059513 -1.50336551415085 -1.44829343237185 -1.33240741811589 1 1 1
"56" 0 1 0 -0.357497395649554 -0.862299543100409 -0.722200787403253 -0.0646033425872694 0 0 1
"57" 0 0 1 -0.926407718788135 -1.52936868979745 -0.94100655032216 -0.29688063450187 1 1 1
"58" 1 1 0 -0.73489847651694 0.0435565172887458 -0.216914199700651 -0.0871460422032236 1 1 0
"59" 0 1 0 0.208658384778422 -0.273362359847744 -0.2197796761101 0.134956680874803 0 1 0
"60" 0 0 0 -2.41350262870928 -1.33132368428292 -1.68452177634984 -1.36974362810816 0 0 0
"61" 0 1 0 -0.32979168206007 -0.385143002743705 -0.288755346365527 -0.209608466321986 1 0 1
"62" 0 1 1 -0.836435405193496 -0.441504755392453 -1.02445090758105 -0.362810575706198 0 1 0
"63" 1 1 0 0.767593332266003 0.786667352740205 0.46641399714072 0.640384097395143 0 1 1
"64" 0 1 1 0.456511775920456 -0.0150655623255551 0.124975999564639 -0.342198644881876 0 0 1
"65" 1 1 1 1.1845839433482 1.59861579251381 1.34554513253201 0.94840796450461 1 1 1
"66" 1 0 1 1.08955202180317 0.812803242919419 0.878229255394993 0.221018911346396 1 1 1
"67" 1 1 1 1.70543327028194 0.707421331996383 1.36136517157869 1.32955541916668 1 1 0
"68" 0 1 1 0.261808898787705 0.270813148779634 0.494811209969774 0.909202539552445 0 0 1
"69" 1 1 1 -0.758934382406967 -0.684642476232046 -1.06055534888322 -0.486486210200255 1 0 0
"70" 0 1 1 0.587802333113411 0.461555149346602 0.328340468667457 -0.0860599155794731 1 0 1
"71" 1 0 0 0.223514171506853 -0.301836653153605 -0.0716601165927333 0.512014045938072 0 1 0
"72" 1 0 0 1.29429570908838 0.628784136045718 0.619724795018664 0.111809479755055 1 0 1
"73" 1 1 1 0.788711717081701 0.717334357042718 0.609828978898099 -0.484614913736068 0 1 0
"74" 0 1 1 0.739525908948246 0.531325025711952 0.922162121432037 0.926504633687646 1 0 0
"75" 0 0 0 -0.739939155854255 -0.48479746151802 -0.94415782194168 -0.508206041464365 1 0 0
"76" 1 1 1 0.754945984428632 0.515677282406409 0.763055021450531 0.714914980783667 1 0 1
"77" 1 1 0 -0.70855012838166 -0.249473469055464 -0.526706736084238 -0.635711970839208 1 0 1
"78" 1 1 1 0.384615345215982 0.215716112959009 0.210527940702505 0.272836881193476 0 0 0
"79" 1 1 0 1.33299712385563 1.31737608782009 1.78671489980092 1.36693645103561 1 1 1
"80" 1 1 1 -0.113133070850058 0.149304163403459 -0.176255864508568 -0.428041210132607 0 0 0
"81" 0 0 0 -2.34617121004014 -1.61277586866133 -1.62029698320039 -1.88057493269523 0 0 0
"82" 1 1 1 0.635551785643247 -0.00232853511194636 0.456982296026635 0.364893397933835 1 1 1
"83" 0 0 0 -0.763275222322257 0.293116965111944 -0.960856675393515 -0.577492244849496 1 1 0
"84" 0 1 1 0.223214878549345 0.062433585861209 -0.0906768951167597 0.345411757622298 1 0 0
"85" 1 1 1 -0.85643851627172 -0.684551607820229 -0.508354027466607 -0.833289503150116 0 0 0
"86" 1 1 1 0.104265405279462 0.328084194113317 0.109443677693283 -0.117606579048172 1 0 0
"87" 1 1 1 2.32948891629206 0.945775455683712 1.60632046519866 1.35328340855526 1 0 1
"88" 0 0 0 -0.576034879495994 -0.192583947862113 0.247999176763512 -0.187519856222663 0 0 1
"89" 1 1 1 1.79239947292144 0.744619063169461 1.475749007047 1.05618134178606 0 0 0
"90" 1 0 0 -0.333120418761835 -0.701356863960237 -0.512040856797127 -0.361960156141173 1 0 1
"91" 0 1 1 0.207502870256718 0.438849421852458 0.308877744324588 0.0815459312144023 0 0 0
"92" 0 1 0 -1.82799278965907 -1.68263466858731 -1.12969645871574 -1.41260271929503 0 1 0
"93" 1 1 1 0.182393458226945 0.394967008759311 -0.212294007357018 0.285359666153153 1 0 0
"94" 1 1 1 1.82102586444209 1.53007048125058 1.26567017990844 1.47356426664474 1 0 0
"95" 0 0 0 1.04838183378986 0.371143730296151 0.341655740494896 0.579147366105293 0 1 1
"96" 0 0 0 -0.603991110726648 -0.312267863018443 -0.217530564302356 -0.219048471659281 0 1 1
"97" 1 1 1 0.993027268558622 1.27759635315357 1.37902083077781 0.458581942250722 1 1 1
"98" 0 0 0 -0.382040936250564 -0.242365357789337 -0.390311926623992 -0.43968271086355 1 0 0
"99" 0 0 1 -1.45353877715019 -0.929691221537508 -1.23261722833552 -0.91007924240706 1 0 0
"100" 1 0 1 0.427609696525244 0.216669104267334 0.380867480885498 0.138314089574693 0 1 1
"101" 1 1 1 0.788128101912106 1.199038582635 0.967321417295252 0.888530050408298 1 1 1
"102" 1 0 0 -2.7823438045656 -1.9135956254943 -1.96312939901878 -2.25450764014098 0 0 0
"103" 1 1 0 1.01635804608763 0.830923976512416 0.913513520115067 0.826941878408432 0 0 0
"104" 1 1 0 1.34229320931547 0.664596227469324 1.371439266961 0.76852951237333 1 1 1
"105" 1 0 1 0.985130158144045 0.262006114446698 0.933995969305671 0.582473194223937 1 0 1
"106" 1 1 1 -0.117651242635284 -0.127784257295522 0.491045298233493 0.214533996322426 1 0 0
"107" 1 1 1 1.24088708193182 0.619078119151714 1.23876488836363 0.744370315887049 1 1 1
"108" 0 1 0 -1.96940541618316 -1.43221701902025 -1.7667264477201 -0.822762951926317 0 0 0
"109" 0 1 1 0.503055831397676 0.639978091862981 0.241438077680977 0.330219352580281 0 0 1
"110" 1 0 0 -1.10080982859348 -0.992299327569418 -1.19734994871962 -0.848017074434756 1 0 0
"111" 1 0 0 -0.711547375592538 -0.40504784434787 -0.235735794202591 -0.260150307370777 1 1 1
"112" 1 0 0 -0.176379387663682 0.127167356982036 -0.591653208241217 -0.407980880869692 0 0 1
"113" 1 0 1 0.556506016422711 -0.792245767033005 -0.184612954437328 -0.0352022386283691 0 1 0
"114" 0 0 0 -0.325037380892221 -0.873959223963837 -0.538645991271852 -0.878406802001837 0 1 0
"115" 0 0 1 -0.0118857761797733 -0.0193845520696029 -0.115114382833581 -0.29573765540634 1 0 1
"116" 1 0 0 0.396274408056814 1.36646247559875 1.11630473108207 0.937535636831258 0 0 1
"117" 1 0 0 -0.64455454228112 -0.19657077900266 -0.405207099927507 -0.669254669719842 1 1 0
"118" 1 0 0 -2.59995248630679 -1.99078944490847 -2.27115358882449 -2.04521628029172 0 1 0
"119" 0 0 0 -0.414483814853098 -0.749817415368522 -0.878851859744763 -0.476071891339002 0 1 0
"120" 1 1 1 0.95874181648052 1.24862566601409 1.32339157311021 0.94247546515107 1 1 0
"121" 1 0 1 0.273331637896468 0.554864804028544 0.455888636749618 0.922114375430251 1 0 0
"122" 1 1 1 0.0563393508171693 -0.109962762329876 -0.795305503983812 -0.670960731671176 1 1 1
"123" 0 0 0 0.0460777784524758 -0.323104259117692 0.242496929416596 0.769168862427699 1 0 1
"124" 1 0 0 0.0877346443354479 0.132212576013634 -0.772746830723801 0.127451936225536 0 0 0
"125" 1 0 0 0.0351023341536458 -0.0774076593057613 0.0261898718272601 -0.00374073180372343 1 1 1
"126" 0 1 1 0.370421357819375 0.428266108537202 0.161406484625452 0.101931953802534 0 0 0
"127" 1 1 1 -0.809602896434899 -0.448696729870234 -1.15702871039211 -0.514339420026178 0 0 1
"128" 0 1 1 -1.11697731378915 -0.574170739032633 -0.748206763556558 -0.826459790858262 1 1 1
"129" 1 0 1 -0.619750481403861 -0.506994799588408 -0.914915705289935 -0.0513507584241295 1 1 1
"130" 1 0 1 0.87784290277156 0.117358361181889 0.409928995652269 0.293029099818985 0 1 1
"131" 0 0 0 -2.29612652671985 -1.3759908438663 -2.07564445121284 -1.38272158999411 1 0 0
"132" 1 1 1 0.656550277500384 0.0608349644458982 0.268378443467251 0.52561995450311 1 1 1
"133" 1 0 0 0.135861294268155 -0.130963035025463 0.0146518218410608 -0.499313141596966 1 1 1
"134" 0 1 1 -0.26723863164619 0.460153211368626 -0.0778699351430241 -0.040382434212265 1 0 0
"135" 0 0 0 -0.228683857182392 -0.371526039498938 -0.270700893158842 0.364121760072882 1 0 0
"136" 1 1 1 2.79767090627666 1.65003225131268 1.96543341744596 1.74074759887989 0 0 1
"137" 0 0 0 -0.351171235466386 -0.38089407606469 -0.288571255092616 -0.00502785412834578 0 1 0
"138" 0 1 1 -0.437699707512119 0.121863933912058 -0.512166166650698 -0.669674866490969 0 0 0
"139" 1 0 0 -0.376642284076818 0.0124561376399588 -0.565913343397057 -0.216834888444293 0 0 1
"140" 0 1 1 -0.0517910525034868 -0.0464491325416477 -0.225320476571264 -0.136763213077104 0 0 1
"141" 0 0 0 -1.58141634531042 -1.10856085057825 -2.50048734172992 -1.21858382287599 0 0 0
"142" 1 0 0 -0.783418757744372 -0.970533697007667 0.0646338718293447 -0.975351645905589 1 1 0
"143" 1 1 1 0.769781837528695 0.521607139965181 0.39025616843768 -0.013924890986631 0 1 1
"144" 0 0 0 -1.14478190778633 -0.533175615210151 -0.72373555861126 -0.0790663779708405 1 0 0
"145" 0 1 0 0.760521083473424 0.550793693489173 0.0706901036506013 0.111378687335824 0 1 0
"146" 1 1 1 -0.419249839629188 -0.4799393028512 -0.664736891722052 -0.172513108480868 1 1 1
"147" 1 1 1 0.805198686128727 0.128433129558834 0.438183517461977 0.893763977093431 1 1 0
"148" 0 1 1 -0.190106748270848 -0.285740230622914 0.191229814564303 -0.11738981461606 1 0 1
"149" 0 0 0 -0.876257530634659 -0.800795812673426 -1.32309072646164 -0.362752352055367 1 1 0
"150" 0 0 0 1.32862839516881 0.757268572834931 0.634449534715564 1.01433493391852 0 0 0
"151" 1 1 0 1.69948672623563 0.524902382236653 1.71370507174103 0.833973885416748 1 0 0
"152" 0 0 0 -0.74382642242512 -0.64921661316684 -1.01135428686025 -0.461824501704183 0 0 0
"153" 0 0 0 -0.886817267141395 -0.192857209048819 -0.213284610556362 -0.144120990588345 1 0 0
"154" 0 0 0 -0.202878150884109 -0.00335977053811273 -0.262264111278979 0.0889292428129268 0 1 1
"155" 0 0 0 -0.373056867840281 -0.503421626589821 -0.87396594779122 -0.36980399515178 1 0 0
"156" 1 0 0 -0.379715723933711 -0.87549723344011 -0.669042598493028 -0.946874801828063 0 1 0
"157" 0 0 0 0.32422412238698 0.172273852520156 0.669836726998007 0.520556935415516 0 0 0
"158" 0 0 0 -0.916631702830374 -1.44776638795947 -1.17718983928021 -0.807149584300942 1 1 1
"159" 0 1 0 1.07744327335847 1.07232157356884 0.969063433895553 0.681284624555437 0 0 0
"160" 1 1 0 -0.337492259074121 -0.247669643511213 0.206492302341988 0.280586441395824 1 0 0
"161" 1 1 1 0.855349868441899 0.842143781524185 1.18961928814974 0.693534890523304 1 1 1
"162" 1 1 1 1.3721103322626 1.02337470472921 1.71491561717751 0.949707680179231 0 1 1
"163" 0 0 0 1.08393790035931 0.701626914311707 0.847289250937443 1.14445997818623 0 0 1
"164" 0 0 0 -0.893291573682172 -0.526066286349335 -0.801687998204109 -0.637818521222441 1 0 1
"165" 1 1 1 0.531320679142616 0.874795181151666 0.814091661454181 0.721246876226844 1 1 0
"166" 1 1 0 0.49437666145227 -0.0869322085825171 -0.0843687203443714 0.162684899678216 0 1 0
"167" 0 1 0 -1.168341908707 -0.184219785041938 -0.70699899500357 -0.547822299053415 1 1 0
"168" 1 0 1 -0.838850963074776 -0.525992029494099 -0.538828897997017 -0.620745223211475 1 1 1
"169" 1 1 1 -1.00672701680645 -0.254882915927637 -0.357257932525974 -0.821961489264121 1 1 0
"170" 1 1 0 2.12012192056668 1.69146234801309 2.1559259846296 1.82611262415917 1 1 1
"171" 0 1 0 -0.158940336373606 0.0717337922251161 -0.0207972433887954 0.272826057535512 1 0 1
"172" 1 1 0 0.280372940049044 -0.527984608513998 0.129500350013248 0.0406029246849446 0 0 0
"173" 1 0 0 -0.636099096917935 -0.617059607225001 -0.648439495542223 -0.550652515772733 1 1 1
"174" 0 1 1 -0.0741506423497161 0.381024043935945 -0.219324681772207 -0.0651477579399262 0 0 0
"175" 0 0 0 -0.611380153537251 -0.130197732040524 -0.510801464246395 -0.21590557143471 0 0 0
"176" 1 0 1 1.42478285637218 1.09361980682193 1.43319301009151 0.819268605880659 1 1 1
"177" 1 1 1 1.00425632551557 1.02209473290352 0.815208074353472 0.0690370834622048 0 0 1
"178" 0 1 0 -1.94002856097344 -0.83693343134501 -1.45048013337598 -1.74929641386015 0 0 0
"179" 1 0 1 0.970487236832962 0.767916402648795 0.873631145084877 -0.0579444343218285 1 0 1
"180" 1 1 0 -0.271288586323133 0.338837018017648 0.310961176562997 0.494672944968821 0 1 0
"181" 0 0 0 0.346802653856964 0.191277471739572 0.229176051150585 0.34246476413652 1 0 1
"182" 1 1 1 0.236577614208283 0.59142323899925 0.592140152602239 0.312355877133899 1 1 1
"183" 0 0 1 -0.586771335093827 -0.584889337391617 -0.16743694853571 -0.555488745725062 1 1 1
"184" 1 0 1 -1.50948615846908 -0.908080388895506 -1.68567685662223 -0.989218991222123 0 1 0
"185" 1 1 0 -0.957945087939497 -1.32483773030171 -0.612461633541889 -0.257790907587069 1 1 1
"186" 1 1 1 1.18069903245607 0.515576646229162 0.660019294095555 0.790810718421556 1 0 1
"187" 1 0 0 0.187460501586181 0.483691707620196 0.259257605204716 0.652977066951446 0 1 1
"188" 0 1 1 1.07948890864859 0.438028411203808 0.902653660155257 0.280980144250542 1 0 0
"189" 1 1 1 -0.865766654907389 0.119414662688814 -0.246702348919388 0.29150104947397 0 0 0
"190" 0 0 0 -0.739478095379354 -0.699487360623552 -0.415716562882381 -0.360302923919052 1 1 0
"191" 1 0 0 0.104225020708238 -0.342598790075111 -0.241225608186975 0.311049304092487 1 0 0
"192" 1 1 0 -0.279449656109854 -0.401276074833627 0.152302019335786 0.131417879329 0 1 1
"193" 1 1 1 -1.81781527315492 -0.799980938142834 -1.26193436570734 -0.782832264285914 1 1 1
"194" 1 0 1 0.985059429274807 1.3708818813512 0.246362157313261 0.384565383451135 0 0 0
"195" 0 0 1 -0.311241917276275 -0.0663954865235879 -0.380527694291787 -0.194730973051942 0 0 0
"196" 1 0 1 1.18164681074253 1.26843319931689 1.14292643070742 0.895532962083817 0 1 1
"197" 1 1 1 0.310448813546363 0.869554575263296 -0.0694841490291832 -0.0160741887077803 1 0 0
"198" 1 0 0 0.989649128277067 1.09819750454151 1.08786346390953 0.890172100657085 1 1 1
"199" 1 0 1 -0.977735654583295 -0.424891415714183 -0.0969097916013847 -0.676796950922226 1 0 1
"200" 0 0 1 -1.64327912690643 -0.701933521920571 -1.51110655608113 -1.02223094569187 1 1 0
"201" 1 1 1 -0.762300522629893 0.0772425743594531 -0.438166240501269 -0.271345470415861 0 0 1
"202" 1 0 1 -0.0552604160782383 0.310907304598904 0.229595144877649 -0.054680521464501 0 1 1
"203" 0 0 0 -1.21704951376903 -0.284885257587359 -0.733799293303329 -0.420516637147033 1 0 1
"204" 1 0 0 1.7547229906077 1.46601754381833 1.23067126260292 0.949590011715967 0 0 0
"205" 0 1 1 0.610386452984467 0.0152216595979835 0.59257427617894 0.338888347089677 0 1 0
"206" 1 1 0 -0.0437349416919376 -0.173763431086853 0.397321826881638 0.214916982794492 0 1 1
"207" 1 0 1 0.358783765150678 0.523208227253941 0.838930547448569 0.535138780565649 0 0 0
"208" 0 1 0 -1.11269857705198 -0.406397964310622 -0.266956596616284 -0.392968874668731 1 0 0
"209" 1 1 1 0.195670701695183 -0.0267339105520596 0.204423209207665 0.0371936984701551 0 1 0
"210" 0 0 0 -1.00766027862408 -0.419376646002009 -1.43733476147964 -0.680634159124023 1 1 0
"211" 1 1 0 -0.276267609827145 -0.113476009002952 -0.243073263006564 -0.73391567012034 0 0 0
"212" 0 1 0 -0.452038594764073 -0.00732122627558013 -0.109577388022495 -0.0807752252433255 0 0 0
"213" 1 0 0 -0.39975085251139 0.268501723380082 0.807298292661566 0.101544549409427 1 1 1
"214" 0 1 1 -0.804334088757861 -0.283969586753676 -0.0519993827781406 -0.00492532547742969 0 0 0
"215" 1 1 0 0.213679826729716 1.17610002413936 0.84874733686817 0.517874604519623 1 1 1
"216" 1 0 1 -0.332831326529796 0.693821172519682 0.0672344723583551 -0.0558593058608256 0 0 1
"217" 0 1 1 -0.239231006597981 -0.176570639848228 0.0493777722396738 -0.230434271376752 0 1 0
"218" 0 0 0 -1.80432979672619 -1.13472474131251 -1.09345691123179 -1.69385060485629 1 0 1
"219" 1 1 1 -0.388901256010855 0.177319728176 -0.430998162304852 0.324516176537632 0 0 0
"220" 0 0 0 -0.48060155470587 -0.185739388894151 -0.0703455644490162 -0.819017314667032 1 1 1
"221" 1 1 0 -0.195981693813838 -0.505593358510673 0.148083192211748 0.295340887780503 1 1 1
"222" 1 1 1 -0.286557098330304 0.0202794807245887 0.260122766409508 -0.711499828818507 0 0 0
"223" 0 1 0 -1.24445909602438 -0.442760717499543 -0.890168223510864 -0.326526864707434 1 1 1
"224" 1 0 0 0.967689978943569 0.624936580728834 0.683129523276722 0.133532760062581 1 1 1
"225" 0 1 0 -0.239773169186298 -0.520823862806209 0.595795841440931 0.268219089840157 1 1 0
"226" 1 1 1 1.42302768115262 0.937223135255734 1.36028414249476 1.07385876067227 0 1 0
"227" 0 1 1 1.40766774657568 1.15680631452082 1.25605999360301 0.85883939770864 0 0 1
"228" 0 0 1 0.449537717952939 0.374905478012722 0.338597011699632 0.00832788083858796 1 1 0
"229" 1 1 0 -1.33163488477597 -0.672014379386932 -1.15130980775004 -0.725584016428011 0 1 1
"230" 1 0 1 -0.334100719623603 -0.206937731429591 -0.513699390419656 -0.387650144055764 1 0 1
"231" 1 1 0 0.0154638073767093 -0.327821060895525 -0.317184417325296 -0.544688634429764 0 0 0
"232" 0 0 0 -0.568797866475791 -0.551117791859329 -0.697836566755858 -0.797252288942586 0 1 0
"233" 1 1 1 0.417944073846936 0.218525134754795 0.790019345393639 0.394660682837759 1 0 0
"234" 1 1 1 0.64615514637952 0.379157805334113 0.780118328183281 0.923758658945321 1 1 1
"235" 1 1 0 0.121837051798181 -0.595599998829497 0.198926513131503 -0.218355157613273 1 1 0
"236" 0 0 1 -0.453585839838715 -0.315924387775696 -0.217260706403146 -0.155442103727572 0 0 1
"237" 0 0 0 -1.02254614996594 -0.810386630901066 -1.22392907999027 -0.915679929663998 0 0 0
"238" 1 0 1 1.11730721339528 0.717223277766354 0.793625137845967 0.755135442593473 1 1 0
"239" 0 1 1 1.47407096653369 0.739909642738627 1.85940403379675 1.5081340485857 0 1 1
"240" 0 1 0 -0.934290442916546 -1.25874458532876 -1.49734135504481 -0.757101138503118 1 1 1
"241" 0 0 1 -2.62699580738928 -1.25175793135798 -2.0701312191502 -1.58423040031859 0 1 1
"242" 0 0 0 -0.11421242785942 0.55107447019826 -0.627150201184677 -0.165658221428016 0 0 1
"243" 1 1 1 -0.746745465065281 -0.527690359294931 -0.0635074492436666 -0.428047022152911 1 1 0
"244" 0 1 0 -0.228620384010741 -0.538756747842386 0.0651163453180046 -0.263974619776805 0 0 1
"245" 1 0 1 -0.00706185104755747 -0.124055768305077 0.359921046770198 0.511540365612857 0 0 1
"246" 1 0 0 -1.75927392734899 -1.19822444911984 -1.30968782074705 -1.14893217264119 0 1 0
"247" 1 1 1 -0.123428806232998 -0.669359582999588 -0.100533084484227 -0.179829810587147 1 1 0
"248" 1 0 1 0.162568387922789 0.149129002233676 -0.83252099348178 -0.16468130325004 0 0 0
"249" 1 1 0 -1.17797666114651 -0.884347109768647 -0.771818652432378 -0.0133289866181191 1 1 1
"250" 1 1 1 0.180653864591526 0.572891720810937 0.288182623999995 0.515536970726094 1 1 0
"251" 1 1 0 1.28875186104596 0.731659954527039 0.576210388489179 0.159589669710098 1 1 0
"252" 1 1 1 0.582089312247008 0.14355877670056 1.16276417575799 0.567272096917555 1 1 1
"253" 1 0 0 -0.55769331600086 0.199369323728227 -0.11176566569187 -0.309828369907046 1 1 1
"254" 1 1 1 1.51574759948515 1.07625329227 1.54585865046168 1.02031011529735 1 0 0
"255" 0 0 0 -0.243127140416729 -0.34553814151934 -0.892498925239951 -0.426420492104832 0 0 0
"256" 0 1 0 -0.158057755018347 -0.202754559002944 -1.242977276954 -0.0825323888236032 0 0 1
"257" 1 1 1 1.39835042812724 0.892755798551179 1.5018542959053 0.910270503432007 0 0 0
"258" 1 0 1 0.747310700656439 -0.0630136896818586 -0.148923970191008 0.328710530338029 0 0 1
"259" 0 1 1 -0.653138294113548 -1.08470377044362 -0.809166968761761 -0.451953093963098 1 0 0
"260" 1 0 0 0.121009846155905 -0.167355225087759 0.405628189560725 0.352344056827499 0 0 0
"261" 1 1 1 0.813694525817671 0.556002917003566 1.051298558656 0.311503394772195 1 1 1
"262" 1 1 1 0.695284953703832 0.479209590237186 0.736919603195516 0.854000692289708 1 1 0
"263" 1 1 1 0.830660225690944 0.862033903836431 0.666492481462319 1.08591046626831 0 1 0
"264" 1 1 0 -1.34017048330177 -0.959115881558612 -0.813974274344145 -0.706026059628395 0 0 0
"265" 1 0 1 0.218750290937695 0.37865989481299 0.6774349937589 0.235368796514923 1 0 1
"266" 0 1 1 0.611139143904882 0.327750645669529 0.0937537246431017 0.33234040131945 1 1 1
"267" 1 1 0 -0.977294312414964 -0.713408346013817 -1.11260727527384 -0.508308824942289 0 1 0
"268" 0 1 0 0.0438457440757418 0.4040264425452 0.102586965623332 -0.0696280476157328 0 0 1
"269" 1 0 1 -0.92909735374479 -0.209510167007833 -1.58658048529455 -1.52710832120316 1 0 1
"270" 1 1 1 -1.03941922892738 -0.6903700590672 -0.772766800026938 -0.416987929637854 1 0 0
"271" 1 0 0 0.347867710369417 -0.344318630996996 0.271107478225503 0.0605773073093145 0 1 0
"272" 0 1 1 -0.712816452977223 -0.343187985505765 -0.854545368005351 -0.302768877416862 1 1 1
"273" 0 1 0 -0.56067559232106 -0.578571407865599 -0.493900812090461 -0.0419082786036034 0 0 0
"274" 0 1 0 -1.30853274192468 -1.5091842487735 -1.48037620598419 -0.894680655085228 1 1 0
"275" 1 0 1 1.35380855083758 1.26889684767799 1.12701151381236 1.11994950237084 1 0 1
"276" 0 1 1 0.656150557909326 -0.311694621895481 0.000425373408485197 0.707324570296746 1 1 1
"277" 1 1 0 0.397753302309317 -0.20663457103167 0.449339624461531 0.373219090370769 1 0 1
"278" 1 1 0 0.728799411525322 0.399106434262158 0.0660652555519291 0.386040496806778 1 0 1
"279" 0 1 1 -1.55968339155836 -1.40347280940997 -1.40852521303004 -1.89110002690304 0 1 1
"280" 0 1 0 0.783294800911238 0.251015385497473 0.529320334025321 0.591893231760126 1 1 0
"281" 0 1 1 0.934781551250393 1.05274528880739 0.898811883779607 0.897557391679158 1 1 0
"282" 0 0 1 -0.377369558625501 -0.499948772752485 -0.101158206264061 -0.0913869732823308 0 0 1
"283" 0 1 1 0.490618848265038 -0.160154559438961 0.162209340351715 0.271822057007725 0 0 0
"284" 1 1 1 0.590886946962218 -0.335348529239599 0.650707846200631 0.363136974296234 1 1 1
"285" 1 1 0 0.117587421893271 -0.0326918262842469 -0.122401547569317 0.0927081436633649 1 1 1
"286" 0 1 1 1.59025679611743 0.863935503916274 1.01438607468106 1.18812455148386 1 1 0
"287" 1 1 1 2.23108928028856 1.27246933346713 1.90049589473314 1.71938056195063 1 0 0
"288" 0 1 0 -1.1715336079475 -0.730657190528164 -1.33195598060703 -1.07813745817663 0 0 0
"289" 1 1 0 -0.00409278573299285 -0.298438388946444 -0.397731837772633 8.81436130029944e-05 1 0 1
"290" 0 0 0 -0.290332982672776 -0.15052084769661 -0.333002793272452 -0.393061618058437 0 0 1
"291" 1 1 0 -0.643505808488384 -0.693894359050061 -0.874124507038302 -0.521377114122906 0 0 1
"292" 1 1 1 0.549113231657813 0.246165561736359 -0.186107115675436 0.415613590275049 1 0 1
"293" 0 1 1 0.499925188584698 0.590066051546681 0.22954361716945 0.626648750522019 1 1 1
"294" 1 1 1 -0.50603036070748 -0.480095883676384 -0.284757470299965 -0.689285140988758 0 1 0
"295" 0 1 1 -1.28893475088353 -0.884265954722141 -1.1068881453227 -1.23486783556421 0 0 0
"296" 1 1 1 0.125050437090057 0.307288658691698 0.273412999083909 0.227493764980183 1 1 0
"297" 0 0 0 -1.37574993741341 -0.957542220280975 -1.73929697863726 -1.23156045552411 0 0 0
"298" 1 0 1 0.0428337764447044 0.189119362015784 0.235796611781795 -0.247443071790895 0 0 1
"299" 0 0 0 0.76160905827922 0.653305898328596 0.402873727980607 0.267609808683885 0 0 0
"300" 0 0 0 -0.296041862622667 -0.33383961041226 -0.524010396427232 -0.663860406604649 1 0 0
"301" 0 1 1 0.789708450493936 0.926339642505223 1.35046882687282 0.483668525110379 1 1 1
"302" 1 0 0 0.860898715437613 0.902009712581676 1.30769025811993 1.00072731346122 1 1 1
"303" 1 1 0 -0.213253452216411 0.241491868055687 -0.352715875785083 -0.343148603692645 1 1 1
"304" 1 0 1 -0.0657616792620023 0.853334764983042 0.674158205342941 0.629847909457299 1 0 1
"305" 1 1 1 1.78621061755068 0.945193290747965 1.48480665949637 1.2803924523616 1 1 1
"306" 1 1 1 1.42776172604075 0.751343191636235 1.00093895176195 0.726111118873758 1 1 0
"307" 1 0 1 1.27871564015879 0.869759829086582 1.32779434138496 0.996933301540061 0 0 1
"308" 1 1 0 0.07932808094011 0.0766193967760837 -0.032606009788123 -0.132991155308248 1 0 0
"309" 1 1 1 0.981504418526405 -0.0258071308835642 0.896613819119826 1.18202581427904 1 1 1
"310" 0 0 0 -0.921397959039879 -1.18395617208423 -0.855177136297815 -0.588033623289275 0 0 0
"311" 1 0 0 -0.030061607304891 -0.606728862292185 -0.576701919854977 -0.525818253066731 1 1 1
"312" 0 1 0 -0.926354385323321 -0.329362822405135 -1.36792528841671 -0.968125458443563 1 0 0
"313" 1 1 0 -0.441237188312055 -0.260714753821683 -0.297537812121019 0.100987868348416 1 0 0
"314" 0 0 0 1.22501640034891 0.300261305079512 1.17656543100662 0.611172063537864 1 1 0
"315" 1 1 0 0.882315396741843 0.438266783989874 0.205044955896348 0.192241334079693 1 1 1
"316" 1 1 1 1.27771378493134 1.22782147857739 1.47962669085248 1.1739985158897 1 1 1
"317" 1 0 1 0.00926486616020329 0.316168978893513 -0.00368335255489746 0.241114836577877 1 0 0
"318" 0 1 1 -0.281532957527244 0.0270240211492113 -0.257756676234845 -0.601104528188773 1 0 0
"319" 0 0 0 -0.693686715501802 -0.529369339913589 -0.767973871541047 -0.28403935080098 0 0 0
"320" 1 1 0 -0.75331777362544 0.098612905542511 -0.462034199046979 -0.00857010288800183 0 0 1
"321" 0 1 1 0.681841665775368 0.0659123244012871 0.637414843124307 0.45036128336546 0 0 0
"322" 0 1 0 1.3935800568516 1.47183820472507 1.4106319471467 1.45706015284023 0 0 1
"323" 1 1 1 -0.0554793761920233 0.380961381940792 0.0848793711401351 0.254764206444838 1 1 1
"324" 1 0 0 0.826534334024993 1.15299492240383 0.475996472821579 0.048883316306953 1 1 1
"325" 0 1 1 0.999600450473628 0.605538198461975 0.915785002535715 0.431509203601516 0 1 0
"326" 0 0 0 0.523777722975914 -0.890179053733591 -0.454634890600103 -0.263646327439128 1 1 0
"327" 1 1 1 2.28490702090652 1.56504219590716 2.40817585694841 1.39536363974248 0 0 0
"328" 0 1 0 -1.71595812224108 -0.714374742328798 -1.43656384297383 -1.00352563211934 0 0 1
"329" 1 0 0 -0.990985062420554 -0.412421238383576 -0.86871338247151 -0.377720173626735 0 1 1
"330" 1 1 1 0.282898046594966 0.26688166024086 0.127938657606441 -0.209845216332239 1 0 1
"331" 1 0 1 -0.355396650107022 -0.498167387972599 -0.098654250533911 -0.219324174833507 1 1 0
"332" 0 0 0 -1.51311819972236 -1.21136944396948 -0.901573496073506 -1.05701998675165 0 1 0
"333" 1 1 0 -0.904437237807684 -0.887156502682647 -1.10867159847698 -0.809431827642725 1 1 0
"334" 1 1 1 0.700511633697067 1.16252773010662 0.86696497053613 0.83334610782369 1 1 0
"335" 0 0 0 1.36538918020643 0.867802561232015 1.28656977946955 0.881754337365282 1 1 0
"336" 1 1 0 -1.04961258318387 -0.827702613340357 -0.918790696167622 -0.592426585363971 1 1 1
"337" 0 0 0 -1.449523028677 -0.965975513726826 -1.01787368284937 -0.830909263677947 0 0 0
"338" 1 0 0 -0.807902781083132 -0.41653305728214 -0.0988904243995387 -0.737838377710233 1 0 0
"339" 1 0 0 0.820002074814094 0.475980003481252 0.758921371889226 0.61299953206508 0 0 1
"340" 0 1 0 -0.80476730755493 -0.365515897253745 -1.05059932779565 -0.805687351340699 1 0 1
"341" 1 0 0 0.122884676603206 0.0845511016309813 0.348109420439703 -0.278504097503675 0 0 0
"342" 0 1 1 -0.354309706598825 -0.501479440847857 -0.209202396516029 -0.631704067821016 1 1 1
"343" 0 1 0 -1.03245411927906 -0.838659269214361 -0.687051662114991 -0.560929150316478 0 0 0
"344" 1 1 1 1.18854958523009 0.659183168491017 0.951334375198271 0.806015104305631 0 0 1
"345" 1 1 1 0.9695747566828 0.343286213327257 1.52250624525674 0.162014689915108 0 0 1
"346" 1 0 0 -0.757873363363473 -0.44787492459988 -0.86139060028091 -0.602604096786765 0 1 0
"347" 1 1 1 1.3349100148577 0.294378675264409 1.47784838571028 0.895358670828425 1 0 1
"348" 1 1 1 -0.406800309027257 -0.585095991848673 -0.863489163864952 -0.214211268217293 1 0 0
"349" 0 0 1 -0.161420357057767 -0.273448491956992 -0.392084822703122 -0.245572543876128 0 1 0
"350" 0 1 1 1.06836860566029 0.623222530175777 0.939934159193345 0.744504470282556 0 0 1
"351" 1 0 0 0.269303318633516 0.652249753798221 0.271264667114142 0.365615071970784 0 0 0
"352" 0 1 0 -0.153239740162625 -0.0563180919691448 0.14136902294796 -0.120117706615796 1 0 0
"353" 1 1 0 0.42444269360076 0.122823674835372 0.552075294436019 0.326102656383092 1 0 0
"354" 1 0 0 1.15135621754799 1.03532189570377 0.742232376635427 1.11346339304731 0 0 0
"355" 0 0 0 -0.247046518469618 -0.533617177135091 -0.950103799828268 -0.348003174621467 0 0 0
"356" 1 1 1 1.89107067784045 2.3307048382017 2.09541872368719 1.34910339090469 0 1 0
"357" 1 1 0 0.732357559712861 0.653809013627136 0.862347336166778 0.557072028185526 1 0 1
"358" 0 0 0 0.976664312113679 0.748501663075451 0.436235753800222 -0.013742475888529 0 0 0
"359" 0 0 0 -0.34351831338041 -0.155834513576668 -0.529104649536508 0.0510897791266375 0 0 0
"360" 1 0 1 0.805155938838648 0.128683507417267 0.261872413521205 -0.379841003239168 1 0 0
"361" 0 0 0 -1.18920719263549 -0.935677394606795 -0.681307496376758 -1.25449649672355 1 0 0
"362" 1 0 1 1.08167421738016 0.920071483312982 1.01995315041055 1.42283668564611 1 0 1
"363" 1 1 0 -0.270096100296803 -0.4562800937152 -0.469576126440117 -0.203676425318897 0 1 0
"364" 1 1 0 1.10933372487579 0.536205534197376 0.35166985175554 0.757370838262378 1 1 0
"365" 1 0 1 0.266976964221307 0.0485753466173275 0.382538818351803 0.105280790116457 1 0 1
"366" 1 1 0 -0.825054040495091 -0.274303062788639 -0.664972191592695 -0.442012577349154 1 0 1
"367" 1 1 1 0.206720870304957 0.0748517681051323 -0.363899293842983 -0.47007566734513 1 1 0
"368" 1 1 0 0.0890929890036847 0.215346104589924 -0.0876486882761277 0.129519268600275 1 1 1
"369" 1 1 0 0.863488715375822 0.618908993881804 0.574033599009712 0.277975783194936 0 1 1
"370" 0 1 1 1.29661799640626 0.437880410390174 0.491191933378051 0.666515623405994 1 0 1
"371" 0 1 1 -0.140047044040061 -0.64901831826304 -1.20253231024964 -0.519772518756508 0 0 0
"372" 1 1 1 1.28151371376026 0.643604933566172 0.984912959765076 0.466722540753273 1 0 1
"373" 1 1 0 -1.17565581099951 -0.535381124343206 -0.66245703589211 -0.463672530088428 1 1 0
"374" 0 1 0 -1.0700740373244 -0.454453537671531 -0.754265371784998 -0.770691710068457 1 0 0
"375" 1 1 1 1.69985797101989 0.998654425467593 1.39118460698597 1.10748299052069 0 0 0
"376" 1 1 0 2.07200908470248 0.815701266996156 1.25524142997765 1.20006827295125 1 1 0
"377" 0 1 1 -1.25955538697712 -1.03664816478972 -0.780015690608795 -0.536432094166236 1 0 0
"378" 0 1 0 0.334612276661813 0.762985712120515 0.781951778733411 0.117118666746542 0 0 1
"379" 1 1 0 -0.714986980898221 -0.249122219121244 -0.591646767767932 -0.188803588751263 1 0 1
"380" 0 1 1 1.54076398209776 1.43756328371289 1.22682623112556 0.938536159357421 0 0 0
"381" 1 0 0 -1.63322124849125 -1.05340873649635 -0.479358814194202 -0.699773525481391 0 1 1
"382" 1 0 0 1.89634494360133 2.14712537456817 1.76168303478524 1.32180123784357 0 1 1
"383" 1 1 1 0.277726776003371 -0.200725378382313 0.545103666872423 0.351179971207499 0 0 0
"384" 0 0 1 1.87545483190819 1.30025322192399 1.4370413138374 0.965259422442288 1 0 0
"385" 0 1 1 1.04223788071198 -0.466147856684884 0.0433585971067386 0.355143440107983 0 0 1
"386" 1 1 1 0.856088382157092 0.598059852304411 0.735425470748751 0.66633716337048 1 0 0
"387" 0 0 0 -0.581848764113378 -0.273373974601785 -0.519358129236876 -0.289451662900631 1 0 1
"388" 0 1 0 -0.0555204067897601 -0.617357819960397 0.0764449291859362 -0.10203209443921 1 1 1
"389" 0 1 0 0.569218810877117 -0.0952801333912658 -0.0524259312212212 0.125252663599621 0 1 1
"390" 1 1 1 1.20793421263534 0.653976802922986 0.963599101757427 0.44265577371457 1 1 0
"391" 1 0 1 -0.609784940393886 -0.284212874626529 -0.682296712029655 -0.32949953943401 0 0 0
"392" 1 1 0 -0.483938317863624 -0.27770117641572 -0.92157737401384 -0.838294049504775 1 0 1
"393" 1 0 0 -0.715157727750013 -0.349543773443834 -0.603733192859154 0.0223171477573594 0 0 0
"394" 0 0 0 -0.663085552422623 -0.464368073734128 -1.39908536355725 -0.665340170518235 1 0 0
"395" 1 1 1 -1.27762427976923 -0.969690841434433 -2.13421415473791 -1.23197869506541 1 0 1
"396" 1 1 0 0.308464067939048 0.247532900140635 -0.204660587080015 0.204131513899315 0 0 0
"397" 0 0 0 -1.71911193645416 -1.26708372477246 -1.61956877235007 -1.31402627221877 0 0 0
"398" 1 1 1 0.0877505750094834 0.233927729742258 0.37843556637906 -0.380038834247998 0 1 0
"399" 1 1 1 -0.0365831399992462 0.208137043222609 0.282114387866342 0.0189150844412498 1 0 1
"400" 0 0 0 -0.871655979226468 -0.329921503673473 -0.422070312842768 -0.801308122174856 0 1 0
"401" 1 0 1 -0.871157215711113 -0.323855712987232 -0.848051338773445 -0.704389566779348 0 0 1
"402" 1 1 1 -0.28073129610538 0.223273498407273 0.290333694643553 0.00799420421431235 0 0 0
"403" 1 1 1 1.66233870761496 1.46465576664376 1.5099021864019 0.832026208434615 1 1 1
"404" 0 1 1 1.39860556084199 0.904102956149129 1.46769324287672 1.1373080424516 1 1 0
"405" 0 1 0 -0.678652578774756 -0.968270716611968 -0.617512723734435 -0.488115114044339 0 0 1
"406" 0 1 0 -0.294603578983336 0.167575127239549 0.210251817139926 -0.0373995795863839 1 1 1
"407" 0 0 0 0.531273087219599 0.270364415700339 0.351831289420033 0.42252266418295 0 1 1
"408" 0 0 0 0.263104195694417 -0.127283998031265 0.25874207055011 0.316921928802548 1 1 1
"409" 0 1 1 0.859135298484829 0.304667047309097 0.226513167140548 0.272809784977405 1 1 1
"410" 0 0 1 -0.324878214702457 0.122332511000349 -0.0894620031484031 0.28776178485024 0 0 1
"411" 0 0 0 -0.994662758195685 -0.796046298720463 -1.15995179285708 -1.09090308287689 1 1 1
"412" 1 1 0 -0.137524950435806 -0.403588001102613 -0.653098238138699 -0.35629146178186 0 0 0
"413" 1 0 0 -2.01876842833085 -1.39036191246255 -1.66605241902559 -1.3842014359055 0 0 1
"414" 0 0 0 -0.494848730321506 -0.963901203778676 -0.504736371431067 -0.375171603044901 0 1 0
"415" 1 1 1 -0.802597995662283 -0.441061674619856 -0.55664536261847 -0.641545059142563 1 0 0
"416" 0 1 0 -0.0978393791348334 0.493036155214211 -0.146106470209945 -0.235640361392388 1 1 1
"417" 1 1 1 -1.00403760164287 -0.711824102549242 -0.637983447301985 -0.624727562103211 0 0 0
"418" 1 1 1 0.44696979744791 0.205096021423621 0.496141836200325 0.439293718279161 0 0 1
"419" 1 1 1 -1.19379027274532 -1.19009610590061 -1.20121672266909 -0.549154831850003 0 0 0
"420" 0 0 0 -1.95018984751866 -1.36279545280642 -1.19427301491396 -0.834447498690236 1 0 1
"421" 0 0 0 2.02715023219162 1.30225618535043 1.77684726976225 0.915158714761144 1 0 0
"422" 0 1 1 -0.588127455097643 -0.597687739914241 -0.613505936126049 -0.661281476574317 0 1 1
"423" 0 0 1 2.19874947081552 0.646839129184731 2.4329790562527 1.45115248969986 1 1 1
"424" 0 0 0 0.509231092366519 1.32827847453927 0.644824676558726 0.655872482891377 1 0 1
"425" 1 0 1 1.63156279994014 1.88857520128877 2.0044960601191 1.42504100179481 0 1 0
"426" 1 1 1 1.12340460759037 0.951718494574127 1.06743167369376 0.841260950218296 1 0 0
"427" 1 1 1 0.446150640067446 -0.0864403119898799 0.661153599139687 0.424421828865859 0 0 1
"428" 1 0 0 1.70399905556613 0.865461805772762 1.57222642840869 1.76714369176063 1 1 1
"429" 0 0 1 -0.468483894362584 -0.490252462771057 -0.0136842902371841 0.0363407070039138 1 1 1
"430" 1 0 0 0.148444265052658 0.163933802898196 -0.283927732810393 -0.203903594897821 1 1 1
"431" 0 0 0 -2.56561189550396 -1.83047066286448 -2.15843601230498 -1.15096672372402 0 0 1
"432" 0 1 0 -0.27101993799975 -0.130131311354861 -0.68989239787344 -0.0961173931452543 1 0 1
"433" 0 0 1 -1.08342969784103 -0.519714491706131 -0.411951049023453 -0.750978812636411 0 1 0
"434" 1 0 1 -0.235204493608695 -0.543058936261132 -0.00909874126465587 -0.0979999443225521 0 0 0
"435" 0 1 0 -1.49682734585711 -0.907890359051036 -1.24192810265471 -0.579908973862101 1 1 1
"436" 0 0 0 0.352503803945048 -0.42387244536972 0.0310814084676065 -0.259665763405325 1 1 1
"437" 1 0 1 0.211141905315833 0.225549482414836 0.527271011229302 0.387578794426458 1 1 1
"438" 0 0 1 -1.06033136241771 -0.888802563894809 -0.550921580887342 -0.267001328858912 0 1 1
"439" 0 1 1 0.695742198436493 0.328292480007315 1.07904147627824 0.384167279358728 0 0 1
"440" 1 0 0 -1.02503462130787 -0.879845560655532 -0.81232863871775 -0.938468931466218 0 1 0
"441" 0 0 0 -1.33120303240818 -1.22164101322523 -1.21301864459565 -1.02991099610533 0 0 1
"442" 1 1 1 1.39450294755389 0.843345235943765 1.4754657346033 1.27904622371381 1 0 1
"443" 1 1 1 -1.5743724319051 -1.22548649555143 -1.01714329791278 -0.467256436442213 0 1 0
"444" 0 1 1 0.641698019810412 -0.518408397383324 0.485628044539205 -0.0370095074208576 1 1 1
"445" 1 0 0 -0.156258783247049 -0.791510163447486 -0.494771215395714 -0.166085581911392 1 0 0
"446" 1 1 1 0.0979684082321432 0.471262614273567 0.312831744950868 0.715228341058961 1 0 1
"447" 1 0 1 -0.723191801519796 0.214572614742754 -0.0317155913915129 -0.693826716185695 0 1 1
"448" 1 0 1 0.784523562894064 0.340094080210417 1.36068238852513 1.05786315741812 0 1 1
"449" 0 1 0 -0.629350430961136 -0.587396976771457 -0.92404434557759 -0.668226944127323 0 1 1
"450" 1 1 1 0.29536854920053 0.100086841057122 0.293440870015248 0.599100035108862 1 1 0
"451" 0 1 1 0.728754744825762 0.934599838395056 0.802927624058736 0.520133111232068 1 1 1
"452" 1 1 1 0.981196232565913 0.301295074698526 1.30811068632587 0.754441384597261 0 0 1
"453" 1 0 0 -0.389505475697693 -0.661232445835929 -0.0678225401528107 -0.342529848956174 1 1 1
"454" 1 1 1 -0.83884906705913 -0.47277785926949 -0.93408536033951 -0.88812258729182 1 0 0
"455" 1 0 1 -0.783734169483497 0.0197919039506962 -0.72835195639338 -0.58710271263857 1 0 0
"456" 1 0 1 1.47293741126503 0.732268834916615 1.47254895025492 1.11128797599697 0 0 1
"457" 0 0 0 -0.397603702723532 -0.369237839004218 -0.610325705461194 0.117185172951228 1 1 1
"458" 0 1 0 0.271842726252948 0.0122910862087638 0.410874178380226 0.785605798475499 0 1 1
"459" 0 0 1 -0.959612711299848 -0.378423159530563 -1.47681054040906 -0.90385068450812 1 1 1
"460" 1 1 0 -0.788997608593425 0.058247038569843 -0.278350238471096 -0.160246006650837 0 0 0
"461" 0 0 1 -0.336364488185821 -0.360467231599642 -0.145243508928507 -0.232235074948163 1 1 0
"462" 0 0 0 -0.820387118388695 -0.319116179006185 0.0875454901318897 -0.277433348577706 1 0 0
"463" 0 0 0 -0.156968534489607 -1.12688214200052 -0.845552194215899 -1.03516198004324 1 0 0
"464" 1 1 1 -0.762522742726226 -0.789147733884607 -0.93958879053623 -0.572420462613515 0 0 1
"465" 1 0 0 -0.923956549079089 -0.656745272100273 -0.41487173239249 -0.585036363380609 0 0 1
"466" 1 0 0 1.14974178058496 0.63880874310009 0.804961682271637 0.832738809913699 0 0 0
"467" 0 1 1 0.33563659793669 -0.278578408836472 0.0177408961817209 0.0971023132626084 1 0 0
"468" 1 1 1 0.00283104878079518 -0.96586607051395 -0.103323259917853 0.257967156466076 1 0 1
"469" 0 0 1 -0.962632159093721 -1.02207909303118 -0.714877240114947 -0.668694829877767 0 0 0
"470" 0 1 0 -0.774523421175367 -0.184420505999551 -0.446867470471936 -0.415634421238621 0 1 1
"471" 1 1 1 1.81031377118944 1.31826744784339 1.25862187062945 1.33021722128121 0 1 1
"472" 1 1 0 0.531935711057904 0.329300933363598 -0.725202161226312 0.126243222048347 0 0 0
"473" 1 0 0 -0.791353958884503 -0.0077121311886057 -0.656783655944131 -0.588231217390267 1 0 1
"474" 1 1 1 -0.0768533158216419 -0.0310007539755763 -0.04982817169292 -0.340494053632749 0 0 1
"475" 0 1 0 -0.457563691303882 -0.335259679821105 -0.563272151237032 -0.382872740276021 1 1 1
"476" 0 1 0 -0.174798202279308 -0.184790066399159 -0.0844027593262202 0.426774166234796 1 0 0
"477" 1 0 1 -1.22928061286257 -0.674010781030355 -1.07330608378955 -0.769836066572883 0 0 0
"478" 1 1 0 -0.64914943621518 -0.153847118853126 -0.558695918676635 -0.276537866228489 0 0 0
"479" 0 1 1 -1.16805738359669 -1.13528398127691 -1.05285257112233 -1.13650241195917 1 0 0
"480" 1 0 1 0.717377561114846 0.613010012678348 0.61792500866951 0.941913197907342 0 1 0
"481" 1 1 1 -0.376046836667854 -0.640548225467704 -0.255351522225222 -0.202189358705389 1 0 0
"482" 0 0 0 -1.9534984406374 -1.42742429500359 -1.91505869929271 -1.1492187643049 0 0 0
"483" 0 1 1 0.208154309501303 0.625270382469947 0.996790913161377 0.71776141037173 1 0 0
"484" 1 0 1 2.01902919392234 1.61591957057225 1.42348913468527 1.24024853069964 0 0 0
"485" 1 1 1 -1.6488455076508 -1.28559769395797 -1.501460406048 -1.09781700667246 1 1 1
"486" 0 0 1 -0.839458659385615 -0.722888418351728 -0.273243613471951 -0.743711091923851 0 1 0
"487" 1 0 1 -1.46370719083111 -1.51731144980814 -1.79894064238225 -1.37388210255635 0 0 1
"488" 1 1 1 0.190111179585128 0.627711673802354 0.397491630401582 0.583931174755611 0 1 0
"489" 1 0 0 0.859259069847211 0.387536475354418 0.764329961684026 0.645802540888318 1 0 1
"490" 1 1 0 -0.511758498718865 -1.01001591680455 -0.530464367713968 -0.883952159232962 1 1 1
"491" 0 1 0 0.654533091454882 0.80845320313085 0.341418488767664 0.407734952597635 1 1 1
"492" 0 0 0 -0.997164255651239 -0.494944507245 -0.577746033534477 -0.680876535914368 1 0 0
"493" 1 1 0 1.02323823731871 0.709930390977608 0.258457133889279 0.5268537368223 1 1 1
"494" 1 0 1 0.250172410140963 0.7506199974007 0.732804656865531 0.785482514770105 0 1 1
"495" 1 0 0 -0.431111692210403 -0.425806530624704 -0.382977900364855 -0.424517735368833 1 1 0
"496" 0 0 0 -2.65202150600551 -1.9460976583627 -1.93689620850008 -1.77371616091317 1 0 0
"497" 1 0 1 2.2795703394401 1.38918036972451 2.35615081464477 1.23774143435066 1 1 1
"498" 1 1 0 -0.838040377788042 -0.488463641000727 -0.765755039823998 -0.267089934465105 0 0 0
"499" 1 1 1 0.704765937755667 0.394217727478602 0.11817137095562 0.0473819127238407 1 1 0
"500" 1 1 1 1.41561688417356 0.972795609113783 1.44633779695929 0.842408728727131 1 1 1
