"V1" "V2" "V3" "V4" "V5" "V6" "V7" "V8" "V9" "V10"
"1" 1 1 1 1.14198832670641 1.24961390405955 1.39613142777683 1.26134659500882 1 1 1
"2" 0 0 0 -1.0878064400076 -0.646624072299939 -1.23409528062025 -0.836648652221652 0 1 0
"3" 1 1 1 0.506070781754497 0.31073330254956 0.662243027554009 0.634235831374834 0 1 1
"4" 1 0 0 1.93893441708711 0.864346756769916 1.01287296130976 0.854880809681426 1 1 1
"5" 1 0 1 0.0193704081513033 0.0565506001476751 0.521880163532028 0.0731174834520469 1 1 1
"6" 0 0 1 -0.36825762805942 -0.289248690083867 -0.113815667022353 -0.497728441652319 0 1 0
"7" 0 0 0 -0.56155171198963 0.0294360275006532 -0.421874604560508 -0.370996298083755 0 1 1
"8" 1 1 0 0.282804212680031 0.392934040019468 0.570285988804125 0.51276096736863 0 1 0
"9" 1 0 1 -0.550009153780724 -0.978433940377557 -0.530758183588589 -0.786568606240319 1 1 1
"10" 1 1 1 0.0958974140483153 -0.671791034068213 -0.0377676106713026 0.0636761345149137 0 0 1
"11" 1 0 1 -0.550258825470733 -0.0875259692327814 -0.971116813259421 -0.452763406543172 1 1 1
"12" 0 0 0 0.700017831038176 0.445682947602966 0.339900457765123 0.315436619269757 0 0 1
"13" 0 0 1 1.69402557622633 1.09790901034092 1.09564737421663 0.890353809843517 0 0 1
"14" 1 1 1 -1.05552246102345 -0.907929392952923 -0.854467762071916 -0.396153100353989 1 1 1
"15" 0 0 1 0.0744788959155145 -0.30252697216511 -0.135983929664867 0.0686097509979182 1 1 1
"16" 1 1 1 1.92859944601636 1.54476800531402 1.61484938219185 1.49213355776765 0 1 1
"17" 0 0 1 0.415094820274915 0.346285224890886 -0.0810609842764848 -0.0810525437486936 0 0 0
"18" 0 0 0 -1.69856215594744 -1.89891314877381 -1.3294510785772 -1.30548182560075 0 1 1
"19" 1 1 1 0.765913759047051 -0.00326379723609843 0.215579408001582 0.261640379644608 1 0 0
"20" 1 1 1 1.25680956647943 0.151341973199135 0.925153517240459 0.638327185248443 0 1 1
"21" 0 0 0 -0.394599530198527 -0.167020106777736 -0.346110739989187 -0.203930846767046 1 1 0
"22" 0 1 0 2.11072787528232 1.18260978714989 2.01752069860751 1.61698574167065 0 1 0
"23" 0 1 0 -0.117118653122161 -0.866810519623782 -0.710770018133224 -0.683070103892195 0 1 1
"24" 1 1 1 -0.0210520470654391 0.323884899006656 0.33149738405719 0.408104702788707 1 0 1
"25" 1 1 1 0.873860219550361 0.602171953438977 0.576813458121962 0.150602109432031 1 0 1
"26" 1 0 1 0.991591132581646 0.621287629909318 0.549766787550174 0.512009749103728 1 0 0
"27" 1 1 0 -0.385742347217376 -0.250899558670183 -0.0232459552772329 -0.140111479426361 0 0 1
"28" 0 0 1 1.08503960545529 0.821553010239535 1.43788637829864 0.710561520310424 1 1 1
"29" 1 1 1 0.182263716008218 -0.0628090721958018 -0.0831887712839927 0.413355306312513 1 0 1
"30" 0 0 1 0.0528041621685435 -0.224304340621243 0.0307880105881693 0.260866449981494 0 0 1
"31" 0 1 1 -1.50132610823312 -1.55710152591162 -1.28082465976787 -0.773648280886534 1 0 0
"32" 0 1 1 1.19698884316643 1.20538447804672 1.20031487863957 0.525602456263543 0 1 0
"33" 1 1 1 0.628597006472701 -0.399477160625788 0.25280422064421 0.148392556857442 0 1 0
"34" 1 1 0 -0.147088425204278 0.306395160509479 0.702542373619382 0.462817087424695 1 1 1
"35" 1 0 0 -0.34640012136852 0.0572478768517228 -0.257924875596451 -0.381694294337637 1 1 0
"36" 1 1 1 2.58991192015827 1.87609377178382 2.33055015537453 1.74260709028475 1 1 1
"37" 1 1 1 0.0648327131891062 0.188742847296497 -0.0350956685862048 -0.32239801069837 0 0 0
"38" 1 1 1 0.145590288886213 -0.176010757829367 0.0863075512511017 -0.198044744884594 1 1 0
"39" 1 1 1 -1.19231014807759 -0.457296540643192 -1.09080431716184 -0.815705067876298 0 1 1
"40" 1 0 1 -0.445768459893635 0.316487498547711 -0.306695188039682 0.256860157726273 0 1 1
"41" 0 0 0 -1.28131017777163 -0.603656128624498 -0.577735528109341 -0.557641569371801 1 1 1
"42" 0 1 1 -0.14134427594245 -0.453374536053091 -0.440550055304451 -0.0898149351572521 0 1 1
"43" 1 0 0 -0.310127650993085 -0.646132924176529 0.127056269022982 -0.269922740212735 1 1 1
"44" 1 0 0 0.921537049693904 0.728170854096982 0.93107374351393 0.912211473354994 0 0 0
"45" 1 0 0 -0.0312204301544639 0.0768196427126303 0.561592264246164 0.278008167709736 0 1 1
"46" 1 0 0 0.537732683917167 0.949783657862329 1.11468090949092 0.39986971580864 1 1 1
"47" 0 0 0 -0.557775041947051 -0.217747708373785 -0.453070932740518 -0.3193165588853 0 0 1
"48" 0 0 0 1.05349929582312 0.0710827994888621 0.764546389216964 0.223671200534172 1 1 0
"49" 1 1 1 -0.665577504979133 -0.67030923048846 -0.626728861205714 -0.546439578686236 1 1 1
"50" 1 1 1 -0.310543766680585 -0.698266829795185 0.299488608457752 -0.203783493063507 1 0 1
"51" 0 0 0 -0.848587132249375 -0.471726515020072 -0.348556234577455 -0.382138263024385 0 1 0
"52" 1 1 0 1.62268691491958 1.1666401778453 1.79069681665285 1.24815454773755 1 1 0
"53" 1 1 0 -0.313126950951611 -0.60782458269723 -0.73877330142027 -0.747270204555117 0 1 0
"54" 0 0 0 -0.178299535746781 -0.949811980711446 -0.488286928855038 -0.145917213734297 1 1 1
"55" 1 0 0 -0.831497726448766 -0.450988083794444 -1.32791284479549 -0.636514106977806 1 0 1
"56" 1 0 0 0.954315698579456 0.652222838150118 0.801567151756658 0.28095274680246 0 1 1
"57" 0 0 0 -1.84672235893666 -1.42272071730352 -1.25612435530098 -1.42487133146909 0 0 0
"58" 0 1 0 0.635833949153573 -0.32343265504362 -0.0302285719022883 -0.0642592505021776 1 0 0
"59" 0 1 0 0.0576414523056817 0.595960596037048 0.746645584606579 0.50374272998057 1 0 1
"60" 1 0 0 -0.88574389953331 -0.787293583276437 -0.949004211723537 -0.61781270292478 1 1 1
"61" 1 1 0 -0.956777015308397 -1.6292576648725 -1.02060920073063 -0.368452776312151 0 0 0
"62" 1 0 1 0.598749277097802 0.806889223011641 0.558696804217657 0.279091731380205 0 0 1
"63" 0 0 1 0.180033734203006 0.761136748674673 0.091412432074882 0.0883943259120605 0 1 0
"64" 1 1 1 2.35968480282519 1.34475842823322 2.0665723591074 1.57133962930894 1 1 1
"65" 1 0 1 -0.851816487202117 -0.0216508293930376 -0.243187196595159 -0.562587445172225 1 1 0
"66" 0 0 0 -1.19852218366236 -0.641529356378388 -0.923140573142355 -0.874205110310692 0 0 0
"67" 1 0 0 0.42192919942667 -0.238722120876329 0.0849025099561138 0.0693801727537329 0 1 1
"68" 0 0 0 -0.195499910863676 -1.09261785209019 -0.468464697087915 -0.412753996645456 1 0 1
"69" 1 1 1 1.87028966682226 1.74132716129664 1.51346149395877 1.70898278791304 1 1 0
"70" 0 1 0 -0.129332610828089 -0.493944642026281 -0.492002864560253 -0.407291366291174 1 0 1
"71" 0 0 1 1.27934317040489 1.33111919906089 1.06380856904081 1.25373707572796 0 1 1
"72" 0 0 0 -2.06654463985145 -0.764528255440272 -1.35259736968861 -1.12247538558779 1 0 1
"73" 1 0 1 0.769275154140632 0.130555039770963 0.261166185124238 0.224753256738496 0 1 0
"74" 1 0 0 -1.10389282356882 -0.766165727946103 -0.517372943625763 -0.564586447391916 1 0 1
"75" 1 1 1 0.0901718678563692 -0.12989049989595 0.253865138752753 0.448876801535644 1 0 0
"76" 0 1 0 0.152029104914898 0.0711642434372623 0.190974912292023 -0.0434488686246465 0 0 0
"77" 0 1 0 0.467979729206161 -0.0472282452956597 0.183987391706471 0.0561109901760307 1 0 1
"78" 0 0 1 0.364669502742078 0.299903541745184 -0.302004938560003 0.515503873845377 0 0 1
"79" 1 0 1 0.479565744065748 0.199579095624079 -0.0395670375001646 -0.292047096810612 1 1 1
"80" 0 1 0 -0.343021623446663 -0.337570101342698 -0.284849194804312 -0.319640641315612 1 0 0
"81" 0 0 1 1.14042997393638 0.556660134664471 0.32076793207597 -0.0567601977660047 0 1 0
"82" 0 0 1 -0.473226103907939 0.274664265241855 -0.531207427612481 -0.0907280335428777 0 1 0
"83" 1 0 0 0.814736517286865 0.966951001997554 0.711193984293401 0.68420744555917 0 0 0
"84" 1 1 1 0.809587020423033 0.256526623329873 0.680198657600647 0.574610604462673 1 0 0
"85" 1 1 0 0.490741870992744 1.39072887745457 0.782672157745992 0.441873516088997 1 1 1
"86" 1 1 0 2.33217444403617 1.64158618547565 1.73382234655301 1.45525144651616 0 1 0
"87" 1 1 1 2.20545493659531 1.62825729132578 1.88650842921255 1.19642778062927 1 0 1
"88" 0 0 1 -0.61844685493114 -0.720796144302248 -0.517949946710312 -0.370181199101313 0 0 0
"89" 0 0 0 -0.492107423783335 0.204592710535369 0.000704651842696274 -0.299825151701905 0 1 0
"90" 1 0 0 0.260543245345856 0.496620873034737 0.552840825985081 0.527829432943889 1 0 1
"91" 0 0 0 -0.493619693111372 -0.669000943597548 -0.368588287504917 -0.239989416916422 1 1 0
"92" 0 1 1 2.79287063684283 1.6397435913683 2.10011539464711 1.810947872933 1 1 0
"93" 0 0 0 -1.69356007670387 -0.731721627058172 -0.979182197695168 -0.997077159292636 0 1 0
"94" 1 1 1 -0.126877016489641 -0.317065788583686 -0.235516743732764 -0.469506616866745 0 0 0
"95" 1 1 1 1.3274934745772 1.36770592308387 1.3398689632879 1.00796738422565 1 0 1
"96" 1 1 0 0.394234872868967 0.314650759627723 -0.176514018226727 -0.0488793503715286 0 1 0
"97" 1 1 1 -0.740915687287479 -0.415592678161022 -0.435056359396548 -0.140509048071744 0 1 0
"98" 0 0 0 1.74095981370263 1.03000717108785 1.23905807575696 1.43148702979559 1 1 1
"99" 1 1 0 1.02731114993697 0.503228052072156 0.58723996630088 0.863817811643757 1 0 1
"100" 1 0 1 0.659420418117546 0.543782650610561 -0.0761863614098057 0.0783647130240291 1 1 1
"101" 1 1 1 -0.244699296437169 -0.399623039405397 -0.168810663261816 0.442100304456892 1 0 1
"102" 0 0 0 -0.564616682902343 -0.259370933938489 -0.484232533020024 -0.459613276120916 0 0 0
"103" 1 1 1 -1.01008129186548 -1.35879547670785 -1.14654035591212 -1.17163822590386 1 1 1
"104" 1 0 0 1.36470034158049 0.869741760808397 0.80812927850153 0.890960638786875 0 1 1
"105" 0 1 0 -0.668382578755915 -0.78566404740118 -0.510672960472342 -0.549012495555527 0 1 0
"106" 1 1 1 -0.27983815678 0.460349399979206 0.384429237742645 0.0894668649504128 1 1 1
"107" 1 1 0 -0.078435640804241 -0.403926436318475 0.0465836221390125 -0.536882938372393 0 1 0
"108" 1 0 0 -0.19111086604496 -0.234256066608922 -0.382946389723958 -0.388104854444624 1 1 1
"109" 0 0 1 0.361113809917009 0.561311983294246 0.463227737434579 0.751836956368117 0 0 1
"110" 1 1 1 -0.719994200182712 -0.632113341493853 -0.790005164582916 -0.483307853477478 1 0 1
"111" 1 0 0 -2.01807037079763 -1.34925843028625 -1.63169968143517 -0.740773919320569 1 0 1
"112" 1 1 0 -1.5599113532976 -1.36367171688909 -1.95921920667986 -1.86453077610677 0 0 1
"113" 0 1 1 -0.0494315998066896 0.00713001230797655 -0.423714257324257 0.178098267731234 1 0 1
"114" 0 0 1 -0.773447947022214 -0.581186163874137 -0.980960140466217 -0.468505796762945 0 0 0
"115" 1 1 1 0.61511501720021 0.557308831741852 1.01127007964529 0.699971966333664 1 0 0
"116" 1 1 0 -0.249108672215091 0.0381947494972382 -0.0803878259531633 -0.0738331849427551 0 1 1
"117" 1 0 0 0.242553869946706 0.137448987776557 0.150499379717945 0.249956347811931 1 1 1
"118" 1 0 1 -1.42984711566697 -0.528775328170626 -0.301239395971209 -0.364068393087573 1 0 1
"119" 0 1 1 -1.08579178302046 -1.04030736660019 -0.806173433829095 -0.561600091265675 0 1 1
"120" 0 0 0 1.42227674524448 1.37611804028273 1.43647910548726 0.947647250008576 1 0 1
"121" 0 1 1 -1.67116536025917 -1.28899669761904 -1.46951223411565 -1.0859461445997 1 0 0
"122" 1 1 0 0.147581374140327 -0.219937878363138 0.418264375867597 0.504566034294885 1 1 1
"123" 0 1 0 -1.12720991014792 -0.896691808526032 -0.535815771907816 -0.997332610001379 0 0 0
"124" 0 0 0 -0.447879835316174 -0.610301267212265 -0.44228842943769 -0.0498485099913023 1 1 1
"125" 1 1 0 0.186537702127142 -0.360713840335376 0.403641872352506 0.150042291859444 1 1 0
"126" 1 0 1 1.2285700268745 0.944158899948755 0.810623707339624 0.99271334759447 1 0 1
"127" 1 1 1 0.645952384400022 -0.0597263803972212 0.660733562331399 0.166542123425514 0 1 1
"128" 0 0 1 1.5400289838334 1.31711944967988 1.78061002586858 1.10924677285622 0 0 0
"129" 1 1 0 0.192595210448675 0.421473415327162 0.0763960113985506 0.394109655459786 0 1 1
"130" 0 0 0 -0.0875706541048699 0.688734915133353 0.513698276685862 0.215736842194901 1 0 1
"131" 0 0 0 0.0386098065316409 0.323102696260462 0.292278728390703 0.380930292366752 1 1 0
"132" 0 1 0 -0.725481356171602 0.00680905302332069 -0.577305400979342 -0.309108087871842 0 0 0
"133" 0 0 1 -1.23058263983672 0.0592611541365643 -1.28064172250813 -0.939954746949951 0 0 0
"134" 1 1 1 -0.462531137301973 -0.348067884563843 0.0320232664077668 -0.475284341571512 0 1 0
"135" 1 1 1 1.1497744164609 0.807088400752805 0.806675440494512 0.661470614627852 0 1 1
"136" 0 0 0 -0.335866833534166 -0.455786123595493 -0.0865656222167983 -0.503406429536197 1 1 0
"137" 1 0 0 0.183030493194791 0.455595822400831 0.383530002445029 0.397347910278696 1 1 0
"138" 1 0 0 0.155043839428495 0.216635376355207 0.540752493826982 0.387827615864366 1 1 0
"139" 0 0 1 1.65402447092724 1.19178794174799 1.70515373362079 0.673355583646225 0 0 1
"140" 1 0 1 2.08577862610539 1.32708137546013 1.18032588921144 1.21629773522397 1 1 0
"141" 1 1 1 1.35233944911418 0.93874980417815 1.17325459281873 0.410130369221287 1 1 0
"142" 0 1 0 -0.196734501067028 -0.658488084784063 -0.2454640396412 0.368004235698424 1 1 1
"143" 1 1 1 1.1842259640568 1.22142151939044 1.00102920650042 1.38707871566305 1 1 1
"144" 1 1 1 -0.174843807776564 -0.384293408457701 -0.147768300544219 -0.351421924437689 0 1 0
"145" 1 1 1 1.01348688220402 0.326263259623267 0.151385661588048 0.128867358130819 1 1 1
"146" 1 1 0 1.36723143816909 1.17148357195664 1.00217081529964 1.08496377850576 1 0 1
"147" 1 1 1 -0.42768151583534 -0.516637715752245 -0.318836564702067 -0.24287452983986 1 0 1
"148" 0 0 1 0.533223603415702 0.525132583494342 0.571037418494425 0.162063638568471 1 0 1
"149" 0 1 1 -1.30003785270383 -0.691612298358381 -0.980683137519601 -1.14589331468306 1 0 1
"150" 0 0 0 -2.32043020852001 -1.95266529813198 -2.34045513955607 -1.1641010664454 1 0 1
"151" 0 0 0 -2.1725608451549 -2.02450145756381 -2.26544712064439 -1.41302256726951 0 1 0
"152" 0 0 1 -0.318299580852283 -0.369507125127455 -0.584832093640565 -0.0566661552582689 1 1 0
"153" 1 1 1 -0.703041923330345 0.439304281737951 0.315749971183324 0.347893442567971 1 0 1
"154" 0 0 1 1.53646902955945 0.566300289142798 1.5064948353834 1.08342727289102 1 0 0
"155" 0 0 0 -0.566826127638872 -0.759079363717026 -0.181550897629321 -1.10363668513284 0 0 0
"156" 0 0 1 -0.0871410623543674 0.0859991563911722 -0.192411374314471 0.0568144390664089 1 0 0
"157" 0 0 0 0.034479749070124 0.477203727029903 0.234386516853002 0.171880154879092 1 0 0
"158" 1 1 1 0.251304751294488 0.429306652874646 0.663733686274773 0.664380965044009 1 1 1
"159" 1 1 1 0.352053449540336 -0.257821923320285 0.149156752408176 0.432166021319794 1 0 1
"160" 1 0 1 -0.409023706758904 -0.327619831371855 -0.407015493101266 -0.388938717443928 1 1 0
"161" 0 0 0 -1.26182426006034 -1.12679112094449 -1.33745878692047 -0.774294783145008 1 0 0
"162" 1 0 1 0.551637991504912 -0.233539234024992 0.0189411223242929 -0.103784269717502 0 1 0
"163" 0 0 0 -1.25840594861805 -0.87322623719885 -1.1749147261859 -0.57901133153638 0 0 1
"164" 1 0 1 -1.08829874142131 -0.622275942023013 -0.385301586040402 -0.207111418809192 1 1 1
"165" 1 1 0 -0.339205561795761 -0.173789892005777 -0.341178762053366 -0.492275888037379 1 1 0
"166" 1 0 0 0.178220669810935 -0.0825524727407279 -0.461758012708154 -0.174848497698072 0 0 0
"167" 1 1 1 1.01923264461221 1.01873358180273 1.17894578360437 0.512125706610691 1 1 0
"168" 0 0 1 -0.668889715778698 0.416992007212809 -0.281251294898574 0.142431316496888 0 1 0
"169" 0 1 1 -0.338046984704324 -0.342322798733216 -0.663378523909966 -0.280437371483073 0 0 0
"170" 1 0 1 -0.0466321450347015 0.429418815207811 -0.473211722104367 -0.093228061238821 1 0 0
"171" 0 1 1 1.13576854330995 0.429985960434685 0.908391381898297 0.695491536053178 0 0 0
"172" 1 1 1 1.75310495801355 1.3367717015021 1.76100216633624 1.32296279480805 1 1 1
"173" 1 1 1 -0.766830609868568 -0.288244682497371 -0.786824930350349 -0.756876651436342 0 1 1
"174" 0 1 1 -0.232679179132326 -0.0750350328855271 0.310779768068759 0.232114415982624 1 0 0
"175" 1 1 1 -0.212692832104448 0.119124274455521 0.251977515182992 -0.270815797715952 0 1 0
"176" 1 1 1 3.16723059723893 2.26417727665242 2.72809538599396 1.99162843102062 1 1 0
"177" 0 1 0 -0.0350960135018361 -0.0498083729208526 0.209852885672857 -0.273435771018945 1 0 1
"178" 1 0 0 -0.548393747198386 -0.212329774439162 -0.175935324828104 0.214684110392975 1 0 0
"179" 0 0 1 -1.35912961412405 -1.33782018243322 -1.46732881681636 -1.25365591262502 1 0 0
"180" 0 0 0 -0.781035902384815 -0.0199595953638558 -0.452211100884533 0.0825679873735529 0 0 0
"181" 0 1 1 -1.37672599220911 -1.2492769728486 -1.53599735454087 -1.13875594142773 0 1 0
"182" 1 1 1 2.27247664125158 1.45098487905742 1.39908560569946 0.799805023940202 1 0 0
"183" 0 1 1 -0.809859778625649 -0.398019209910917 -0.472119450887414 -0.744468091238869 1 1 1
"184" 1 0 1 -0.319124005989411 -0.366218484144827 -0.881077287870559 -0.210688415023735 1 1 1
"185" 1 1 0 0.355806031571152 0.279321330890078 0.613145719931309 0.38594576078223 1 0 1
"186" 0 1 0 0.759836021050577 0.299461584261797 0.167188598941961 0.252297274593249 0 0 0
"187" 1 1 0 -1.11242491674359 -0.0795931600070244 -0.388726704619415 0.115326179375974 0 0 1
"188" 0 1 0 1.16635516637614 0.948565595221177 0.173141823659425 0.309978029948166 0 1 0
"189" 0 0 0 -1.05764791719213 -0.890185334109109 -0.67611605310974 -0.909121065011155 0 0 1
"190" 1 0 0 0.33896646925851 0.397446037518966 0.824982722619451 0.552539422867395 1 0 1
"191" 0 0 0 -0.172778191947039 0.178508821790147 0.191330274218734 -0.07260344393201 0 1 1
"192" 0 0 0 -0.344676477528672 -0.430222712799773 -0.70703493229641 -0.406625355931506 0 1 0
"193" 0 0 1 -0.364748495225358 -0.00513330953954211 -0.49295452191812 -0.0746478050667358 0 0 0
"194" 0 0 0 -2.28259245805596 -2.09996370281914 -2.16661285008294 -1.8825902803137 0 0 0
"195" 1 0 1 -0.721030297624788 0.224420470895625 -0.291813280514564 -0.0545549961190271 0 1 0
"196" 0 1 0 -0.777910528163173 -0.303180395430571 -0.898081126027583 -0.0878347190303531 0 1 1
"197" 0 0 1 -0.763487668330648 -0.0463421477007023 -0.270510608189627 -0.437117482774016 0 0 0
"198" 0 1 0 -1.50428165756668 -1.47005501052895 -1.70061419831282 -1.40879024755199 1 1 1
"199" 1 0 1 -1.31479011812486 -1.13522727465988 -0.673190794363617 -0.0394199209150734 0 1 1
"200" 1 1 0 0.808839844730925 0.364536628547321 0.0732388133760309 0.483532085291365 1 1 1
"201" 1 0 1 -1.91383753953612 -1.52560593343727 -1.49087467300891 -1.44037349493215 0 0 0
"202" 1 1 1 1.08274743885603 0.226159188928701 1.2828330048918 1.05637074301096 1 0 1
"203" 1 0 0 -0.254333012570051 -0.298825542712896 -0.0990639743790362 -0.824758797027992 0 0 1
"204" 0 0 0 1.05188303472251 0.335267556502638 0.501643892699848 0.761384412651507 1 1 1
"205" 1 1 0 -0.918762239962147 -0.413060470301238 -0.768130601336339 -0.522693677077254 1 1 1
"206" 1 0 0 0.135195737457382 0.518825755775258 0.32435324771138 0.0294279451518258 0 0 1
"207" 1 1 0 0.157198003313172 -0.312199128923385 -0.0104941917097031 0.0386227061678686 1 0 0
"208" 1 1 1 1.19214572673539 0.610736873544869 0.789535917429943 0.623731279945547 1 0 1
"209" 1 0 1 -0.615940223017269 -0.603132223462389 -0.862506596872425 -0.844426185602823 0 1 0
"210" 0 0 0 -1.00622438598238 -0.912873606230121 -0.971468951713489 -0.546797927535118 1 0 1
"211" 0 0 0 -0.33128530397155 -0.311195480050141 -0.492997818159043 -0.847131323385486 0 1 0
"212" 1 1 0 -0.245362500159496 -0.255141067960839 -0.0462467005647174 -0.063165204832152 0 1 0
"213" 1 1 1 1.69374251540312 0.959995518083499 1.78696660129042 1.12125868673225 0 1 1
"214" 0 0 1 -0.557330414164071 0.0188665235777247 -0.762917994393384 -0.0351851278489096 0 1 1
"215" 1 1 1 0.510622544542447 0.358474517605488 0.216951598536862 0.877113460572577 0 1 0
"216" 1 0 0 -0.039828749735404 0.00953268944097743 -0.367460021731406 0.0573930242747773 1 0 0
"217" 1 1 1 0.7043115139424 0.412327618685528 0.663396242936167 0.76915774057985 0 1 1
"218" 0 0 0 -2.7845727448649 -1.58319492248038 -2.61041251482558 -2.14488292078102 0 1 0
"219" 0 1 0 -1.22034751953431 -0.206938828961674 -0.25219441125521 0.00096341414920964 1 1 1
"220" 0 0 1 0.652571085130865 0.306395229205359 0.562067049720215 0.760291670985123 0 1 0
"221" 1 0 1 -0.559040283800279 -0.205980858814399 -0.915479271171898 -0.295297810038721 1 0 1
"222" 0 1 0 -1.02181235998811 -0.147444562107357 -0.930552033138449 -0.345425516115907 0 0 1
"223" 1 1 1 -1.0748334597893 0.128637687356364 -0.480310480084812 -0.576808048236973 1 1 0
"224" 1 0 0 0.641601033540761 0.303777452227455 0.808902997102105 0.308680106210114 0 1 1
"225" 1 0 1 -0.284712862211896 0.0151829624841527 -0.110504724413271 -0.091846673870778 1 1 1
"226" 1 0 1 -0.91695941037049 -0.436086906217678 -0.740844594391917 -0.398830830594131 1 1 0
"227" 0 0 0 -1.63220215841284 -0.678690711626198 -1.21423684811434 -1.07035078572698 1 0 0
"228" 0 1 0 0.101399440489232 0.0848109257092623 -0.188916139257414 0.160102199187759 0 1 0
"229" 1 1 1 0.755483729384645 1.05491591039922 0.501967140806065 0.920175020029423 1 1 1
"230" 1 1 1 1.11063920151903 0.686004177592081 1.05838942383069 0.972137321813455 1 1 1
"231" 0 0 0 0.175175487277235 -0.305585893552976 -0.0750531850722095 -0.494297424995628 0 0 1
"232" 0 0 0 -0.901046826352407 -1.10497149025937 -1.19819573659963 -0.908644155034885 0 1 1
"233" 1 1 1 0.0563007127952025 0.341550365314016 0.172776836476545 -0.0871977306172938 0 1 0
"234" 1 1 1 1.98279506038688 1.16497086463278 1.61746543113859 0.74436794574669 1 1 0
"235" 1 1 0 1.07913822135338 0.850784071341785 0.848063253136331 0.577348677536712 0 1 1
"236" 0 0 0 -0.212095023984715 0.00712997592058727 0.0364511648263761 -0.14994370259414 0 0 0
"237" 0 0 0 -0.712908677719335 -0.76796157295037 -0.252873501575892 -0.0346451176277827 0 1 0
"238" 0 0 0 -2.01796376074491 -1.14859602895801 -1.4049390971724 -1.00671730497191 1 0 0
"239" 1 1 1 0.0737140350123466 0.0538808452973598 -0.137527550780123 -0.203885524854532 1 1 1
"240" 0 0 1 1.26719550876558 0.679996067796001 1.21604293649276 0.826967108977293 0 0 1
"241" 0 1 1 -0.365887691859101 0.0440145688804132 -0.46735374201104 -0.493810850214149 0 0 1
"242" 1 1 1 1.45120521911905 0.349793926048034 0.502563244194792 0.380260202644755 0 0 0
"243" 0 1 0 1.65433892616546 0.40353253406618 0.368715867077658 0.553256559281851 1 0 0
"244" 1 1 1 -0.568013273049042 0.105744360141512 -0.0816316276152002 0.319693451081717 0 0 1
"245" 0 1 0 -1.61670250791524 -0.977502587828136 -1.56692480294449 -1.13474883472016 1 1 1
"246" 1 0 0 -0.983929875399632 -0.294814684092938 -0.690338534165076 -0.42822804269861 1 1 1
"247" 0 1 0 -0.645516544921594 -0.919080703424709 -0.768171527396595 -0.569578721736562 0 1 0
"248" 0 0 0 -0.813983473350473 -0.576734947392847 -0.734904719993959 -0.503317041730269 0 1 0
"249" 0 1 1 0.237323404561512 0.0287748726005095 0.293805786494464 0.458773400910344 1 1 0
"250" 1 1 1 -0.973897534877707 -0.407321948332049 -0.951673454063723 -0.776112631098699 0 0 0
"251" 1 1 0 -0.355115892813036 -0.557211350011423 -0.464022873344737 -0.748789518617545 1 0 1
"252" 1 0 0 0.192391989509873 0.593844095075658 -0.114404737581879 -0.0639037727958737 1 0 0
"253" 0 0 1 -1.56169575421604 -1.01750969445576 -1.36457215420748 -1.0789848077478 1 1 0
"254" 1 1 0 0.771422450894098 0.752753846806209 0.274790113331688 0.658092941735981 1 1 0
"255" 1 1 0 -0.168867064950434 0.192243782100873 -0.496676802569572 -0.0669441426809898 0 1 1
"256" 1 1 1 1.48169684979907 0.72485404478275 1.49438587727398 1.69416388823365 0 1 0
"257" 1 1 1 0.193962588473563 -0.590210593438076 0.242641465187107 -0.193145672637031 0 1 0
"258" 1 1 1 -0.726945640888266 0.491915634085035 -0.201027361972622 -0.263731884084937 0 1 0
"259" 1 0 0 -0.793007843598385 -0.736139262106161 -0.667480906127244 -0.764903626768643 1 1 1
"260" 0 0 1 -0.896356568917819 -0.417520222700664 -1.43534204205781 -1.44842685138909 0 0 1
"261" 1 0 0 -0.56540362760553 -0.510711240104879 -0.921044864937661 -0.770208669493471 1 1 0
"262" 1 1 1 -0.707888524301066 -0.513794741355987 -0.420829515111512 -0.658913935655332 1 0 0
"263" 1 1 1 1.38579498259746 0.989527746021756 1.1653832428181 0.916442844009066 1 0 1
"264" 1 0 1 0.39411109399155 0.496114265155363 0.230123938048414 -0.403318708547702 1 0 1
"265" 1 1 0 1.17185178787701 0.737681777674822 1.18192027178742 1.11655688661139 0 1 1
"266" 1 1 1 -0.338549641592014 -0.495470827102952 -0.923743397309512 -0.620987630169338 1 0 0
"267" 1 0 1 1.16441154331922 0.735540314308201 1.42644340472423 1.00665198276087 0 1 0
"268" 0 0 1 0.458378764148238 0.400398336055993 0.422569369001663 0.223909934118175 1 1 1
"269" 0 1 0 -0.201230982475824 -0.466740698357685 0.513769942555723 -0.379245394322504 0 0 0
"270" 1 1 1 1.78442285031358 1.2434024880344 1.50227674818629 1.19896053434255 1 1 1
"271" 0 0 0 -1.45827619952906 -1.2777527751137 -1.60569716432772 -1.41805149673494 0 1 1
"272" 1 1 1 0.41450725859118 0.83386893777925 1.11113726313854 0.608203485371748 1 1 1
"273" 1 1 1 -0.145237253068576 -0.0992631492517886 -0.270454711540563 -0.183021628007626 0 1 1
"274" 0 0 1 -0.0875408923849076 -0.0683644200382571 -0.240554252626347 0.213803716854902 0 1 0
"275" 0 1 0 1.01305674977664 0.505415631785638 0.917347214274584 1.05483444871083 0 0 1
"276" 1 1 1 -0.816593772242501 -0.885083255434337 -1.15900956184766 -0.785257455356377 1 0 1
"277" 1 1 1 -0.143336800508564 -0.141009017168705 -0.477568605124309 -0.71066664637953 1 1 0
"278" 1 1 1 1.068448754237 0.609732755676317 0.967578629582973 0.12045821499947 1 0 1
"279" 1 0 0 -2.69807294061573 -2.16225287855079 -2.36458303977988 -2.02269831809905 0 0 0
"280" 1 1 1 1.55832374979342 1.03209151864232 0.702754966797869 0.911310111044752 1 0 1
"281" 1 1 1 0.670572931447697 0.865380811045296 0.436720615285734 0.116211043060224 0 0 0
"282" 0 0 0 1.3176885212793 0.738303000161495 0.831285845418102 0.815524687302001 0 1 0
"283" 1 1 1 0.301439571056228 0.523239942615569 0.327730863847074 0.386148891709948 1 0 1
"284" 0 0 0 -1.43639392857249 -0.570297808817909 -0.6892612389391 -0.926032016891237 0 0 0
"285" 1 1 0 0.488728267684453 0.611060198037577 0.83637972712981 0.382523096609962 0 1 0
"286" 1 0 0 1.32269564166939 0.733447710521994 1.28766981150223 0.754012310664265 0 0 0
"287" 0 0 1 -0.688120739683773 -0.464317635950411 -0.102637097967385 0.0465669149943282 1 0 0
"288" 0 0 0 -1.00471909422605 -1.09162173528945 -1.01808442216354 -1.07226228321109 0 0 0
"289" 1 0 1 -0.217652985941241 -0.168532376843969 -0.6045642990275 0.111622568311105 1 1 1
"290" 1 1 0 0.578025966291955 0.770242829736 0.881480313304612 0.951164608132486 0 0 0
"291" 0 1 0 -2.05906666495868 -1.58828609530676 -1.38958623306412 -1.44666435267957 0 0 0
"292" 0 1 1 1.18287177780999 0.236914348143284 1.13811368611041 0.71929365215498 1 0 1
"293" 0 0 1 -1.45131495155888 -1.11520477168046 -0.523496372398454 -0.72433726797358 0 0 0
"294" 1 1 0 0.979345608389442 0.160208949923754 0.311511323784428 0.569971438743684 1 1 1
"295" 1 1 0 0.161211868122516 0.109836996276674 0.0358624727316255 0.0761915888506413 0 1 1
"296" 1 1 1 0.505196852805874 0.194961755681185 0.631722326402588 0.648200138692595 1 1 1
"297" 1 0 0 -0.686898959449769 -0.832482198728235 -0.686858075381854 -1.14929120326643 0 0 1
"298" 1 1 1 1.24963688872592 0.154904129204854 1.17537502713606 0.743564694174982 0 0 0
"299" 1 1 0 0.25628420919474 0.340024865600463 0.345386012743584 -0.228940816062682 1 1 1
"300" 1 1 0 0.887246116782587 0.703011970720925 0.820201347711467 0.347123536699145 0 1 1
"301" 0 0 0 0.421107746998929 0.582688257959213 0.491075198120545 0.371917060531066 1 1 0
"302" 0 0 0 -0.528089179619075 0.183157765562967 -0.784902965829694 -0.382508549544989 1 1 1
"303" 0 0 1 -0.978513046511903 0.497233343722712 -0.253708415173071 0.0248839598657301 0 1 1
"304" 1 1 1 2.20191631955052 1.8110138542901 1.70963599234311 1.42205665430011 0 0 1
"305" 0 0 0 -0.401149041200316 0.11116405505297 -0.569984295026318 0.0159674268251823 0 0 0
"306" 1 1 0 -0.0965699251867411 0.17204525955197 0.343379515419073 -0.0850973312897367 1 1 1
"307" 1 0 0 -1.80594044436145 -1.42246119314078 -1.74288042190627 -1.40365297399753 0 1 0
"308" 1 0 1 -0.565578426962598 -0.417331960709178 -1.38407808687323 -1.19251343490325 1 1 0
"309" 0 0 1 -1.27620573749413 -0.850889893730987 -0.914711269821457 -0.751362082504617 1 0 0
"310" 1 1 0 1.13665711260979 0.619571926597181 0.53510197065467 0.159066700125618 1 1 1
"311" 1 1 1 1.36679042737627 1.74493586733027 1.16522475646105 1.10842699763129 1 1 1
"312" 0 1 0 -1.74630745155841 -1.82003059118498 -2.13139121118798 -1.17630142956309 1 1 0
"313" 0 1 0 -0.538484814035218 0.00499541723437552 -0.568928504857933 -0.0825968348237743 1 1 1
"314" 1 0 1 0.0201022031156522 0.134114767297677 0.192651107064509 -0.190458944893606 0 1 0
"315" 0 0 1 -0.097151231562643 0.389145254656909 0.233702779963035 0.296939641268895 1 1 0
"316" 1 1 1 0.310009481316184 -0.27172668691855 -0.319262683827109 0.498437990677403 0 1 1
"317" 0 1 1 -1.15609465336072 -0.272416233169967 -0.906024167774925 -0.406154938387223 0 1 0
"318" 1 1 1 1.24951112544736 0.401760676055544 0.379540347530725 0.316191746447724 1 1 0
"319" 0 0 0 -1.64309276216324 -1.07982356444136 -0.887637372255499 -0.971600245354013 1 0 0
"320" 1 1 1 -0.03124637904785 -0.452043927820145 -0.597964874937833 -0.386382491332675 1 1 1
"321" 1 0 0 0.163851169217986 0.316630749306879 -0.0876515219674819 -0.301571025999648 1 1 0
"322" 1 1 1 -0.585334472830955 -0.506226841252226 -0.535419517805778 -0.258106283890953 0 0 0
"323" 0 0 0 0.075252312910782 -0.590616638242951 -0.202402263970861 -0.54150554685589 0 0 0
"324" 1 0 0 1.61547792724027 0.793898999955848 1.69534414730752 1.50951568090107 0 1 0
"325" 1 1 1 0.828209558330472 0.100874749606172 0.873808809678102 0.489562412010695 1 1 0
"326" 0 0 1 0.0167457317536091 0.0708847767856553 -0.0982104839799743 -0.0604580686719019 1 0 1
"327" 0 0 1 0.672413417645308 0.685377332749611 0.659782927113669 0.362198352421663 0 1 1
"328" 1 1 1 -0.458749752118345 -0.0729238206596247 0.3951429246487 -0.0594333342703031 0 0 0
"329" 1 0 0 -0.448394986462859 -0.242921462384395 -0.454348340592621 0.107796425644778 0 1 1
"330" 1 0 1 -0.151786539924137 -0.350181215113555 -0.0721482211071045 -0.399129314087863 1 1 1
"331" 1 0 0 0.0620556710266678 -0.0175401006014856 -0.0468253449187913 -0.394666158673461 1 0 0
"332" 0 1 0 -0.556300782071378 -0.307418811513186 -0.404399560327218 -0.612852893389088 0 1 0
"333" 0 0 1 0.380449449208645 0.32998642770859 0.183161305102712 0.211347692289076 0 0 0
"334" 1 1 1 0.448688263387558 0.121778769102165 0.308409145844978 0.0141478837284023 1 1 0
"335" 0 0 1 -0.270157491593491 -0.225169510066509 -0.391054876867936 -0.576755228669576 0 1 1
"336" 0 0 0 0.407965722134561 -0.026334069506564 -0.157469208386991 0.136445057283851 0 1 0
"337" 1 1 1 -1.1268647428331 -0.781942004198556 -1.60180279665121 -1.3448483757789 1 1 0
"338" 0 0 0 -0.253237138260813 -0.5055642779057 -0.275139210928942 -0.611690787262214 1 0 0
"339" 0 0 1 0.479327029104799 0.327378196588588 0.308534158840712 0.609068752008863 1 0 1
"340" 0 0 1 -0.127044458531495 0.224691006944752 -0.134606442648033 -0.0644863091769646 0 1 1
"341" 0 0 0 1.05110857011232 0.491412310031498 0.349944192017672 0.83619147901825 0 1 1
"342" 0 0 0 -1.31877901294574 -0.633667030068504 -1.14456614781269 -0.76264282601337 1 1 1
"343" 1 0 1 1.07494801833017 0.0872641211853791 0.470982641274817 0.80500787567607 0 0 1
"344" 1 1 1 0.71951209985499 1.04764048684021 0.578300585133116 0.428419784756416 0 1 1
"345" 1 1 0 -1.28739828212929 -0.756674042594229 -1.05728968887814 -1.00902990358576 1 0 0
"346" 1 1 0 0.188953761499325 -0.0106204651877959 -0.0793790840270074 -0.436713923593066 1 0 0
"347" 1 1 1 1.44234857548331 1.49141476735393 1.90247090404071 1.23254032685076 0 0 0
"348" 1 1 0 1.99086074181645 1.18263103133506 1.81971790346651 1.8310950368382 0 1 0
"349" 0 0 1 -1.78674142452065 -1.05985733129522 -1.19710280288951 -0.639861817547333 1 1 0
"350" 0 1 1 0.276864395973091 -0.123362412358994 0.140480967324128 -0.159006369987888 0 0 0
"351" 0 0 0 0.0827853693576101 0.140759981743502 0.684047641498053 0.991399991567936 0 0 1
"352" 1 0 0 0.940824684150533 0.490196512155783 0.379876232083277 0.776180587512659 1 1 0
"353" 0 1 0 0.837882584208427 0.821542051026923 0.806693584337067 0.244625166729535 0 0 0
"354" 1 0 1 -1.59236021312916 -0.781563593201813 -1.50304430146513 -1.39426935587204 0 0 0
"355" 0 0 1 -1.30985272086926 -0.956598360756489 -0.862485928625293 -0.60097476038644 0 0 1
"356" 1 0 1 2.29556180661756 1.31833823232526 1.62619675344651 1.25948474687293 1 1 0
"357" 1 1 1 2.2896313582317 1.69912071936842 2.11251111187007 1.95313124011858 1 0 0
"358" 1 1 0 -0.497139746840526 -0.247996176744124 -0.216147329922887 -0.259603153437127 0 1 0
"359" 0 1 0 -0.096801279567718 -0.833312919029902 -0.962151212975749 -0.431511421808447 1 0 1
"360" 1 1 1 -0.943773785825174 -0.323818976065693 -0.113976011283962 -0.114336364480374 0 1 1
"361" 0 0 0 -0.267602598393553 0.163415171478667 -0.50567034522536 -0.514563549734667 0 0 1
"362" 1 1 1 0.614734417936669 -0.297184891239819 0.332085767761371 0.0301940171067152 0 1 1
"363" 0 0 0 -1.84148779109435 -1.39974439111281 -1.33159122031881 -0.840332435216372 0 1 1
"364" 0 0 0 -1.19154097504516 -0.703693274527884 -1.14882667073658 -0.874698107920076 0 0 0
"365" 1 1 1 -1.0432932129077 -1.71270058277156 -0.771093220893644 -1.03331998699793 1 1 0
"366" 1 0 0 -0.568128388395957 -0.373130377754557 0.00402451202627319 -0.142076575401676 0 0 1
"367" 1 1 0 0.326155692399002 -0.520717374312659 0.14121048148585 0.459803647108269 1 0 0
"368" 0 0 0 -1.88688722435284 -2.3682839795104 -1.7653447389455 -1.57408463971751 0 1 0
"369" 1 1 0 1.78853340855965 1.388827685855 1.42825013092476 1.01858411172908 0 1 1
"370" 0 1 0 0.263683087131236 -0.0685036442457323 0.730564759468332 0.395234742429115 0 1 0
"371" 1 1 0 -0.511497996834935 -1.02202954399531 -0.708340463103695 -0.751636038940006 0 1 1
"372" 1 1 1 -0.423537847842851 -0.904889819027084 -0.127150855774293 -0.368526540799043 0 0 1
"373" 0 1 0 -0.416598938021111 -0.440777932159524 -0.761757172867449 -0.72079240234075 0 0 0
"374" 0 0 1 -0.486067156029984 -0.408769936281711 -0.402925118018323 -0.393389852543073 1 1 0
"375" 1 1 1 0.347653129681698 0.529101650290527 0.434303069935341 0.489485975279648 0 0 0
"376" 1 1 1 0.0408108750902252 -0.404268382578948 -0.191396378543083 0.611714739691914 1 0 0
"377" 0 1 0 1.23820899730208 1.25077929399018 1.64982955166094 1.52679095387711 0 0 0
"378" 1 1 1 0.897789024233598 0.43343575753731 0.538048116729309 0.459119819366405 0 0 1
"379" 1 1 1 -0.129837882858968 -0.748403881339863 -0.492716886061735 -0.395257029285051 0 1 0
"380" 0 0 0 -1.11508641493871 -0.659168459708431 -0.894506464411001 -0.357060623615946 0 0 0
"381" 0 0 1 -0.576154720215016 -0.291566874949406 -0.511116287544843 -0.414465146190216 1 1 0
"382" 0 1 1 -2.0473435346342 -1.67077839203713 -1.12756146790289 -1.52119801043434 0 0 0
"383" 0 0 1 -0.202643733919608 0.150127014970421 -0.334521804022172 -0.171052282724216 0 1 0
"384" 1 0 1 0.642033512779686 0.775165890762364 0.27130145285113 0.608951548636748 1 1 1
"385" 1 1 1 -0.183582237398962 0.673242383435034 0.287423561873679 0.0718247862623276 0 0 1
"386" 1 1 1 -1.69085949384838 -0.836911072429868 -1.72388883285559 -1.17113737755782 1 1 1
"387" 0 0 0 0.926990839505221 0.317819472048579 0.515344220660235 0.574537847966563 0 0 0
"388" 0 0 1 -0.00643478271855652 -0.474986966120498 -0.414300833579087 -0.627179673287986 1 0 1
"389" 1 1 1 -0.342570523620677 -0.990357062572101 -0.0621877075476362 -0.311122984742797 1 1 0
"390" 1 1 1 -0.51789900051707 -0.0696586852962588 -0.133525343505955 -0.0243197151885093 1 0 1
"391" 0 1 1 0.985928728013997 0.640347856724931 0.417807329703472 0.893969213237885 0 1 1
"392" 1 0 0 -0.992528959041918 0.0227399609493328 -0.74280748846562 -0.341058802593088 0 0 1
"393" 1 1 1 -0.305431461872748 -0.294278095023288 -0.411882805606494 -0.415049899555666 0 1 1
"394" 1 0 1 -0.409842648349365 -0.703230932029722 -0.0242076113245893 -0.469506621378585 1 0 0
"395" 0 0 0 -1.27540659299638 -0.502406800339087 -1.05425698275848 -0.607156548657696 1 1 0
"396" 1 1 1 0.845038033547572 0.423312586202869 1.60138202835305 0.554677408762933 1 1 0
"397" 1 1 0 -0.571335532699187 -1.10161575080629 -0.0977221089077986 -0.370417968647421 1 1 0
"398" 1 0 1 -0.899262760123541 -0.359113138613656 -0.660512903687303 -0.532577184760552 1 1 0
"399" 0 0 0 -2.28644436264435 -1.26058659464445 -2.07901403510419 -1.4935076977289 0 0 1
"400" 0 0 0 -0.625818885053595 -0.195331923257937 -1.05412381338962 -0.673452149821158 1 0 0
"401" 1 1 0 0.853695842764206 0.148229906967655 0.746384222899091 0.174609573151686 0 0 0
"402" 1 1 1 -1.0388371282518 -0.607909431903936 -0.221193352157641 -0.392903541591492 1 0 0
"403" 1 1 0 -1.30028468162141 -0.599349883686839 -0.927398555027249 -1.08867285016191 0 1 1
"404" 0 1 1 -1.21210354508525 -0.0639318178572954 -1.03251743433516 -1.14964442804907 0 0 1
"405" 0 0 0 -0.70842813262314 -0.435037921685433 -0.482569583384997 -0.247168018116394 1 1 1
"406" 1 1 1 2.21825350298747 1.47485747003927 1.92465711180631 1.63546861779118 1 1 1
"407" 1 0 1 0.652168060233576 0.0529682312163606 0.669211042039289 0.302182094897763 0 1 0
"408" 1 1 0 2.33524247983076 1.25095249663092 1.7271175013524 1.60178863846301 0 0 1
"409" 0 1 1 0.385183606236611 0.541616735270583 0.382322448849449 0.797690297258091 1 0 0
"410" 1 0 1 -1.11803686617336 -0.233746195361733 -0.585764291117727 -0.476574139039836 0 1 0
"411" 0 0 1 0.274983840354964 0.322038731745201 0.454305399828099 0.520249207196704 0 0 0
"412" 0 1 1 -0.529825703144324 -0.882760574359162 -0.756429328562929 -0.718207610413066 1 1 0
"413" 1 1 1 3.2757432447966 2.43649936155161 2.9257792868026 2.64973052228713 1 1 1
"414" 0 0 0 0.152191048090034 0.267602337552176 0.298983416114202 0.468561816246608 0 0 0
"415" 1 1 1 1.33106829478685 1.84215073341841 1.64665043721129 1.47205002990032 1 1 1
"416" 0 1 1 0.0244230586710085 0.0219360432343352 0.492773745700309 0.443470502971089 1 0 1
"417" 1 0 1 -0.458032870715749 0.445616703030059 -0.316938260331015 -0.0016203882146143 0 0 0
"418" 0 0 0 1.49939367856953 0.770776222812415 1.50786875612084 1.04092640580215 0 1 0
"419" 1 0 1 -1.2122797312589 -1.74193216567902 -0.895976913880908 -0.592683965086862 0 0 0
"420" 1 0 0 0.128866887976293 -0.150450516622962 -0.0337009759032426 0.0912112902102156 1 0 1
"421" 1 1 1 0.474356254353585 0.318067809849493 0.624326506538704 0.546123137401919 0 0 0
"422" 1 1 1 -0.217663506320332 -0.229445311116845 -0.885173951619872 -0.104649428931405 1 0 1
"423" 1 1 1 0.0879929580064346 0.235944331662287 0.204222781316731 -0.0814132542024195 0 0 1
"424" 1 1 0 1.28841568115819 0.928156378017782 1.58282776833717 1.19923320802855 0 0 0
"425" 1 1 1 -1.38838000599544 -0.951776521588878 -1.47200666976711 -0.739823623161365 1 0 0
"426" 1 1 0 1.42996722701447 0.937799431078774 1.00630977893063 0.653126132623044 1 1 0
"427" 0 0 1 -1.37071697935015 -0.719641887503126 -1.46763998128366 -1.05755070765627 0 0 0
"428" 0 0 0 0.723206611089511 0.380367377111672 0.439975916240308 0.484927244479593 0 1 0
"429" 0 0 0 -0.367257506220422 0.081538516995824 -0.453615400190327 -0.256415855167907 0 0 1
"430" 1 1 1 2.69670963397856 1.48801822034998 2.64247234014289 1.9136812627793 1 1 0
"431" 0 1 0 -1.26447933081441 -1.26777608973018 -1.14930791221163 -0.431492878148538 1 1 1
"432" 0 1 0 -1.00994016989693 -1.11984847156108 -0.258104075282931 -0.33171106429475 0 1 1
"433" 1 1 1 1.23281944090313 0.80555382760793 1.0373683779502 0.59545641190352 0 0 1
"434" 0 1 1 0.857356112158912 0.731095581689253 -0.284962133849867 -0.34387127182047 0 0 0
"435" 1 1 1 -0.131122577909601 -0.0505744838540962 0.365463661829364 0.316489803643529 1 0 0
"436" 1 1 1 0.483381934427303 -0.09902464491136 0.76064526131613 0.466493875667802 1 1 1
"437" 1 1 0 0.81805904705943 0.356492532590575 1.27541446313812 1.01823114293706 1 0 0
"438" 1 1 0 0.806126393827096 0.738371123972807 1.11248465476785 0.643611419075646 0 1 1
"439" 0 0 0 -0.775499862106668 -0.455083666256102 -0.556216512501782 -0.755242772650213 0 1 0
"440" 0 0 0 -1.12393356020019 -0.985989369307155 -0.835156188749648 -0.595425534765766 0 1 1
"441" 1 0 0 1.44902514551051 0.734601162649681 1.09410232982732 0.556590929160586 1 1 1
"442" 0 1 1 -2.30743632720992 -1.31642310745682 -2.03081492348031 -1.53706292743262 0 0 0
"443" 0 0 0 -0.40410348323503 -0.535599851471733 -0.94435220037731 -0.603486894166398 0 1 0
"444" 1 1 1 0.133734949910217 0.219921602702724 0.602308403007527 -0.502169582727931 1 0 1
"445" 0 1 1 0.566610753084251 0.720684059867859 0.612402425997962 0.62104438702218 1 0 1
"446" 1 1 0 0.624388784962028 0.261358305716396 0.422295927743043 0.672160617850321 0 0 1
"447" 1 1 0 1.59224746513382 0.800488918311807 1.02498090491038 1.17744300821079 1 1 0
"448" 0 0 0 -0.612260431151302 -0.247363876151356 -0.597518062893361 -0.364586664366649 0 0 0
"449" 0 0 0 -3.52900454090586 -2.27006181076473 -3.12065495064597 -2.28150595379716 1 1 0
"450" 1 1 1 -0.647082704736235 -0.230338019234479 -0.327704704919462 -0.470858632086307 1 1 1
"451" 0 0 1 -0.479952195222553 0.0487964586510591 -0.186640323997817 -0.423913309100083 1 1 1
"452" 0 1 0 -0.19718062233109 0.0857887571147164 -0.0350040329041378 -0.12367651333464 0 1 0
"453" 0 0 0 0.722485319511624 0.166345964798623 -0.129018914660446 -0.146462183428961 0 0 0
"454" 0 0 0 -1.54668116346084 -0.623775101072083 -1.0190722486081 -0.692182408762764 1 0 1
"455" 1 0 0 0.189727418573057 -0.148956478856962 0.139679585918453 -0.370893492152901 1 0 0
"456" 1 1 1 1.03674337410911 0.824223226054588 0.702616080678609 0.259514815570183 1 1 1
"457" 1 1 1 0.08192937757986 -0.03667847293042 0.0723996081740786 -0.0987884618495889 0 1 0
"458" 0 1 1 -0.166110611492259 -0.566988316555642 -0.13645896715923 -0.524202175682088 0 0 0
"459" 0 0 1 0.311871468516419 -0.353054790220402 -0.158662699715201 0.428615114379537 0 0 0
"460" 1 0 1 -1.79232654309803 -1.39728577141401 -1.24576333218619 -1.03854671115332 0 1 1
"461" 1 1 0 -1.16888172087186 -0.820609948556315 -0.728851511850558 -0.849042149033429 1 1 0
"462" 0 0 0 -1.57087552546468 -0.621468493816298 -1.04232902864319 -1.16477973102716 0 0 0
"463" 1 0 1 0.370429957591293 0.773419873864162 0.340487628312188 -0.0130840472903435 0 1 0
"464" 1 1 1 3.17586889382035 1.86438078272256 2.57518710504747 2.05622588439561 1 0 1
"465" 1 0 1 0.0604530105140873 -0.0482778245186339 -0.450902320086176 -0.688571214449497 1 1 0
"466" 1 1 0 0.578337184319599 0.413275601715933 0.809641731623231 0.511045185907972 0 0 1
"467" 1 1 0 0.982250131757012 0.962374201271871 0.621868952023873 0.669297971026105 1 1 1
"468" 0 0 1 0.568864286281717 0.596021109043696 0.715590118323487 0.204093500078105 1 0 1
"469" 1 0 1 0.251208386321052 0.00385105782995809 -0.190413276250842 0.3842569548176 0 0 0
"470" 1 1 0 1.21050871990385 1.11381406083508 0.726264297665017 0.436200075703436 1 1 1
"471" 1 0 0 -0.3718847226328 -0.261428445566417 -0.399558517453422 -0.0940356347818779 0 1 1
"472" 0 1 0 -0.983178005778694 -1.12506077004263 -1.30142091001096 -0.805214551563519 0 0 0
"473" 0 1 1 1.42318546674761 0.647428686363578 0.954574005524151 0.871487742567753 0 1 1
"474" 0 0 0 -1.44689402762858 -0.764647632943261 -0.780468092850394 -0.97223215948817 1 0 0
"475" 1 0 1 0.720223472673028 0.193469603012972 0.973540879726101 0.519081292397193 1 0 0
"476" 0 1 1 -0.742517490989651 -0.849061407188782 -0.474175094293496 -0.346482871473159 0 0 0
"477" 1 1 0 0.738888466923375 1.15491486642696 0.773835945730526 0.689046128773462 1 0 1
"478" 1 0 0 -0.470623886368428 -0.478110081557076 -0.302092401267131 0.0681021842479471 0 0 0
"479" 1 0 1 -1.67083308001567 -0.867831915054879 -1.77785291961352 -0.619242251286235 0 1 1
"480" 1 1 1 0.268303366081436 0.48714473077093 0.662792188534477 0.637858186091122 0 0 1
"481" 0 0 1 -0.584411653233168 -0.675587545192784 0.13707696985796 -0.459456849924601 0 1 0
"482" 0 0 1 -1.07553289924026 -0.674915422736493 -1.05303467738477 -0.540737193581007 0 0 1
"483" 0 0 0 -0.891106546547673 -0.337702827436341 -1.01287371728754 -0.370077959484348 0 1 1
"484" 0 1 0 0.304756662291512 0.262537873165313 0.659022421794771 -0.445316072982203 1 0 0
"485" 0 0 1 0.12293735582201 0.373607232455812 -0.167011871779712 -0.0448582914402817 0 1 0
"486" 0 1 1 2.45213994097294 1.62103968469216 0.959587278627549 1.39463863076055 0 1 0
"487" 0 0 0 0.0849712633115919 -0.56679018930307 -0.334778689608611 0.000627708519815751 0 1 1
"488" 1 0 0 -1.81325593128568 -1.20393869578739 -2.35147074842814 -1.54901833392164 1 1 1
"489" 1 0 1 0.987197224369097 -0.00461637934040746 0.284933471896427 0.0958559540275415 1 1 1
"490" 0 0 1 -0.845278697223753 -0.255982327622961 -0.841799796042323 -0.191711236092873 1 0 0
"491" 1 1 1 1.33833328324655 1.35526173548753 0.905554549261553 1.18092092458983 1 1 1
"492" 1 0 1 0.791881185742195 0.406266892084168 0.802675341216362 0.629227668214719 1 1 1
"493" 1 1 1 -0.725728228694846 -0.706524119419731 -0.628396384031052 -1.26119761708214 0 1 1
"494" 0 0 0 -0.0175561856820146 -0.744327969628856 -0.309242738398968 -0.497316183474553 0 0 0
"495" 0 0 1 -0.171973535519663 0.224079672912217 0.365413146300813 0.171150338517193 0 0 0
"496" 0 1 0 0.328277120135688 0.237981443158566 0.174926977422071 0.179283252782386 1 1 0
"497" 1 0 1 -1.77730837615738 -1.1938983570226 -1.20658480261996 -0.904570567881159 1 1 1
"498" 0 0 1 -0.00489338521247434 -0.185971462927505 -0.422060068710129 -0.159211115225326 0 0 1
"499" 1 1 1 0.340822329748129 0.168908383854784 0.52993624707942 -0.0558849563008957 1 1 1
"500" 1 1 1 2.01647814461835 0.4906487989861 1.92568287590225 1.96264405065427 0 0 1
