"V1" "V2" "V3" "V4" "V5" "V6" "V7" "V8" "V9" "V10"
"1" 1 1 1 -0.641493746149488 -0.0387217250175237 -0.238434853077254 -0.501576160260493 1 1 1
"2" 1 1 1 1.42880613863596 0.965280729523844 0.971567367339613 0.830831659920439 1 1 1
"3" 1 1 1 1.92324344228979 0.839068995034688 2.10563897408601 1.24913968803652 0 1 0
"4" 1 1 1 0.134214648590073 0.0916589594978999 0.463457544194418 0.296337372198795 1 0 1
"5" 0 0 0 -0.111494428392523 -0.497086285538174 0.148271567407918 -0.514171879832491 0 1 0
"6" 1 1 0 1.02858241596868 0.49732804523983 0.91967324957088 0.518043778452156 1 1 0
"7" 1 1 1 0.842846589658764 0.601820193419125 0.621103338965195 0.405398984942879 1 1 1
"8" 1 1 1 0.98314541939242 1.56500201106231 1.691319581514 1.69367672367375 1 0 1
"9" 1 0 1 -0.593285536630881 -0.449063465819086 -0.733055960939134 0.0107143222424183 0 1 1
"10" 0 0 0 0.530346476311269 0.253807860425076 0.588211201369344 0.342319249458531 1 0 1
"11" 0 1 0 -0.532957840420637 -0.390759249064528 -0.484193883068846 -0.287464168851347 0 1 0
"12" 1 0 0 -1.23051386737715 -0.98054168653532 -2.01593558984816 -0.797527489428195 0 1 1
"13" 1 0 0 -0.478968460444239 -0.443218785896271 -0.421832383003047 -0.6051402915823 0 0 0
"14" 1 1 1 -0.45434880240527 -0.301017959834641 -0.0404547622161849 -0.351720006169939 0 1 1
"15" 0 0 1 -1.02394263372597 -0.54728201998895 -0.242997483240393 -0.286121266961692 1 0 1
"16" 0 1 1 -2.98715832968932 -1.93985878800399 -2.12598235202718 -1.54877732023182 0 0 0
"17" 1 0 0 0.742653279552144 0.910251164194025 0.819856126554271 0.320901279593253 1 0 0
"18" 0 0 1 -0.671428253910042 -0.402946689274548 -0.509660465170708 -0.298347698683606 1 1 0
"19" 0 1 1 -1.01006673762645 -0.669249823438857 -0.910132404714781 -0.621595140863397 1 1 0
"20" 1 1 0 2.16439306804238 2.03385590769709 2.43194116036758 1.59652603983294 0 0 0
"21" 1 1 1 -0.969247280395591 0.01076761209082 -0.600634834650628 -0.107944769252522 1 0 0
"22" 1 0 1 0.823429273621552 0.675497975289329 0.12924843039713 0.346131650395512 1 0 1
"23" 0 0 0 -1.34887835930074 -0.4545218765897 -0.314781139915629 -0.42169159848809 0 1 1
"24" 0 0 1 -2.10836848024131 -1.21370772803987 -1.5449428619966 -1.18754595133476 0 0 0
"25" 0 1 0 0.0620077657694598 0.0516987698311473 -0.243926742328894 0.00662687484556115 0 0 0
"26" 0 0 0 -0.995717274665253 -0.583473706140036 -0.665267726733205 -0.411247195310931 0 1 0
"27" 0 1 1 0.117949551342938 0.281233704709142 0.256854280795614 0.133769768578327 0 1 0
"28" 1 0 1 -0.524658883324596 -0.298572965844268 0.215402089560152 -0.329374960208774 0 1 1
"29" 1 1 1 2.18617640695341 0.815140092807769 1.19553069931657 0.443854261916186 0 0 0
"30" 0 0 1 1.75245362829513 2.03654349684685 2.0885445526398 1.13524154524251 1 1 1
"31" 0 0 0 0.568008714234347 0.241992252913219 0.428148800323448 0.0163166213732299 1 0 1
"32" 1 0 0 1.21594639062011 1.07762123879821 1.03986596438571 0.714029109464204 1 0 1
"33" 0 1 0 -1.75638667354497 -1.17812050706588 -1.42778564707115 -0.988490992416722 1 0 0
"34" 0 1 1 -0.229193444284629 -0.12905036023579 -0.347160957273345 0.0395351436210489 1 1 0
"35" 1 1 0 0.822894651157633 0.251473564885343 0.054767871711735 0.465725506042935 0 1 1
"36" 0 0 1 -0.328904349138941 -0.143108029913505 0.471043804426999 0.540971798331158 0 0 0
"37" 1 1 0 0.345256110633807 0.10567203334596 -0.281582961784095 0.0582890771732673 1 1 1
"38" 0 0 0 -1.82029815861511 -1.16968379627139 -1.25347751001204 -1.68550584890724 1 1 0
"39" 1 1 1 -0.46470975598884 -0.294483737519043 -0.412148214682894 -0.676465194886604 1 1 0
"40" 1 1 0 -2.22299112797913 -1.11700067168147 -1.83042145229787 -1.54449044863327 0 1 0
"41" 0 1 1 -1.92483678419006 -1.28413434963594 -1.92298298476202 -0.827393273459405 1 1 1
"42" 1 1 1 1.02328986057634 -0.22089413478887 0.943399601078138 0.580452697100207 1 1 1
"43" 1 1 1 0.0902654806568214 -0.0890654950711733 -0.0722351876953985 -0.0157239496420095 0 0 0
"44" 0 0 0 0.371629138608641 0.206454004932964 0.0609414541958105 -0.147314134937236 1 1 1
"45" 1 1 1 -0.41320724939063 -0.320529659261305 -0.427775941147717 -0.237743073116656 1 1 0
"46" 1 1 1 -0.0261517440441455 0.542577165496493 0.534550265887516 -0.213629123734602 1 0 0
"47" 0 1 0 -0.940695372585744 -0.2825481738616 -0.583164157129617 -0.600715653605882 1 1 1
"48" 0 1 1 -1.26979203137293 -1.49765332097875 -1.71734947371999 -1.55731515712953 0 1 0
"49" 1 1 1 -0.245560080165755 -0.569220744341582 0.0895857724593982 -0.542521655887643 1 1 1
"50" 1 0 1 1.33718843294059 0.469609724091706 0.881649491861376 0.419286163117685 0 1 1
"51" 1 1 0 -0.797588699516375 -0.457289532369152 -0.820212451783533 -0.717946086041249 0 0 0
"52" 1 1 1 -0.0502982936432087 -0.0335909568050699 -0.323661609410636 0.107606150173094 0 1 1
"53" 1 1 0 -0.497984142820978 -0.324451895877373 -0.620059578472701 -0.926068459948644 1 0 1
"54" 1 1 1 -0.0924464373509013 -0.21843831395544 0.297229361422839 0.518065605331322 1 1 1
"55" 1 1 1 1.08432098982636 0.789789776270564 0.600716721453174 0.37983840938625 0 1 1
"56" 1 1 1 0.161078356703848 0.106382608488363 -0.34079334051703 0.320034288386733 0 0 1
"57" 1 0 0 0.628174684548523 0.25951563539339 0.787947855370619 0.621607586071452 0 0 1
"58" 0 0 0 0.209040130905572 0.198522730732986 -0.0496447883901137 0.576205382954249 0 0 1
"59" 1 1 1 0.620486917497163 0.96035620680883 0.818271549036391 0.410510076793473 1 1 0
"60" 1 1 1 0.732309933428822 0.0388754406876763 0.82958079724564 0.493351533022682 1 1 0
"61" 0 0 1 -0.940826356215741 -0.594920804618691 -0.959449754238358 -0.844192675186423 1 1 1
"62" 1 0 0 -0.480172776014009 -0.32394393936974 -0.276873255832253 0.125600655946367 0 0 0
"63" 1 1 0 1.00460887503496 0.71848439738919 0.866185384243397 1.18367312826653 1 1 0
"64" 0 1 0 -0.229830323570975 -0.522761474170144 -0.0314193210908702 -0.194550614044639 1 1 1
"65" 1 0 0 1.07388043008286 0.562726399099908 0.662001863464017 0.89443313921174 1 0 1
"66" 0 1 1 0.015832176993159 -0.0392517845004604 0.368243431362951 0.0634919121810109 1 0 0
"67" 1 1 1 1.2740024273945 0.804144505825179 0.980495181340965 0.649599554416629 1 0 1
"68" 1 1 1 -0.177753984838747 0.22074200875593 0.169648669959406 0.217947694369035 0 1 0
"69" 1 0 0 0.0399071129992555 -0.218466162839449 0.206800289043761 0.237095159142066 1 1 0
"70" 1 0 1 0.416529446068576 0.517727750990247 0.742056385952361 0.64872366444781 0 1 1
"71" 1 0 1 -1.1351112281703 -0.322337800761604 -0.993951174490255 -0.564142701389086 1 1 1
"72" 1 1 1 0.99328393054181 0.680971114041781 0.828164084271786 1.01231973822136 0 1 1
"73" 1 0 1 0.247805653289687 0.302164648734268 0.22184559935103 0.0654174051293149 0 0 1
"74" 0 0 1 -0.500384406932202 -0.380074038012064 0.0762911971278773 -0.290915044551268 1 1 1
"75" 1 1 1 0.857761201607426 0.103585989482587 0.176181286682232 0.0793605401664166 1 1 0
"76" 1 1 1 -0.385181890205112 0.0640144786963314 0.0584091345867478 0.252661126168899 1 0 1
"77" 0 1 1 -0.897035171528884 -0.344187807615434 -1.11910025682722 -0.733579720371826 0 1 1
"78" 0 0 0 -0.30282729517631 -0.102783835979096 0.523501799496119 0.0214787414177473 1 1 0
"79" 0 1 0 0.453048401823581 -0.0950924620462313 0.0913574072805682 -0.0823760265437283 0 1 0
"80" 0 0 0 -1.44997628690532 -0.914540807727455 -1.04553369717687 -1.1808981035316 1 0 0
"81" 1 0 0 0.958978967723867 0.0069684781208984 0.877072590427983 0.681659070044143 0 1 1
"82" 0 1 1 0.179403670963845 0.239652600438278 -0.285369946504673 -0.500334548312308 1 1 0
"83" 0 1 0 -0.888773586972183 -0.438155171793272 -0.84963515051079 -0.715568520379258 0 0 0
"84" 1 1 1 0.927057387472443 0.704348664818736 0.405777262045728 0.404475895026688 0 0 0
"85" 0 1 1 -0.215819926571046 -0.549821081748275 -0.619615158273848 -0.651280622885159 0 1 1
"86" 1 1 1 1.60639540981593 1.31266245645016 1.48833093657288 1.29078381439651 1 1 1
"87" 1 0 0 -0.61638485006313 -0.254307344273023 -0.668192473880582 -0.497695139491173 0 0 0
"88" 1 1 1 0.312482834646917 -0.154927886217644 0.196251112313777 0.0128028663782946 0 1 0
"89" 1 0 0 -0.845048746302368 -0.253630571654134 -0.982109605063098 -0.615936096798506 0 1 1
"90" 1 0 1 -0.500588406923023 -0.550857986228077 -0.71249674723446 -0.577133279005402 0 1 0
"91" 1 1 1 1.16031705006721 0.46583900116938 0.863189354496886 0.557600078797167 1 1 0
"92" 0 1 1 0.129645401514862 0.490599322308019 0.663277542305695 0.286386727671161 0 0 1
"93" 0 0 0 -0.332574339820043 -1.11623441241644 -0.779775474738182 -0.777286990027743 0 1 1
"94" 1 0 0 1.42811155310875 0.730193877244696 1.26096205393482 0.516512795504736 1 1 1
"95" 0 0 0 0.268271743660795 -0.202939482241904 -0.385630580187956 -0.433051530216497 0 1 0
"96" 1 0 0 1.08442311882748 0.560167709589582 1.08261281655609 0.39463415645202 0 1 0
"97" 1 1 1 0.403156707164254 -0.145555299687521 0.24001947604 0.578678650266071 0 1 1
"98" 0 0 0 0.0236492957910858 0.391799907174357 0.206618670749674 0.507168846234767 0 0 1
"99" 1 0 1 1.13968436194784 1.46553102055434 1.89065150847192 1.84129345635702 0 1 0
"100" 1 1 1 1.73078472531896 1.04479024208182 1.37366424255905 0.95511045379986 1 1 1
"101" 1 0 0 -1.92986915616852 -0.551556649860618 -1.56622715685052 -0.881171728084093 1 0 0
"102" 0 0 0 -0.715160088912281 -0.313624124741716 -0.390040623522074 -0.0625327217092519 0 0 0
"103" 0 0 1 -0.151911876203589 0.470315832821973 -0.150601155502538 0.00895628701513157 1 0 1
"104" 1 1 1 0.422796536186058 0.6800043487924 0.312376288486332 0.254737766637744 0 1 0
"105" 0 1 0 0.142070993180808 0.130883291549885 0.213218168834589 -0.038149952394933 0 0 0
"106" 0 1 0 -0.216627745589042 -0.036538525714413 -0.291904508393999 -0.818363814550196 0 0 1
"107" 0 1 0 0.687327921094215 0.415845420501387 0.646649331888878 0.564622613715885 1 0 0
"108" 1 1 1 -0.95237201133715 -0.995569969937667 -1.06970928138184 -0.607994221768812 1 1 0
"109" 1 1 1 0.824798921694973 0.779487617967978 0.761142544311624 0.485405009210521 1 0 1
"110" 1 0 1 0.127747614353335 -0.0710774238552056 0.214323452222505 0.255034514710806 1 0 1
"111" 1 1 1 1.58258827085451 1.1420663832528 1.48449592149996 1.23866804654568 1 0 1
"112" 0 1 1 -0.286260068734377 -0.84668361931142 -0.7486101988411 -0.0584953521595899 1 0 0
"113" 0 1 0 1.34246437345833 0.819072487866785 0.952704146160971 1.45528113940857 0 1 0
"114" 1 1 1 1.24477675767898 0.947482752553506 0.927636952846493 1.06507304316262 1 0 0
"115" 0 1 0 0.0561088284586207 -0.0104047508633247 0.218006851780666 0.18475454657045 0 0 1
"116" 1 0 1 -0.766232356980303 -0.00790800910023587 -0.465355218144675 -0.496087939682965 1 1 1
"117" 1 1 1 0.63282159942141 0.940341089149154 0.438631091886888 0.247790501810968 1 1 1
"118" 0 0 1 1.35622059190147 1.19460350370591 0.997543993357543 0.774551941489641 1 1 1
"119" 0 1 0 -1.44930628467756 -0.648337807656427 -1.11466886935122 -0.979337198789764 0 1 0
"120" 1 1 0 1.02532808709672 0.896412855107226 0.683450434461961 0.847891222561687 1 1 1
"121" 1 1 1 1.27717249934395 0.656402596124294 1.01945075449391 0.831251560429875 1 1 0
"122" 1 1 1 0.199290081681384 -0.209116323725154 0.1642490060208 0.173759092532291 1 0 1
"123" 1 1 1 -0.504689566746915 -0.279438395081921 -0.161746083812763 -0.293016246041931 0 0 1
"124" 0 1 0 -1.03508646504233 -0.412724993062939 -0.761742724191856 -0.614708097964029 1 0 0
"125" 1 1 1 0.838071462366075 0.618248358049436 0.303089819806455 0.496127390106465 1 1 1
"126" 1 1 0 -0.506903340215119 -0.990107935242142 -0.940708277532487 -0.389106776017312 0 1 0
"127" 0 0 1 0.37791002248983 -0.392064822391846 -0.186263775715312 0.0328059343144737 0 0 1
"128" 0 1 0 0.573490601083401 0.0695087250857005 0.560237179977068 0.30552842417644 0 0 0
"129" 0 1 0 0.48549772563929 -0.178250804284936 0.00918897612280656 0.376485961798298 1 0 1
"130" 0 0 1 -0.421178863674731 -0.0314238664533569 -0.542308370709535 -0.254549879471873 0 0 1
"131" 1 0 0 -0.597836039637562 -0.524201414047734 0.257314667075346 -0.473357586618095 1 1 0
"132" 0 1 0 0.214614062038511 -0.264948540542001 -0.136708752385896 -0.0842688546437435 0 0 0
"133" 1 0 1 0.965786693810404 0.708815445543015 1.05006552207528 0.676230073474803 1 0 1
"134" 0 1 0 1.74747361697352 1.13522707641188 0.994746113964244 1.04783490879963 0 0 0
"135" 1 0 0 -0.99243614191955 -1.1719288685727 -1.44098564779899 -0.890500151093775 1 1 1
"136" 0 0 0 -2.35764979209546 -1.43473737325468 -1.73661383343208 -1.70077232222125 0 0 0
"137" 0 1 1 -0.389398868893342 -0.482852817051012 -0.0287449859575553 -0.316729219775127 1 0 0
"138" 1 0 1 -0.298795998986114 -0.47815645649708 -0.123828719618385 -0.333400335789063 0 1 0
"139" 1 1 0 1.35902384298863 1.47833660127221 1.76690514953391 0.74235291456252 1 1 1
"140" 0 0 1 0.61204430871798 0.677277754719712 0.431854127957853 0.493995637624892 1 0 0
"141" 0 0 1 -0.391687545561175 -0.312972353188844 -1.02892285573053 -0.350790943143826 0 0 1
"142" 0 0 0 1.130566397845 0.423335646849292 0.486849325703305 0.404876415809562 0 1 1
"143" 1 0 0 -0.13225679261782 -0.286226929348422 -0.474871878479057 -0.168450991185769 1 1 1
"144" 0 0 1 0.975977533139278 0.371810792719447 0.36147271845569 0.331323571537107 1 1 1
"145" 0 0 1 -0.74656955488273 -0.871728656471652 -1.1566476710944 -0.903475449825458 1 1 0
"146" 0 1 0 -0.656050598012923 0.21688389113109 -0.597763827231358 -0.350021167131216 1 1 1
"147" 0 0 0 -1.3474089113511 -0.727642790598728 -1.1608149658282 -0.784104119780744 0 0 0
"148" 1 1 1 0.487193928438407 0.339663789524351 0.254551530425855 0.432157233830756 1 0 1
"149" 1 0 1 0.411967706663599 0.0366531891038771 0.303077505910519 -0.345002868541184 0 1 0
"150" 0 1 0 -0.53219091214339 -0.203831627142476 -0.221801014395532 -0.250737360145047 1 0 1
"151" 1 0 0 2.56596133153383 1.79458424319021 1.59918794148303 0.907138252986847 1 0 1
"152" 1 1 1 1.06815710903056 0.487708827185703 0.90649758477765 0.960803668841694 1 0 1
"153" 0 1 0 -0.565722793543888 -0.954125023881555 -0.615084644555687 -0.0330269285990775 0 1 0
"154" 1 1 0 -0.452036892386677 -0.223284716254024 0.0927143332530646 0.0237880902164554 1 1 0
"155" 1 0 1 -0.075442833074072 -0.592151726973512 -0.206373184757281 -0.4628144578497 1 1 1
"156" 0 1 1 1.16440381111484 0.316048591509269 0.599552044972357 0.490086446619491 0 1 1
"157" 1 1 1 1.77963587214529 0.999954704674109 1.32449713438408 1.15489167744867 0 0 0
"158" 1 1 0 0.981972990575158 0.881940710863402 1.28273536421443 0.75526749820142 0 0 0
"159" 1 1 0 -0.510687006706714 -0.579438827753771 -0.368020062471833 -0.00957409199252351 0 0 1
"160" 0 0 0 -2.38655793389587 -1.31578513550761 -1.38725495526703 -1.18509938086187 1 0 1
"161" 0 0 1 1.57987251319689 0.790460301368794 0.334288580607838 0.673241896706281 1 1 1
"162" 1 1 1 -0.755450419926904 -0.311842513358272 -0.825622843961268 -0.509724889844873 1 0 1
"163" 0 1 1 0.82622837244031 0.951201784594275 0.438118598319375 0.154289674071147 1 1 0
"164" 1 1 0 -0.18094148667966 0.0716203390933594 -0.980730411165734 -0.372085553086278 0 0 0
"165" 0 1 0 1.75134453299593 1.44169851562579 1.17676903028354 0.98189871067556 1 0 0
"166" 1 1 1 0.715735298739322 0.0189939922600882 1.02934350020674 0.91484156956475 0 0 0
"167" 0 0 0 -0.0785586293094135 0.0339770996208887 -0.157225204414254 0.0273556943261626 1 1 0
"168" 1 0 0 -0.90546520427869 -0.650589551253344 -0.387065565810019 -0.74652381026296 1 1 1
"169" 1 0 1 0.164722669302466 0.652387222198304 0.885716677057001 0.563134230095294 1 1 0
"170" 1 0 0 0.399892178014734 1.17991800214174 0.742820219513857 0.333664131957166 1 1 1
"171" 1 0 1 -0.0212593298335353 0.329759409794229 0.304593457605334 -0.259808727350284 0 1 0
"172" 1 1 0 -0.835249945172465 -0.0958776720935101 -0.212746569226892 -0.356945683088937 0 1 0
"173" 0 1 1 -0.136367005958041 -0.424727983723981 0.153687229822946 -0.427061613409672 1 1 1
"174" 1 1 1 2.0687519228929 1.08595134593342 1.97893746017428 1.71547009286799 0 0 1
"175" 0 0 0 -2.03707782435012 -1.25748881156676 -1.06818508696068 -1.20614942465394 1 0 1
"176" 0 1 0 -0.176308594813802 -0.0158061047944754 -0.161804916057984 -0.535505967654009 0 0 1
"177" 0 0 0 -1.15125642035944 -0.709090955511245 -1.31161678695433 -0.803681403112166 1 1 1
"178" 1 1 1 1.07145070976706 0.773174577414138 1.23525300313185 0.777041070258114 0 0 1
"179" 1 1 1 1.10829071017601 0.390092107293022 0.993768211163784 1.24427659660474 0 1 0
"180" 0 1 0 0.378493631072938 0.718601644994352 0.299580576560646 0.466761479934284 0 0 0
"181" 0 0 1 2.02545785435716 2.34818154303663 2.52516748070202 2.09108537390316 1 1 1
"182" 1 1 1 0.00620508383390928 0.597281138730284 -0.181918071877295 0.00873085919906801 0 0 1
"183" 0 0 0 -0.505386775411183 0.0619472746599102 -0.472250169556144 -0.22915232002786 0 0 0
"184" 0 0 1 -1.11936946832433 -0.515973558892847 -0.890894354917342 -1.31564514374586 1 1 0
"185" 0 0 0 -0.0223393424728305 0.0833008514749608 0.0513207141601183 -0.0276697145584746 0 0 0
"186" 1 1 1 -1.42720113008076 -1.17956074656105 -1.37222363506911 -1.54724726922291 0 0 0
"187" 1 1 1 -0.273743877013622 -0.519011387794854 -0.0209111833922308 -0.313099532291993 0 1 1
"188" 1 1 1 1.66836423955813 0.972563855696136 1.00517156905122 1.46557102874772 1 1 0
"189" 1 1 0 0.685431994204221 1.03245084977446 0.803135455272996 1.00338031705959 1 1 1
"190" 1 0 0 0.928226471684306 1.04824810962212 0.753168876515221 0.948068239526871 0 1 0
"191" 0 0 0 0.352102106940279 -0.710454179538707 0.0207205618239084 -0.492264909099404 0 0 0
"192" 0 0 1 -1.45492455138294 -0.977381662917535 -1.08800153065853 -0.938164013571465 0 0 0
"193" 0 0 0 -1.55426095895718 -1.60634851402045 -2.17652533810864 -1.6102762710591 0 0 1
"194" 1 1 1 0.490087132809416 0.651447009130816 0.279034588603039 0.0572636081585179 0 0 1
"195" 0 1 1 0.490161224130851 0.757228414095401 0.47558684050721 0.407254933694475 1 1 1
"196" 1 1 1 0.606721421932238 -0.234187961251323 0.684773895621654 0.500772728478833 1 0 1
"197" 1 1 0 0.241477613776607 0.199693621090273 0.00185513480542604 0.0491437821667928 1 1 0
"198" 1 1 1 2.06169608575994 1.07812318078033 1.57021605112239 1.34307180186495 0 1 0
"199" 0 1 0 -0.0362023498192624 -0.296472540492076 -0.372519793125005 -0.0308409326882493 1 0 0
"200" 0 1 1 -0.148067415602811 -0.855590063717025 -0.0507126426348887 0.170306786934222 0 1 1
"201" 0 0 0 0.315196188727774 -0.205909186548433 0.340674373096857 0.84621326972058 1 0 0
"202" 0 1 1 0.248238429506913 0.406568971393317 0.398275180301776 0.571859505496916 1 1 1
"203" 0 1 0 -0.261283840555141 -1.3563297692194 -1.14967019100624 -0.687982307901728 0 0 0
"204" 0 1 1 0.541399619908762 0.0278183278977785 0.388547160229773 0.3516046287024 0 1 0
"205" 0 0 0 -0.509372900668037 -0.25043565952159 -0.207447728686995 -0.322240381788164 0 1 0
"206" 0 0 0 0.629863784814368 0.753786455464293 0.314984027037907 0.739374714067816 1 0 0
"207" 1 0 1 2.4850377820899 0.726278115453147 1.8747698080008 1.60661616782129 0 1 1
"208" 0 0 1 -0.311531975701531 0.143033355693818 -0.0946685149437315 -0.212816774525357 1 0 1
"209" 0 1 0 -0.982330361146696 -0.326308261417227 -0.666008792050019 -0.907020184194137 0 0 0
"210" 0 1 1 -1.4897991037669 -1.22745580148327 -0.750148514602233 -1.07315858149271 0 0 1
"211" 1 1 1 -0.0364170894162618 0.550637011926373 0.654198380977973 0.0238839118555556 1 0 1
"212" 0 0 0 -0.196032849667913 -0.377102300032134 0.439446421360569 0.178041418187489 1 0 0
"213" 1 1 1 1.71410032895344 1.73675504490414 1.20290767109612 0.940303219467074 1 0 0
"214" 1 1 1 1.2715845201804 1.05747600684013 1.10221202596467 1.05063914208167 1 1 1
"215" 0 0 0 -2.23283390612811 -1.48071225122806 -1.38163070850169 -1.71827782617074 0 0 1
"216" 1 1 0 1.0106029117612 0.508644344630027 0.638511140685263 0.551931278234502 0 0 0
"217" 1 1 1 0.765386504817766 0.571605425314987 0.697087923408856 0.433798091804654 1 1 1
"218" 1 1 0 0.0646859680103058 0.0738747671213241 0.391059392860619 0.21171939182162 1 1 1
"219" 1 1 1 -0.538364694385649 -0.0544023983413781 -0.158550763939761 -0.558075132309871 1 0 1
"220" 0 1 1 0.358320329701897 0.280340424318259 -0.202921912817336 0.170636134107793 0 0 0
"221" 1 1 1 0.255821680085993 -0.00850108092784091 0.221367867121736 0.226750501906239 1 1 1
"222" 0 0 0 -0.586328546759494 -0.204304191441064 -0.698247074820879 -0.168384829480369 0 0 0
"223" 1 1 1 0.394949155196328 0.103823847917286 0.608425078006117 0.615602417351278 1 0 0
"224" 1 1 0 0.499262339071444 0.308262761183391 0.556300708461034 0.512693414764881 1 1 1
"225" 1 0 0 -0.243738344356866 -0.552998004605553 -0.268741893434547 0.015551756357242 0 1 1
"226" 1 1 1 -0.730432040504458 -0.449078026962246 -0.34466584580909 0.134506947939124 0 1 1
"227" 1 1 0 0.0918583176620418 -0.390087463556914 -0.145611687637952 0.314614168418081 0 1 0
"228" 1 1 1 1.01052658952132 0.562149067142016 0.42045567995044 0.206640552504125 1 0 1
"229" 0 0 1 -0.186958083534135 -0.577058433215017 -0.0395737392213738 0.0745674431720369 0 1 0
"230" 0 0 0 0.383928258343495 -0.0357132553311516 0.146580863555826 0.0306076470852743 0 0 1
"231" 0 0 0 -0.33615268386464 -0.34914472024351 0.0837240281504203 -0.161275637241366 0 0 0
"232" 1 0 1 -0.0808373216896301 -0.187231615415532 -0.210465359671269 0.00474078173325393 0 1 0
"233" 1 1 1 0.20334040151148 0.262897571528547 -0.255767594556385 -0.175004436846274 0 0 1
"234" 1 1 0 2.18257832323697 1.31894255401042 1.56535113145943 1.65355739379811 0 0 0
"235" 1 0 1 0.424910445504839 -0.303808740762269 -0.231958843771125 0.421934286692404 0 1 1
"236" 0 0 0 -0.467366095671397 -0.129159065445895 -0.573488701546 -0.537186523242622 1 1 1
"237" 1 1 1 1.44107202841074 1.53986376644111 1.29365483683627 1.27287664614011 1 0 1
"238" 1 0 1 1.4851580218037 0.428795011762899 1.00406351831294 0.825413104971804 0 0 0
"239" 0 0 0 -1.70840878510523 -0.579966222464965 -1.02777859709746 -0.816180272606698 0 0 1
"240" 0 0 1 0.426529094218099 0.547158802388261 0.599204869996611 0.017918816687828 1 0 1
"241" 0 0 0 -1.31076224511581 -0.750689445968475 -1.13156967808431 -0.561768594413075 1 0 0
"242" 0 1 0 -2.00938433157052 -1.26452902754661 -1.47806438085969 -1.42515238615437 1 0 0
"243" 1 0 1 -1.54939994507148 -0.515057633408697 -1.21805887916303 -0.853232156253752 1 1 1
"244" 1 0 0 -0.40840385500945 0.541221610296376 0.123764050656474 0.267275546844851 0 0 1
"245" 0 1 0 1.54647663863314 1.32101892636815 1.15381400526352 1.03100516123218 0 1 0
"246" 0 1 0 1.03661677037606 0.538228560003084 0.794039745883992 0.72389927473455 1 1 0
"247" 1 1 0 -0.613241275393341 -0.353756349350143 -0.577139621646889 -0.363574781008071 0 0 0
"248" 1 1 1 0.307289520910799 -0.165518527794588 -0.591138244861246 0.0589595034524779 1 1 0
"249" 1 1 1 0.800504079036604 0.606229332927367 0.780301661148515 0.550793244664382 1 1 1
"250" 1 1 0 -0.439444100685331 0.13383006340538 -0.302210635328647 -0.315573103066792 1 0 1
"251" 0 0 0 0.10001131441235 0.788108303655404 -0.0949284018938184 0.0671050720195695 0 1 1
"252" 1 0 1 -1.65617151994393 -1.692043667275 -1.49028365833418 -1.17706391174683 1 1 0
"253" 1 1 0 0.0657176284077363 -0.398806711663749 -0.0140356380759442 -0.204387584871151 1 0 1
"254" 0 0 0 0.944321086906788 0.785284943549955 1.03261703206079 0.768176000383106 0 0 1
"255" 1 1 0 -0.490198271678112 -0.565373271891772 -0.213559230487155 0.174773109920047 0 1 1
"256" 1 0 1 -0.191433496000508 -0.871036813869736 -0.365350136080663 -0.170079538504388 0 1 0
"257" 1 1 1 0.102365997511728 0.0526787009727435 0.315319525696769 0.641153088945756 0 0 1
"258" 0 0 1 1.10262511295848 0.107385312940343 0.988411113337083 0.862393013925697 1 1 1
"259" 1 1 1 0.365197527296721 0.00272702449933238 0.469252688684108 0.602708404396995 1 0 1
"260" 1 1 1 -0.795078690776599 -0.46987757850925 -0.474561723492572 -0.801585304933018 0 0 1
"261" 1 1 0 0.179159288543364 0.754355916737915 0.0856085705764233 0.268860404339803 0 0 0
"262" 1 0 1 0.57036818471296 0.509209418909857 0.373372532822599 0.381304197315185 1 0 0
"263" 0 0 0 -0.816032126043464 -0.542918342104986 -0.694636459683458 -0.249939058857884 1 1 1
"264" 0 0 1 0.624468854435562 0.31316516189876 0.812416101119716 0.578971940260055 1 1 1
"265" 1 1 1 0.591452574894924 0.936473216692233 0.944976771766957 0.38463322987826 1 1 0
"266" 0 0 0 -0.115921304228526 -0.320342528537525 -0.761388658889496 0.130722527369807 1 1 0
"267" 0 0 0 -0.402713393086516 -1.01281046286924 -0.483601965211329 -0.265831982765222 0 0 1
"268" 0 0 0 -0.224912973725431 -0.103582278625551 0.375750878655452 0.127378743874025 1 0 0
"269" 0 0 0 -1.29558140721004 -1.05676576115731 -1.08431232787831 -1.04224590656514 1 1 0
"270" 1 1 0 -0.34057187558488 0.0602950062720892 0.0372779622555213 0.0155020284496001 0 0 0
"271" 1 1 1 1.18487042706742 1.07402946571177 1.18538833281739 0.817306823131069 1 1 0
"272" 0 0 0 -1.50392694153936 -1.08909698093988 -1.44278641022872 -0.815187671587198 1 0 1
"273" 0 1 1 0.348923117680061 0.600746439575065 0.591592528211859 0.412210871866636 0 1 1
"274" 0 0 0 -1.71475387769907 -1.34037015832542 -1.4185385258563 -1.49293202580997 0 0 0
"275" 0 0 0 -1.8097940945804 -0.877599282464741 -0.880293906627113 -0.710505154291468 0 0 0
"276" 1 1 1 0.510404502399301 0.485473718971369 1.4723393530897 0.586893027616614 0 1 0
"277" 0 0 0 0.507708435428578 0.504433735573355 -0.030822735053702 0.013348172007284 0 0 0
"278" 0 0 0 0.81040505114465 0.757924045491643 0.296570616361569 0.971874324739366 1 1 1
"279" 1 1 1 0.184615318934098 -0.155108988938618 0.68169701371548 0.276736110623769 0 1 0
"280" 0 0 0 -0.879565856644578 -1.44133145532487 -1.40682922804162 -1.06708317800507 0 0 1
"281" 1 0 0 0.158897199695144 -0.521294073862743 -0.00291281116246575 0.152765160258072 1 1 0
"282" 1 0 0 2.7497667821286 1.21872583123789 1.80544694182191 1.18608561906948 1 1 1
"283" 1 1 1 1.0027413141033 0.681678222814489 0.6857455331596 0.374236720396948 1 1 1
"284" 1 1 1 0.803722836108291 1.04068728426908 1.37940630060882 0.338533631638069 0 0 1
"285" 0 0 0 -0.786546136818966 -0.0434700283991823 -0.996442744743202 -0.907353800277725 0 0 0
"286" 1 1 1 0.41935459800028 0.0738813218607989 0.0960297298802029 0.110521580016613 0 0 1
"287" 0 0 0 -0.528655440793419 -0.374162778625873 -0.515482833261045 -0.138657950423216 0 0 0
"288" 1 1 1 0.0776539951901765 -0.212324755657505 -0.108416370952229 -0.0466954396673393 0 1 1
"289" 1 1 0 0.629597452496529 0.389465266133143 0.5222204521252 0.639050729147217 0 1 0
"290" 1 1 0 -1.27461898390178 -1.37206360812927 -1.19833542800858 -0.823325330013604 1 0 0
"291" 0 0 0 -0.805134013304428 0.180306263641785 -0.441786704199261 -0.398458748664017 0 1 0
"292" 0 1 0 0.506983452964485 0.280252428457958 0.30820477206542 0.348631257753792 1 0 1
"293" 0 0 0 -1.99198379316449 -1.43704951396544 -1.54657210966814 -0.897538366770658 0 0 1
"294" 1 0 1 -0.0585389734857953 -0.0820691937989727 0.108148475574981 -0.472685464509627 1 0 1
"295" 1 0 0 -0.338437010750265 -0.0108540576302856 -0.276742157141998 0.00706838857227406 1 0 1
"296" 0 0 1 1.17612863185354 1.30199395607432 1.14374820730156 1.01001302191106 1 1 0
"297" 0 0 0 -1.61525581059274 -1.10994627348908 -1.44895333281757 -0.288615221492897 0 0 0
"298" 1 0 1 1.31188235385968 0.874141453041895 1.4993682058559 0.528196339464114 0 0 0
"299" 1 1 1 -0.0934362006022322 0.241918301648606 0.0227079328043421 0.492915018989288 1 1 1
"300" 1 1 1 1.67265746705652 0.450511024239417 1.17472777988433 1.35180914109848 0 1 0
"301" 1 1 1 0.305612255240842 0.864350228556162 0.560922035964094 0.593367226385862 0 1 0
"302" 1 1 1 -1.28937196766718 -0.272074114124114 -1.28076262461385 -1.57889642983208 1 0 1
"303" 1 1 0 -0.24493840733926 0.175506939454322 -0.310282929473353 -0.00795826799183884 0 1 1
"304" 1 1 1 0.411822598439417 0.215869407011127 0.0434744827906258 0.198156179343205 1 1 1
"305" 0 0 1 1.14184686888672 0.764781024906645 1.00700824577029 0.869891528729428 0 0 0
"306" 1 1 1 0.97848011267466 1.09147843171265 0.648396393606207 0.643378693780796 0 1 1
"307" 0 0 0 -0.629394697920326 -0.575396513616295 -0.522612361161641 -0.25771999951656 0 0 1
"308" 0 1 0 -0.0614005734212814 -0.127191981096646 -0.0239563675078589 0.0715044241947769 0 1 0
"309" 0 1 0 -1.06648269036969 -0.442429452151442 -1.39169922746037 -0.576826084187849 0 0 1
"310" 1 1 0 -0.234352418083178 0.24580507344468 0.0829928870774314 -0.0716892120622981 0 1 1
"311" 1 1 0 1.74130561307421 0.91717354483466 1.78260091733316 1.57482537167512 0 0 0
"312" 0 0 0 -1.11117905357286 -0.430118701127569 -0.75196502671517 -0.940256063259474 0 1 0
"313" 1 0 0 -2.11995550527798 -1.90108095077714 -2.35377814359623 -1.7180584656151 1 0 0
"314" 1 1 1 1.6543372731851 0.719929540492959 1.43567415678791 1.0809459868832 1 1 0
"315" 1 1 1 0.922360090966144 0.687735201474811 0.328643429258917 0.739723920841965 1 1 0
"316" 1 1 1 2.32135506743768 1.75663241267643 1.89745281004437 1.37623476640087 1 1 0
"317" 0 1 0 -0.899005196714606 -0.767122364263359 -0.753051883134687 -0.253908739573523 1 1 0
"318" 1 0 1 -1.4197834378913 -0.434451538068394 -1.45204423410275 -0.838265093170124 1 0 0
"319" 1 0 1 1.17604154108557 1.32744008407209 1.1368553840233 0.742168321466579 1 1 0
"320" 0 1 1 1.61790218100481 1.15344983356049 1.17364797088433 1.1544359783938 0 1 1
"321" 0 0 0 -1.60398277490268 -0.651818665008317 -1.18032810322642 -0.562333146994432 0 0 1
"322" 1 0 1 -0.521895355432234 0.0345649845029168 -0.441782385215208 -0.0840658743608451 0 0 1
"323" 0 0 1 0.763692748543725 0.0928858233191076 0.511345794915104 0.811627109316427 0 1 1
"324" 0 0 1 -1.05798248755565 -0.711369194975093 -1.32201412134431 -0.0262995151106186 0 1 1
"325" 1 1 1 0.554340908543876 0.726573854175688 0.61809264902277 0.504508007094109 1 1 0
"326" 0 0 0 -1.07022338956992 -0.357622848411828 -0.624021182456488 -0.578628724652033 0 0 0
"327" 1 0 1 -0.741351469583272 -0.331969652597704 0.117434562004583 -0.269211482234452 1 0 0
"328" 0 1 0 0.0966471232490029 -0.298543988886343 0.347025333637246 0.180256997275313 1 1 1
"329" 0 0 1 0.542253530400071 -0.0211608568583416 -0.837456288627827 -0.0656148038974091 1 1 0
"330" 1 1 1 -0.505761408286645 -0.77393713095896 -0.35432695159349 -0.0989504177347025 1 1 1
"331" 1 1 0 -0.89239780116199 -0.354255358653915 -1.1146570246543 -0.792157111653984 0 0 0
"332" 1 1 0 -0.841757517132147 -0.850174074580986 -0.82805380004783 -0.240895569074082 1 1 1
"333" 0 1 0 -0.245951261306662 -0.631433406821838 -0.178659989581132 -0.0598163434759054 0 0 1
"334" 0 0 0 0.202576315578493 -0.108623824852469 0.0826457399974052 0.244732904122135 0 0 0
"335" 1 0 0 0.745914371138403 0.594904231106784 0.849954196433702 1.02429038879032 1 0 0
"336" 1 1 1 0.416662413260917 0.445796150645002 0.683631870356259 0.728018477015635 1 1 1
"337" 0 1 1 0.344511774280191 0.356890456274428 0.283543293218627 0.517887327699607 1 0 0
"338" 0 0 0 -0.837712273568667 -0.261915837078198 -0.476912100556047 -0.22157462436342 0 0 0
"339" 1 0 1 -1.02498401991725 -0.357755737115622 -0.270704422987232 -0.181534299583636 1 0 1
"340" 1 1 0 0.270718046251298 0.0813457908733202 -0.129129823952145 0.723974152648508 1 1 1
"341" 1 0 1 -0.797857554041456 -0.722364945774619 -1.04791334049617 -0.744319039121176 1 0 1
"342" 1 0 1 -0.221218255322824 -0.09969418722803 -0.0746093290677017 -0.323418228134655 1 1 1
"343" 1 0 1 0.0516135732786974 0.502733657836748 -0.0978841930103669 0.532666478129602 1 0 1
"344" 1 0 0 -0.994607876485408 -0.960249938308929 -0.702283634530231 -0.582233958051852 0 1 1
"345" 1 0 1 -1.27232828569195 -0.627526268508383 -1.05278889812827 -1.10130109801899 0 1 1
"346" 1 1 1 0.239162465802216 -0.0768898848211368 -0.252179452614264 -0.211715790450499 1 1 0
"347" 1 1 1 0.983218129244289 0.812762919578764 1.08074408153848 0.68994474975482 1 1 1
"348" 1 1 1 0.785589150305017 0.506659115551481 1.00297167988465 0.641774562107633 0 1 0
"349" 1 1 1 -0.376167611678536 -0.162515287793528 -0.715881781212875 -0.811674998627326 1 0 1
"350" 1 0 1 -0.269906041904329 0.0975662005823381 0.00469509746793634 -0.0329238993748603 0 0 1
"351" 1 0 1 -1.08160547499825 -0.621957206564155 -1.63709117775651 -1.01756622828737 0 1 0
"352" 1 1 1 0.236775093380549 0.926752521575605 0.49730058909458 0.964513072111542 1 1 1
"353" 1 1 1 0.663413765311628 0.163233510977512 0.933778941581239 0.546887313042389 1 1 0
"354" 1 1 0 2.31317826697561 1.17124380494182 2.12908880646999 1.64546481686425 1 1 1
"355" 0 1 1 -1.90358857672757 -1.57321874030915 -1.69503182286766 -1.21826626488464 1 1 1
"356" 1 0 1 0.382518715048394 0.557457744563105 0.579807154734743 0.185161907414702 1 1 1
"357" 1 1 0 0.823148320821896 1.28800475570868 1.12293337789807 0.885802079870254 1 1 1
"358" 0 1 1 -0.727627288572555 -0.11588884553947 -0.356355107914849 0.535548211059429 0 0 1
"359" 1 1 1 -0.310876536425879 -0.515914880373261 -0.256369054861357 0.106885540539396 1 1 0
"360" 0 0 0 0.0639030430750379 -0.396970694584095 0.119435340100187 0.301447210694367 1 0 0
"361" 0 1 0 1.28641489309977 0.656702897714101 0.690909993795585 0.832918356926188 0 0 0
"362" 0 1 0 0.419329504840297 0.0974939568792412 -0.385014603293225 0.00577160579463227 1 1 0
"363" 1 0 1 0.456183593611023 0.244197622882788 0.738959612962623 0.490271640669807 1 0 1
"364" 1 0 0 -0.834137348346436 -0.169704590660118 -0.915040390438854 -0.607179925700751 1 1 0
"365" 1 1 1 1.25669016032628 1.18393775491496 0.800398993763858 0.699360058323587 1 1 1
"366" 0 1 1 0.889763698034405 -0.268328171791316 0.912933555130791 -0.154501230670062 1 1 1
"367" 1 1 1 2.4469704650263 1.46597029492297 2.33514488397891 1.08426220468296 0 1 0
"368" 0 0 1 -0.260842255595335 -0.631080405877546 0.306005926811522 -0.607822910387906 1 1 0
"369" 1 1 1 -0.000942620861432542 -0.89206391500976 -0.0871824216921099 -0.657365359201159 0 0 0
"370" 1 1 1 0.654442291610209 0.250680537137642 0.292651019481268 0.0716989157449119 1 0 1
"371" 0 0 0 -0.502541897360574 -0.00401490261285442 -0.885073621561675 -0.392288354072135 0 0 1
"372" 0 0 0 -1.44246068773448 -1.14304311418219 -1.25723853678231 -1.07227415395881 0 0 0
"373" 1 1 1 0.674704412728682 0.309051265473172 0.663791350783521 0.410083619017689 1 1 1
"374" 1 1 1 1.99125709945369 1.56987056727158 2.16703357697768 1.40525148483051 1 1 0
"375" 0 0 1 -0.486386877652799 -0.48155845878614 -1.00973177687343 -0.650449460602041 0 0 0
"376" 1 1 1 0.601542759389734 0.83037254628378 0.347848715229184 0.650115525268395 0 0 1
"377" 1 0 1 0.943418606221377 0.483448484098074 0.705943007740675 0.918669861672696 1 1 1
"378" 1 0 0 -1.71019159604853 -0.560330354805124 -1.40433938318632 -0.792806568494982 1 1 0
"379" 1 0 0 0.216439339286701 0.337104809991104 0.0044528811845658 -0.0639212716938466 0 1 0
"380" 0 1 0 -0.460430565819294 -0.322479213441019 -0.199204132720899 -0.142124131931103 0 0 1
"381" 1 1 1 0.467010618982416 0.236185163005405 0.922240568301704 0.776193978276913 1 1 0
"382" 0 1 0 -1.69674228917021 -1.83576933885975 -2.1267702598979 -1.57098329610368 0 0 0
"383" 1 1 1 1.5123538294229 1.08801211471459 1.487908768033 0.976801585567627 1 1 1
"384" 0 0 1 1.14549261482882 0.519915717839925 0.0683273504098149 -0.168583519554578 0 0 0
"385" 1 0 1 -1.62728270617199 -0.480164687582743 -0.849147697426605 -0.667562910660262 0 1 1
"386" 0 0 0 -0.167643194525179 -0.289197548021302 -0.539897206636788 -0.10262413166557 0 0 0
"387" 1 0 0 -0.677488055755797 -0.0127265816416041 -0.402486925808811 -0.22339087732835 1 1 1
"388" 0 1 0 -0.228769889846583 -0.0542070041362533 0.460727008813734 -0.264318810102171 0 0 0
"389" 0 1 0 -0.553180134083459 -0.174587456589239 -0.708026457216955 -0.275845072514613 0 1 0
"390" 1 1 1 1.26840570059227 0.812316141398986 0.685637871022873 0.940312325154533 1 0 1
"391" 1 0 0 -1.96282168910495 -1.45019131152591 -1.83408141529238 -1.37210015144065 0 1 1
"392" 1 1 1 -0.556088779813859 -0.749047521590164 -0.113810155752521 -0.467426625668845 0 0 0
"393" 0 1 0 0.474228783685894 1.37493906340405 0.613947617707444 -0.135060378594584 0 1 1
"394" 0 0 1 -0.252549619838211 0.105045945472359 -0.370018926953495 -0.538521695292914 0 0 0
"395" 0 1 1 0.093316286085876 -0.459822415038736 -0.441588674976258 -0.250915237673438 0 1 1
"396" 1 1 1 -0.4682972392897 -0.116337928535126 -0.710671866911206 0.0908361530979998 0 0 1
"397" 0 1 0 1.117726817904 0.267561706459659 0.744968116447598 0.776372054795951 1 1 1
"398" 1 1 1 0.827681272112208 0.973923546827095 0.948689034281608 1.25401782441819 1 1 1
"399" 1 1 1 2.02691301150874 0.802123450665228 1.52880175623945 1.35278160226178 1 1 0
"400" 1 1 1 0.0214489446143255 0.0128892141394564 -0.526261238549512 -0.288785004850201 1 0 1
"401" 1 1 1 -0.826346552263296 -0.0907499462957292 0.1636520835774 0.225137513951025 0 1 0
"402" 1 1 0 -1.2921851990502 -0.903030798584232 -1.25388354647724 -1.30006410910551 1 0 0
"403" 0 1 1 0.0900893223933743 -0.0659939513712603 0.0478816970315079 -0.354187869135087 0 0 0
"404" 0 1 1 1.15781856172886 0.307402253664511 0.708666333129586 0.328954875399653 1 1 1
"405" 0 1 0 -0.863532807356956 -0.900545846190921 -0.802079849556625 -0.851824378471283 1 1 1
"406" 1 1 0 0.215816381234004 0.739706430970815 0.110850961235092 0.220378680390126 0 0 1
"407" 1 1 1 0.895464704876688 0.635870367935637 0.87546310723718 0.57360527811394 1 1 1
"408" 0 0 1 -0.172794269218029 -0.308717610152198 0.135399388052892 -0.0316285132434133 1 0 1
"409" 0 1 0 -0.722638054725817 -0.98480735853072 -0.941538248919614 -1.01272278284074 1 1 1
"410" 0 1 1 1.10314562943121 0.906040497302856 1.09904063640127 0.607884681424029 0 0 1
"411" 0 0 0 0.83220429192007 0.0564592642724628 0.505028711392616 0.892191381234606 0 1 0
"412" 0 1 1 -0.177277542898192 0.4028101407514 0.540415937380225 0.778455809325609 1 1 1
"413" 1 1 0 -0.0260617382909729 -0.127982963615267 0.306558750626265 0.300986894003023 1 1 1
"414" 0 1 1 -0.178397273695586 -0.021936701725414 -0.196555112146316 -0.0315102588367963 1 0 1
"415" 0 1 0 0.303959773674271 0.327491149840762 0.171764069808624 0.49909226218016 0 1 0
"416" 1 1 0 -1.5831527579455 -0.860788951296777 -1.9078280122667 -1.24739282117525 0 1 0
"417" 0 1 1 0.400858485747588 -0.199438453757571 0.264279781457512 0.0542199824133077 1 0 1
"418" 1 1 1 0.801892758406006 1.00528651462015 0.822171737335825 0.748861841663762 1 1 1
"419" 0 0 1 0.126589567654159 -0.176447968084793 0.223437073783868 -0.0164963935888953 0 0 1
"420" 1 0 0 -0.713161029627975 -0.567515370987384 -1.33934357490273 -0.419911572947418 0 0 0
"421" 0 0 1 0.00167745919171514 -0.33885204060157 0.129709120810394 0.345912067666545 0 0 0
"422" 0 0 1 0.821522704819982 0.571655496529228 0.813065209439619 0.6444060116091 0 1 0
"423" 0 1 1 -0.579787383340545 -0.118599802087011 -0.677161520876505 -0.670318488989131 0 1 1
"424" 1 1 0 1.09413654958817 0.861219765855247 0.916720151229608 0.263479024164158 0 1 0
"425" 1 1 1 0.530630129393163 0.110848826809519 0.217431430943333 0.611682100139078 0 0 0
"426" 0 0 0 -0.680100607780132 -0.492076759501015 -0.772636205050238 -0.451169170602728 0 0 1
"427" 1 1 1 0.198494020638287 0.159538187793848 0.335539484007946 0.570475055390282 0 1 1
"428" 1 1 1 -0.719133247237441 -0.390670117568287 -0.73366143597483 -0.783272332911076 1 0 0
"429" 1 1 1 -0.549251409409539 -0.865898189673568 -0.355001013866374 -0.960141231183613 0 0 1
"430" 1 1 1 1.47664579314019 0.998482324141401 0.680514015580519 0.676757819870027 0 1 1
"431" 0 0 0 -1.55706047616075 -0.791057468712719 -1.39156915342509 -1.10129861664032 0 0 0
"432" 1 0 0 -0.142358275366846 -0.00349699964952734 0.0766912427343272 0.427537582699178 1 0 1
"433" 1 1 0 -0.343401042394193 -0.158662096685439 0.144262097599539 -0.0855404938892067 0 1 0
"434" 1 0 0 0.0185095721868188 -0.696471567849191 -0.337506949126956 -0.249598924218936 1 1 1
"435" 1 1 0 0.0457749182150811 0.328104664087807 -0.31354154945027 -0.0241322086972858 1 0 1
"436" 0 1 1 -0.680499106856052 -0.461906027108009 -0.597419468637457 -0.965886171077204 1 0 1
"437" 0 0 0 -0.997854903961688 -0.525718156751622 -0.856545821967275 -0.209448944084939 0 0 0
"438" 0 1 0 -0.579917509954791 -0.500226283177197 -0.17378978352437 -0.311416961663695 0 0 0
"439" 1 1 1 0.407285818225393 0.0509736947772166 0.61985591415869 0.371193730009828 1 0 1
"440" 0 0 1 0.677599989089771 0.553041673449734 0.547853088175694 0.204798307481098 0 0 0
"441" 0 0 1 1.06636423947954 0.568001432962803 0.569093528824512 0.713649266915653 1 0 0
"442" 0 0 1 -1.10641057615525 -1.0611579660932 -1.00966272318903 -0.622647021049544 1 0 0
"443" 1 1 1 0.24114655774146 0.355751072216621 -0.0433528101992175 -0.108590743008116 1 0 1
"444" 0 1 0 -1.7209892155725 -1.07596901983782 -1.82503770601105 -1.90711478711879 1 0 0
"445" 0 1 0 0.728750528701821 0.215254346161757 0.946313858630398 0.594087995646901 1 1 1
"446" 1 0 0 -0.193991526401522 -0.245513520002342 0.188671278570212 0.485429081297977 0 1 1
"447" 1 0 0 -1.13918876799695 -0.669764249630048 -0.909055947238072 -0.687696123221051 1 1 1
"448" 0 0 1 0.158476427506771 0.474558780014474 0.450575798681952 -0.0152876204597261 1 1 0
"449" 1 1 1 1.82071369705124 0.851806166625582 1.01214711858983 1.20297563567957 1 1 1
"450" 0 0 1 1.132062065012 0.615462140180031 1.1564793655801 0.727102998695215 0 1 0
"451" 1 0 0 -0.184531957568392 -0.730630276706647 -0.589213602067842 -0.587572723564811 0 0 0
"452" 1 1 1 0.160044370619099 -0.0646062495111187 -0.0652983510304794 0.251360080416561 1 1 1
"453" 1 1 1 -0.379078389862459 -0.340510613117759 -0.883053946736732 -0.728706704250958 0 0 1
"454" 0 1 1 -0.661388559998955 -0.698011043158986 -0.857409392779443 -0.619956099318423 0 1 1
"455" 1 1 0 0.283306183306336 0.694705606618113 0.218410543085978 0.449233845913256 0 0 0
"456" 1 1 1 -0.268063928930099 0.519843074060107 0.16322298369823 0.108531013343626 0 1 1
"457" 1 1 0 1.60353352402923 1.51275362704112 2.0186265033293 1.26305302478614 0 0 0
"458" 0 1 0 0.170424800530304 0.120968322725316 0.249905948856817 0.604405873885849 0 1 1
"459" 0 1 0 0.356109585446218 0.297073727356077 0.106324293518742 0.434531105265675 0 1 1
"460" 1 1 1 0.729151729220289 0.234921871514961 0.716939476783993 0.954320688151439 1 1 0
"461" 1 0 0 -1.03930089588716 -1.74955171676886 -1.0238754538261 -1.19098715727076 1 0 1
"462" 1 0 1 -0.563052718162743 -0.308825854059107 -0.173952841516942 -0.286909032606515 1 0 0
"463" 0 1 1 1.14429782467471 0.499321593879615 1.10306803646808 0.760852179687031 1 1 0
"464" 0 1 0 -0.214596790462738 -0.266330695827533 -0.919810523755397 -0.566625943183266 0 1 0
"465" 1 1 1 -0.358814552535154 0.261772982920085 -0.1175092941916 0.210817384628573 1 1 0
"466" 0 0 0 0.094126261392499 0.224457220689317 0.169272067378294 0.0773110218717535 0 1 0
"467" 1 1 0 0.269802730142726 0.355604143161267 0.745262095308324 0.65166435269176 0 1 1
"468" 0 0 0 -1.80167299658595 -0.996010281397383 -2.32698513974998 -1.81540118537734 0 0 0
"469" 1 1 1 -1.06229282181942 -0.509367277958469 -0.318127883679045 -0.651576380105252 0 0 0
"470" 1 1 0 -0.486430358916668 -1.24996766671268 -0.47197604408586 -0.252625995833129 0 0 1
"471" 0 1 0 0.705753248806611 0.114624261672987 0.348971737623806 0.133742206499946 0 0 0
"472" 1 1 0 -1.0804565414885 -1.27948263778122 -0.640519176590692 -0.529913259573137 1 1 0
"473" 0 1 0 -0.447925622598789 -0.472004182343489 -0.55175754412158 -0.690920973987371 0 0 0
"474" 0 0 0 1.29888567257932 1.18896338152123 1.96398012419774 0.969528254162057 1 1 1
"475" 1 1 1 -0.724018301396983 0.34941007518465 0.180163877687029 -0.324387715900109 1 0 1
"476" 1 0 1 0.0381023072586833 -0.00514757342551353 0.0398786079435109 -0.162875976600778 1 0 1
"477" 1 1 1 1.48083516532229 0.360667629871587 0.477041282077205 0.861048898039816 1 1 1
"478" 1 1 0 0.0306805327473555 -0.232072797458811 0.155175884231487 0.296187547272075 0 1 1
"479" 0 0 0 -1.55763083604951 -0.914078776775053 -1.40270371190523 -1.2182982771339 1 0 1
"480" 0 0 0 -2.22312560505209 -1.09784662327111 -2.09442134794167 -1.0131355711441 0 0 0
"481" 1 1 1 0.245398542408447 -0.0806663181493446 -0.566671983585691 -0.0958253168461845 0 1 1
"482" 1 0 1 1.05777679507737 1.08088900479502 0.911454872006199 1.01969923755133 1 1 0
"483" 0 0 1 -0.197410035612212 0.142327015642557 -0.0459588349551623 0.113293518388308 0 0 1
"484" 1 0 0 0.705993866446523 0.501273647591007 1.11399774790851 0.685812637422101 1 1 0
"485" 1 0 0 1.29788716094269 0.515170712683678 1.39814298331569 0.763255016184394 0 0 0
"486" 1 1 1 1.17865530267067 0.881973638628632 0.57049583353715 0.702078299203645 0 1 1
"487" 0 0 0 0.617661493574649 0.507737637923586 0.442280095028403 -0.18044055612153 1 0 0
"488" 1 1 1 0.517634472084285 0.550327805181267 0.884900640552709 0.512134034631635 1 1 1
"489" 0 0 0 -0.304539442368177 0.402931000300654 0.430951190058 0.157184694889669 0 0 1
"490" 1 1 1 -0.0493926840470837 0.695975426831117 0.216895783202343 -0.143634417390109 1 1 1
"491" 0 0 0 -0.914708246095968 -1.20131332546989 -1.08038539112821 -0.873791165471863 0 0 0
"492" 1 1 1 1.83535104216931 0.58755208432171 1.42656537582126 1.2863824613712 0 0 0
"493" 1 1 1 -0.374518463253065 0.163084771742821 -0.503461553274826 -0.465484168475696 0 1 1
"494" 1 1 1 -2.32523813198596 -1.27156350028436 -2.09862119082813 -1.69443218344405 1 1 1
"495" 1 1 1 -1.70824997925546 -0.897267498359655 -0.818942559048194 -0.726888442054778 1 1 1
"496" 1 0 1 -0.964937408175995 -0.680520938426068 -1.53893911386707 -1.01911854204684 0 1 0
"497" 0 1 1 -1.01505719148162 -0.396526249614193 -0.767320374208913 -0.469542057805018 0 0 0
"498" 1 1 0 -0.559537136412804 -0.656895400509928 -0.312174586812053 -0.484359966530038 1 1 0
"499" 1 1 0 0.52861258931963 -0.00534412613893682 0.170985084891976 0.184288997758512 1 1 0
"500" 1 0 0 -0.390312328533426 -0.404957172016148 -0.123259958262552 -0.65415015582197 1 0 1
