"V1" "V2" "V3" "V4" "V5" "V6" "V7" "V8" "V9" "V10"
"1" 0 0 0 -0.763359104734222 0.68429749664908 -0.236446334014017 0.0519605896693198 0 1 0
"2" 1 1 1 -0.164128407363564 0.0785979722563093 -0.139002438088593 -0.203991574285627 1 1 1
"3" 1 1 0 0.0452955346216886 0.388001491377035 0.288947040112129 0.0919090154150431 0 0 0
"4" 0 1 0 -1.93733715603603 -1.15292193773258 -1.69258083878408 -1.52478728173842 1 1 1
"5" 1 0 0 -0.7948456236696 -0.659084834269318 -0.789867870600087 -0.866577942755229 0 0 1
"6" 0 0 1 -0.756535424291481 -0.757724572978938 -0.182176174417852 -0.408372032361065 0 0 1
"7" 0 1 1 -1.45196245269051 -0.247308395923333 -0.503789394243566 -0.566061938827504 1 0 0
"8" 1 0 1 -0.14588007426906 -0.347462937510135 -0.360794736831931 -0.288761086461554 1 0 1
"9" 0 1 1 1.03090347095748 0.269979342871283 -0.0539236531064067 -0.420718601731102 0 1 1
"10" 1 0 1 1.3585640742666 0.782294836178831 1.08394896089171 0.754536827350379 0 0 1
"11" 0 0 0 -1.62264250309505 -0.498966999958918 -0.872395424717734 -0.943898436920598 1 1 0
"12" 0 0 0 -0.621811107968376 0.18655279940039 -0.41144362034369 -0.321026130716902 1 1 0
"13" 1 1 0 0.433096776612063 0.85622436991132 1.21096966308431 0.813624845778765 1 1 0
"14" 1 1 1 0.595723722558063 0.467622929564586 1.02427263590124 0.700981710544035 1 0 0
"15" 1 0 0 -0.0987230680325718 -0.0109152828631502 -0.19749356893179 -0.12748948074346 0 0 0
"16" 1 1 1 2.32443376191004 1.70210769644642 2.6796063481426 1.9680502974434 1 1 1
"17" 1 0 0 -1.30246555838489 -0.671814180540522 -0.464305678875099 -0.259372008032237 1 1 1
"18" 0 0 0 -0.956301869693603 -0.462965711480907 -0.704382120981747 -0.614958367759437 1 1 0
"19" 1 0 0 -1.06138621697539 -0.267516719084858 -0.824415260041007 -0.906901997392568 1 1 1
"20" 0 1 0 -0.616402964386448 -0.396643374184102 -0.993968059654616 -0.284898847874845 0 1 0
"21" 0 1 1 0.0254050033513827 0.0538661636167056 0.363997533579827 0.35409598372914 1 0 0
"22" 1 1 1 -0.0113051428966913 -0.366491155944021 0.308952544496911 0.117706783313479 1 0 1
"23" 1 1 0 0.845530858974493 0.321735748024529 0.582512913628752 0.393650063493431 1 1 0
"24" 0 0 1 -0.293916246118714 -1.4160002506081 -0.754844594741349 -1.06249440605101 1 1 0
"25" 0 0 1 -0.538258422518104 -0.472185261551694 -1.22301665812985 -0.554181219242452 0 1 1
"26" 0 0 1 -0.983873383719743 -0.738398982752278 -1.38477089269459 -0.888771306822864 0 0 1
"27" 0 1 0 0.0328280192718654 0.46905360968005 0.533776465291271 0.485231051440598 0 0 0
"28" 0 0 1 -0.157908682062965 -0.631725395622692 -0.678503643153574 -0.0544576685788719 1 1 0
"29" 1 0 1 -0.564454955659278 -0.461721435677389 -0.263150142631782 -0.291244735172665 1 0 1
"30" 1 0 0 1.66030325885905 1.35120158886865 1.8493904882283 0.527650061467298 0 0 0
"31" 0 0 0 -0.230066223109469 0.0448098178466966 -0.357640514913801 -0.0663254933631542 1 0 0
"32" 0 1 1 -0.307473076927404 -0.653126993361237 0.0393053819590553 -0.842150789903798 1 1 1
"33" 0 0 0 -0.8760418398169 -1.15643234246395 -1.03442151089972 -0.974474560858741 0 0 0
"34" 1 1 0 -0.1142270618092 -0.345675714260211 -0.431380843651272 -0.150372620319713 0 0 0
"35" 0 1 1 0.0716425223451867 0.163291637048402 0.36922826364931 0.149203168762619 0 1 1
"36" 1 1 1 1.59950918882202 0.854175939407342 1.10701547759579 0.430027300598889 1 1 1
"37" 0 0 1 -1.81717833920419 -1.17402022889873 -0.719560265342609 -0.63705241480461 1 0 0
"38" 0 0 0 0.51368958708894 0.451633099166374 -0.0405294382665276 0.464671882617312 1 1 0
"39" 0 1 0 -0.7657313883252 -0.483839210621597 0.0334741885909952 -0.0976221436744847 1 0 1
"40" 0 0 1 0.544842290305721 0.16958208969421 0.320731861115863 0.215053447413717 0 0 0
"41" 0 1 0 -0.460951270228596 0.142917061978634 -1.22408957540504 -0.216012011831312 1 1 1
"42" 1 0 1 0.817858365479293 1.03377686319548 1.0202124761653 0.856462731965472 0 1 0
"43" 1 1 0 0.406627123227905 0.182717683492822 0.151161368388368 0.0598443992078516 0 0 1
"44" 0 1 1 0.176002282142808 0.268359929516735 0.380488211664628 -0.154207932736341 1 0 1
"45" 1 1 0 0.880998178986124 0.529148664318678 0.885720849767876 0.69917718229132 1 0 1
"46" 0 1 0 -0.568703399781332 -0.482982946255236 -0.256625655570577 -0.249364815651292 1 0 1
"47" 0 0 1 -0.801857030773854 -1.01253120739667 -0.695748253029325 -0.641161763242379 0 1 1
"48" 1 1 0 0.520285328406054 0.548831579719047 0.798143630051351 0.610255082027017 0 1 1
"49" 1 1 1 0.158788807513468 0.103421792363749 -0.177063591400295 -0.525107546975253 0 0 0
"50" 1 1 1 0.871997552116954 0.567356769477523 0.563435879322003 0.79393845961363 0 0 0
"51" 1 0 1 1.24100286505906 1.19450135085337 1.34954799845073 1.07659150218685 0 1 1
"52" 1 0 1 -0.189605585261205 -0.683192754523062 -0.630751757291176 -0.276938298345125 1 1 0
"53" 1 1 1 0.00845574323530149 0.211676810396902 0.0720525983526085 0.431017952084472 1 0 0
"54" 0 0 1 -0.810153232789461 -0.114489856969822 -0.329600623935993 -0.209377797974546 0 0 0
"55" 1 1 1 0.467239925550433 0.160980271175066 0.417798565475546 0.39678503500464 1 1 1
"56" 1 0 1 0.566696300615408 0.114915591258242 0.384183761110045 0.0710513486396323 1 1 1
"57" 0 1 1 1.67210519447596 1.26138069134982 1.49835139182449 1.26431861353117 1 1 0
"58" 0 0 1 0.414325280137183 0.151315433767192 0.244764290261617 0.299281798406946 1 0 0
"59" 1 0 0 -1.43006121258357 -0.667586888469509 -1.24347311151449 -0.755440087835062 0 0 0
"60" 1 1 1 -1.13571773050703 -0.407571935988274 -1.18641410841137 -0.526438003275862 1 1 0
"61" 1 0 1 0.718263429345868 0.780827630290048 0.525529236914556 0.968844157118913 0 0 0
"62" 1 1 0 -1.72357053623391 -1.21103413449678 -1.53483825094744 -1.36098102410071 1 1 1
"63" 1 0 1 1.08426892764093 0.991064570881186 1.01691679556464 0.750334268073272 0 1 1
"64" 0 0 1 -1.13017362967429 -0.722313579088818 -0.537559895985238 -0.859447345208165 0 0 1
"65" 1 1 0 -0.587966122132898 -0.565309236081502 -0.506583944786701 -0.106199681856933 1 1 1
"66" 0 0 0 -1.27927868092362 -1.06276564431461 -1.18714980029404 -1.07520337810962 1 0 1
"67" 1 0 0 0.284471992306884 -0.24121214470638 -0.146248532021308 -0.110135150965597 1 0 0
"68" 1 1 1 0.459282291172303 0.431633569687672 -0.0369047852355823 -0.140995948272126 0 0 0
"69" 1 0 0 0.855218963520447 0.243704937296494 0.301514003057127 -0.154848697548264 0 0 0
"70" 1 0 0 -0.813218478103415 -0.384411645359979 -0.652215482323893 0.121939612080073 1 0 0
"71" 1 1 0 0.810436839874569 0.68981523918925 1.24857973164817 0.759231642809036 1 1 0
"72" 1 1 1 1.14954327571564 0.548478368057738 0.6318993357792 0.292432840288325 1 1 1
"73" 0 1 0 0.0222304164791698 0.189488891753051 0.268997530381602 -0.0211090472217754 0 1 1
"74" 1 0 1 0.920309417452984 1.18877532596094 0.773992255307998 1.23680904632824 1 1 1
"75" 1 1 0 0.809698745602258 0.878272471356979 0.675135607482512 0.208153756426365 0 1 1
"76" 1 1 1 -0.886585215187637 -0.761578503305911 -0.64057083203041 -0.253551552278945 1 0 0
"77" 0 0 0 0.144283782246638 0.0347279917877998 -0.0304011001360356 0.110271348350133 0 0 0
"78" 0 0 1 1.50221069513174 0.666922457478594 1.1687665676762 0.940658275593864 0 1 0
"79" 0 0 0 -0.703065583895439 -0.320581989637401 -0.874693127302059 -0.45430459325592 1 0 1
"80" 1 1 1 0.604692940733629 0.56912439380075 0.558468766528058 0.937099770160157 1 1 0
"81" 1 0 0 0.954050568642759 0.690476227270033 0.807160982067795 0.163301719677162 0 0 0
"82" 1 1 0 0.912725725003105 0.729759382381046 0.752584737321751 1.39449370657601 1 1 1
"83" 0 0 1 -1.84013491253671 -0.921391086191448 -1.74812704339708 -1.28516057103458 1 1 0
"84" 0 0 0 -1.03525546384609 -0.940770043368913 -0.503333271884807 -0.72765213042418 1 1 1
"85" 1 1 0 0.129951787189229 0.396097347333331 0.261459548122195 0.175223160911061 0 0 1
"86" 1 0 1 -0.499111230569338 0.268561177278773 -0.58099769428723 -0.115593920056202 1 0 0
"87" 0 0 0 -0.131823022878656 0.146117073254963 0.0333622892380112 0.258554126767225 1 1 1
"88" 1 1 0 0.167077266608299 0.137013519699057 0.252383588936457 0.166044954416226 1 0 1
"89" 1 0 1 0.879403341835746 0.561609279913864 0.966348544345417 0.690165707347292 0 1 1
"90" 0 1 0 0.427961883541401 0.397415151638717 0.0673653634407284 0.0489040203994362 0 1 1
"91" 1 1 0 -1.16311668004848 -0.718173257257062 -0.435252515430906 -0.432977531733486 1 1 1
"92" 1 1 1 -0.565176171879424 -0.560670209186838 -0.196486697795904 0.134641798128778 0 0 0
"93" 0 0 1 -1.33201426959866 -0.569763180295384 -0.90591103267753 -0.75628837645266 1 0 1
"94" 0 1 0 0.0631828201995252 0.31237071101875 -0.513545969136667 0.318710078732803 0 0 1
"95" 0 0 1 0.824455526175805 0.762162064860824 0.917652728593293 0.777926060012987 0 1 1
"96" 0 0 1 -0.894537161509165 -0.466276606407628 -0.840518290385828 -0.401266588554408 1 0 1
"97" 1 1 1 -0.773983352977007 -0.444635332975312 -0.353000015989159 -0.535652275289818 1 1 0
"98" 1 1 0 0.0519599060086732 0.514981275128009 -0.330616269990595 -0.00402650318860295 1 1 0
"99" 1 1 1 0.100696407859594 0.0810191655803013 0.428353251505684 0.18868733523828 1 1 0
"100" 0 1 0 -2.17059276575621 -1.14165217354692 -1.73667690436646 -0.850479794445329 0 1 1
"101" 0 0 0 -0.206605760287537 0.0210642299646122 -0.663017241876297 -0.730182990206704 0 0 0
"102" 1 0 0 0.0943724725786814 0.376869449486144 0.360062914645142 0.380313472489888 1 1 1
"103" 1 1 1 1.10324868160367 0.830547696773527 0.940194683036736 1.00691553207954 1 1 0
"104" 1 1 1 0.595659655194702 0.443347915139702 0.473951522684222 0.236393560021583 0 1 1
"105" 0 0 1 1.20253016734704 0.43069075533218 1.02264924702085 0.821086686184156 1 0 0
"106" 1 0 1 -1.21429095419907 -0.387054265332218 -0.92023118591948 -0.798311702754257 1 1 0
"107" 0 0 1 0.572032302508984 0.605490525932548 0.280800355597277 0.781553347484812 0 0 1
"108" 0 1 0 -1.1599835079312 -0.302120317516832 -0.632804574694365 -0.495533639888409 1 0 1
"109" 0 1 0 0.246825500607606 0.263130992743496 0.441412693500098 0.395545101298631 0 0 1
"110" 1 1 1 1.95078808839659 1.40554157998999 1.55209702587314 1.01208749347747 0 0 1
"111" 1 1 0 -0.946022934286396 -1.11487164656191 -1.14181788631552 -0.9915983918209 0 0 0
"112" 0 1 0 -0.728435649299424 -0.460237197884639 -0.637883233230711 0.123200130374761 1 1 1
"113" 1 0 1 0.21925363115001 0.118060778150621 0.839226840006568 0.619086556472749 0 0 1
"114" 1 1 0 -1.23327271964087 -1.00765410294179 -1.05287576969591 -0.789529290655009 0 0 0
"115" 1 1 1 2.09649239661481 1.66693763853852 2.70430754616204 1.63556811226543 1 0 1
"116" 1 0 1 0.195357315840295 0.238135607977732 0.0568951858287344 -0.126938826685622 0 1 0
"117" 0 1 1 -0.331429420362058 -0.967379583738678 -0.671136965629682 -0.345920775824189 0 0 0
"118" 0 1 0 -0.187554303721362 -0.323183909328323 -0.569873100300921 -0.552602533313983 0 0 0
"119" 1 0 1 0.61308200165228 0.515294938721493 0.978176955316315 0.303459182888586 0 1 1
"120" 1 1 1 0.525793479053526 0.57199518468894 0.735723106460433 0.68085297147329 0 1 0
"121" 1 1 1 -0.63598154044301 -0.466315157594475 -0.205550016235078 -0.674416958984415 1 0 0
"122" 0 1 1 1.37802412191367 1.43733285136475 1.33257724398186 0.558457942666256 0 0 1
"123" 0 0 1 -2.27337288899527 -1.25307425096203 -1.53219024440751 -1.39960101313711 1 0 0
"124" 0 0 1 1.11945297826482 0.839902164413248 0.596005143788626 0.25715833144485 1 0 0
"125" 0 0 0 -1.0728402182154 -1.07923425479883 -0.856935110422319 -0.467823599109657 0 1 0
"126" 0 1 0 -0.484242720300615 0.27899357987198 0.214697179786554 -0.0201207691291806 0 0 0
"127" 0 1 0 0.208830113273647 0.0894292228048305 0.0376255359345905 -0.451899689769592 1 1 1
"128" 1 0 0 0.209802718166614 0.269298392448488 0.0725976549759568 0.419700283440554 0 0 0
"129" 1 1 1 0.135741441428751 -0.0378223432392298 0.457793436682541 0.16173913946525 1 1 0
"130" 0 1 0 -1.86915740321341 -1.11544965699929 -2.36617091175682 -1.65234517307135 0 0 1
"131" 0 0 0 -2.38525485220937 -1.77482141504921 -1.85718425848564 -1.26886809269616 0 1 0
"132" 1 1 1 -0.558323210316157 -1.21595025937116 -0.495868097509752 -0.551880340750436 0 0 1
"133" 0 0 0 -0.0372325983009364 -0.183117267490466 -0.479275843826516 0.321354105580631 0 0 0
"134" 0 1 1 0.434403747506859 0.321328851684215 0.0341013809917799 0.419576886094805 0 1 0
"135" 0 0 0 -1.67933519994106 -1.28643244811919 -1.54616325843791 -0.906424779333022 0 0 1
"136" 0 0 0 -1.22036969333747 -1.16368099657521 -1.31907823237024 -1.04691321315424 1 0 1
"137" 0 0 0 -2.51714261991198 -1.68711170845994 -1.79297934404767 -1.3674266810855 1 0 0
"138" 1 0 0 -0.436734940517659 -0.641114603737001 0.364268613247162 -0.502296573395924 0 0 0
"139" 1 1 0 0.567407952181906 0.450723269893958 0.704211655400001 0.583440329527265 1 1 1
"140" 0 0 0 1.4147919006909 0.0924464265193444 0.793745144559815 0.522027659256745 0 1 0
"141" 0 1 0 0.843786758165577 0.359501304266998 0.401372579823846 0.00493914423643249 0 1 0
"142" 0 0 0 -0.0515811624920584 -0.885388293781856 0.0553259210409838 -0.260652717518251 0 0 0
"143" 0 1 1 -0.883366537565359 -0.302561059858809 -0.587895809324713 -0.0287538688174345 0 1 1
"144" 1 0 0 1.15533286462657 1.10338556562849 1.32421010808406 1.08751683294717 1 0 0
"145" 1 1 1 3.31434933658151 1.61249016449149 3.02661571128076 1.87041104546405 1 0 1
"146" 1 1 0 -1.86697914784162 -0.586207746379349 -1.06552843720927 -0.795248893727393 1 0 1
"147" 0 0 1 0.61016252708852 0.818965143727541 0.947790458184529 0.38981735258773 0 1 1
"148" 1 1 1 0.846251031602466 0.520556275741347 0.969520766353689 1.34235598131419 0 0 0
"149" 0 1 1 -0.245559134531272 -0.322403974505986 -0.25533078832778 -0.119957435692873 1 1 0
"150" 0 1 1 -0.393043581354151 -0.366408062724446 -0.622802441289961 -0.102210320165508 0 1 0
"151" 0 0 1 -0.473664181291505 -0.452189584639022 -0.205414742894557 -0.185206027239502 0 0 0
"152" 0 0 0 0.523348593952021 0.0382488694761115 -0.0120747341166306 -0.0934855073103775 1 0 0
"153" 1 1 1 1.2287147571623 1.21831564887177 0.8166957318141 0.8769292764703 1 0 0
"154" 1 1 1 0.433000407945711 0.640553198862513 0.4754161997491 0.49303724407217 0 1 1
"155" 1 1 1 2.00693415891489 1.55096558123419 2.15962456423002 1.33816162896021 1 1 1
"156" 1 1 0 -0.577385333897446 -0.35530407396622 -1.0163151064832 -0.727809658161567 0 0 0
"157" 1 0 1 -0.919328178900015 -0.262187551847916 -0.242195308828173 -0.415759696327439 0 0 1
"158" 1 1 1 0.999688161885983 0.187907455103101 0.507407116568525 0.0167181913011452 1 0 1
"159" 0 1 1 -0.0203817304243377 -0.388684263880447 -0.230729952361076 -0.3864987061116 1 1 1
"160" 1 0 1 -0.35767276426037 -0.371650431316415 -0.361574288595988 -0.283088569960366 1 0 0
"161" 1 1 0 0.754310691453022 0.509727156561607 0.274508165690421 0.387459956328742 1 0 1
"162" 1 1 1 0.229866728572679 0.268629848210212 0.7753724442636 0.413515138639544 1 1 0
"163" 1 1 0 0.798995087185397 0.335756289968989 0.363207670770606 0.400263147715526 0 0 0
"164" 1 0 1 0.0275186469843599 0.412439257469718 -0.0564688243823065 0.352591247137454 0 1 1
"165" 1 1 1 -1.30859374309241 -0.1383154533005 -0.714095205439313 -0.60189788966798 0 0 0
"166" 0 1 0 -0.585499116431789 -0.442372226140555 -0.349708538703412 -0.823253338545052 1 0 1
"167" 1 1 1 0.666288741730374 1.15384029898418 0.698469601357772 0.705348392034824 1 0 1
"168" 1 0 0 0.834629372235691 0.893361465407795 0.763837595710701 0.307533661150599 0 0 0
"169" 0 0 0 -1.11869482001902 -0.246546764844771 -0.74380693678414 -0.73174167665623 0 0 0
"170" 0 1 1 -0.899886763183931 -0.239748022998974 -1.07960035316506 -0.633423348105995 0 1 1
"171" 1 0 0 -1.0805543228646 -0.847974273421726 -1.32448685129294 -0.601119665752918 1 1 1
"172" 0 0 0 -0.855397205965102 -0.517194678601796 -0.529312420549987 -0.803059650796295 0 0 0
"173" 1 0 0 0.523841332297916 0.463147883144014 0.798509107669246 0.34335191099313 0 0 0
"174" 1 1 0 -0.822749114023678 -0.70608271515147 -0.856014253013164 -0.363459103025368 1 1 1
"175" 1 1 0 -0.96307211341303 -0.710561053518226 -0.248831863062858 -0.686708580427865 0 0 1
"176" 0 0 1 -0.821201962961452 -0.719597236822912 -0.942426257698587 -0.834876066475315 1 0 1
"177" 0 0 0 0.456105366937223 0.375511926405374 0.587241687520744 0.663854827135395 0 0 0
"178" 1 1 0 0.0849192521155034 -0.218201266774014 0.0520648358710979 0.400746305217195 1 1 1
"179" 1 1 1 1.69853751987815 0.590726548827822 1.22434579554568 0.726014165656642 0 1 0
"180" 1 1 1 2.86276827888105 2.23475471420237 2.43112639298798 1.9623011558093 1 0 1
"181" 1 0 1 0.367765746686406 0.241223878553837 -0.20657295115767 -0.482826329052697 0 0 1
"182" 1 0 0 -0.00130628105313399 -0.274295497384539 -0.145016723427204 0.0590132560983872 0 0 1
"183" 0 0 0 -0.558914135326379 -0.486168631052088 -0.731928270863004 -0.179988132041142 0 0 1
"184" 1 0 0 -0.402640159158096 -0.0681969482910737 -0.545767383894878 0.223222421371061 0 0 0
"185" 0 0 1 -0.984864668860011 -1.0340436088208 -1.45801476399697 -1.04413893562682 1 0 1
"186" 0 0 0 -1.38362348435296 -0.272475683422274 -1.31430707769503 -1.27254298072652 0 0 0
"187" 1 1 1 1.109452974466 1.18073021779772 1.25395136043331 0.500392699020352 0 0 0
"188" 1 0 1 1.59935581215428 0.915618914939535 1.12616302268621 0.714024003334826 1 1 1
"189" 1 1 0 0.684777413666759 0.145317243670026 -0.129066442409837 0.15361107451917 1 1 0
"190" 1 0 1 0.8183386661653 0.183536041353096 0.426247655122384 0.0755673029048567 0 0 0
"191" 0 0 1 -2.23227222247931 -1.20462378284842 -2.55380383257602 -2.08571002386172 1 1 0
"192" 1 1 1 1.42829836562749 1.3023151567098 1.26053345212548 1.22736672490545 1 1 0
"193" 1 1 1 1.65131640285686 0.863442349474534 1.20767383494206 1.36266937255035 1 1 1
"194" 1 1 0 0.616178523613579 0.571744591780218 0.794534864851458 0.126129844351316 1 1 1
"195" 0 1 1 0.407150459153476 0.233233641118656 0.0365820939581948 -0.157323209814394 0 0 1
"196" 1 1 1 -0.363631208454518 0.0614182804585324 0.0210548335709866 0.0521471956441743 1 1 1
"197" 1 0 0 -0.0337517769559397 0.0351545761772872 -0.0151277703327587 -0.177744053118978 1 1 0
"198" 1 1 1 1.39547769006996 0.500544424672165 1.31490104464314 0.325799731890207 1 0 0
"199" 0 1 1 -0.155706216267635 0.269357155555196 -0.126796214907503 -0.172267887971371 1 0 1
"200" 1 1 0 0.32099543500218 0.490604831155041 0.728871595198997 0.796677728573196 0 0 1
"201" 1 0 0 -0.700103866898259 -0.436177280158247 -0.658397026545146 -0.426624464395605 0 0 1
"202" 0 1 1 -0.47825120534948 0.190489980072277 0.439786923681881 0.00641835246120538 0 1 1
"203" 1 1 1 -0.473691198442657 -0.0843724303627706 -0.0896429706954355 -0.100297571905224 1 1 1
"204" 1 1 0 0.168008512641537 0.147455856081429 0.229246995896886 0.330007515770645 1 0 0
"205" 1 1 1 -1.83029972489488 -1.5456529063479 -1.04297046150084 -0.882851601559125 1 0 0
"206" 1 1 0 0.56209649199421 0.310526132591069 0.0612144552794454 0.450330831167697 0 1 1
"207" 0 1 1 -0.983227241292488 -0.180965216887636 -0.129873964383126 -0.585668043204455 1 0 1
"208" 0 0 1 -1.9177149501943 -1.14786884006157 -1.24804084271689 -1.06384678046718 1 0 1
"209" 1 0 1 1.03856071237437 0.499638639240534 0.703477989938841 0.866481573634136 1 1 0
"210" 1 1 0 0.0295420861716962 -0.133947760041352 -0.484893627860515 -0.433889675891396 0 1 0
"211" 0 1 1 1.28360882066857 0.745152814242979 0.916592728677895 0.979510945425702 0 0 0
"212" 1 1 1 -0.360452460982735 -0.419238175074304 -0.260934947785716 -0.386161132833265 0 0 0
"213" 1 0 1 -0.176930595150866 0.0218374720695508 0.0675791838906928 0.476148599557812 0 1 0
"214" 0 0 0 -1.04916642779578 -1.17345054570219 -0.60536382955671 -0.648896005194893 1 0 1
"215" 1 1 1 1.44568652856363 0.8536661735014 0.858946817821347 0.38803654521549 0 1 1
"216" 1 1 1 0.842611051968996 0.736211217357232 0.296981463966162 0.458758042748136 0 1 0
"217" 0 0 1 1.74326079178915 1.01126886642417 1.93360322562789 2.10872218390497 1 1 1
"218" 1 1 1 1.30995817922081 0.883259646678027 1.24338998919984 1.27233757231359 0 1 0
"219" 0 1 1 -0.0432311301500271 0.590824225176328 0.455274416047859 0.160871138106463 0 1 0
"220" 1 0 1 0.490853735459465 0.759719299371622 0.0993697026685265 0.0432874741637354 0 0 1
"221" 0 0 0 0.752209236754963 0.594873618153353 1.3132136165026 0.85393859478962 1 0 0
"222" 0 1 0 -2.32224041420914 -1.74656742731096 -2.36575591516384 -1.42237267785118 0 0 0
"223" 0 0 0 0.440090367196925 0.205646282826478 0.412923671014932 0.0903410089912819 0 0 1
"224" 0 0 1 -0.0737406189480983 -0.0363438898829021 0.0379180360096078 0.298149532944962 0 1 0
"225" 0 0 0 -0.872119815648643 -0.553015940710575 -0.39656096452088 0.249647579390182 0 0 0
"226" 0 0 1 -2.76938433228626 -2.58978123688499 -2.63612027073045 -1.6001179809225 0 0 1
"227" 0 0 1 -0.735442004970246 -0.232275188156217 -0.198370042306659 -0.0540562537451845 0 0 0
"228" 1 0 0 -0.31932229039225 0.129457978123912 -0.299773413958853 0.532591692634259 0 0 0
"229" 1 1 1 -1.78434533918906 -0.896561609177802 -1.02911953419657 -0.63542669218258 1 0 1
"230" 1 0 1 1.1476964854787 1.53648266458246 0.876968740724827 0.694523474279401 1 1 1
"231" 0 1 1 -0.878308402345289 -0.0380130068656911 -0.177708195873038 0.0444632369068503 1 1 1
"232" 0 1 1 -1.53984405140912 -0.592460894901291 -1.11931104538652 -1.22799723305416 0 1 0
"233" 1 0 1 1.05257033787582 0.421317044827439 0.834547576427089 1.03627150461175 1 1 0
"234" 1 1 0 -0.40957347593068 -0.0328784791442901 0.286159933532531 -0.204832854965641 1 1 1
"235" 1 1 1 0.155001046702476 -0.602792594704772 -0.170009258871363 -0.0438976019851167 0 1 1
"236" 1 0 1 -0.787987306821521 -0.4961158136741 -0.953981969204588 -0.5149424373202 0 1 0
"237" 1 1 1 -0.383760994969692 -0.503319376306197 -0.583078993005357 -0.22371056491788 1 0 0
"238" 1 1 1 2.38675440854464 1.07542824084194 2.03847853771286 0.941687369049094 0 0 1
"239" 1 1 1 0.0840906318948443 0.0669594231882296 0.087999589596675 0.162615497020728 0 1 0
"240" 0 0 0 -0.0475642833249382 0.141130969640759 0.439333342143286 0.117202977205576 0 0 0
"241" 0 0 0 -0.0762345904225786 0.0322374360231241 -0.0795374347794905 -0.102564376658433 1 0 0
"242" 1 1 0 -1.30459576285833 -0.651261768219926 -1.46432509999866 -0.253670955831432 0 1 1
"243" 1 1 0 0.397684993283509 0.537800295443943 0.588636266023808 0.634003092317068 1 1 1
"244" 1 0 1 -0.533960763296938 -0.331595552912152 -0.128384382209187 -0.460469478048737 1 0 0
"245" 0 0 1 -1.64063047590001 -1.47553641319261 -2.0052857788531 -1.06181557626406 1 1 0
"246" 1 1 1 -0.866348348717473 -0.742430962775498 -1.09476996328037 -0.784203191104341 1 1 1
"247" 1 1 1 1.67315552830835 1.28999290947118 1.03580675752291 0.841875262007053 1 1 1
"248" 0 1 1 -0.708460554084019 -0.279870466546954 -0.339022329225659 -0.712725735703073 1 1 1
"249" 1 1 1 1.30816769733134 0.721762985967042 1.29779389420732 0.836963825387614 1 1 0
"250" 1 1 1 -0.465158552965036 -0.488278331398779 -0.711879115512501 -0.921148611131352 1 1 1
"251" 0 1 0 0.388031704567027 -0.161956500264947 0.177095586878883 0.0714463383759036 0 0 0
"252" 1 1 0 0.0525792014311422 -0.0532010537844729 -0.154950029895233 0.0437259556628782 1 1 0
"253" 0 1 0 -1.22412751768024 -0.346685370381225 -0.514880411735763 -0.702388015167998 0 1 1
"254" 1 1 1 -0.259965449138008 0.0836901857614258 0.138851346868142 0.20089922456277 1 0 0
"255" 1 1 0 -0.283409388730931 -0.357097692151292 -0.500927372484734 -0.435148959957952 0 0 1
"256" 0 0 0 -1.17217086604637 -0.705376889801282 -1.21062136006576 -0.928034794194899 1 1 0
"257" 0 0 0 -0.00114769825836414 -0.477528418096744 -0.158441191837114 -0.0199313676029179 1 0 0
"258" 0 1 0 0.897122077117594 0.345535207507148 0.256670002218761 0.372953746398762 1 0 0
"259" 1 1 0 -0.675777411962775 -0.0158813836572529 -0.807366860802105 -0.233263874527372 1 0 1
"260" 0 1 1 1.14748926543245 0.910596727609573 1.42790135203798 1.07005283162489 1 0 1
"261" 0 0 0 0.306724276660665 -0.187623895426493 -0.407847706562157 0.0365496338128494 1 1 0
"262" 0 0 1 -0.649320720028444 -0.616755469932285 -0.287088031141683 0.072046432354685 1 0 0
"263" 0 0 0 -3.24232837230395 -2.5967585228745 -2.80567503588849 -1.63879633410982 1 0 0
"264" 1 1 1 0.896110187029263 0.382386958572297 0.631577101887433 0.213604683596788 0 0 0
"265" 1 0 0 -0.185709428118323 -0.1238028418469 0.416494537436972 0.113478572651579 0 0 1
"266" 1 0 1 1.49150597492252 1.03256258827528 1.51294390663437 0.934042134796559 0 1 1
"267" 1 0 0 -0.632180283890638 -0.426150483113323 -0.931669706468594 -0.164226563783264 0 0 1
"268" 0 0 0 0.258524337635658 -0.0218575113580421 0.0708100297276461 -0.133643963827924 1 1 1
"269" 1 0 1 0.807273913898537 0.412496527737916 0.570935879998151 0.22315293079873 1 0 1
"270" 0 0 0 -0.36006725447798 -0.492379649734143 -0.208135850315875 -0.524552657196985 0 0 0
"271" 1 0 1 -0.202883665184211 -0.503345664513 -0.508112043465358 -0.579011490052015 0 1 0
"272" 0 1 1 -1.34594549891277 -1.14625765360933 -0.993666660562841 -1.54397834488606 1 1 1
"273" 1 1 1 1.66479001991198 1.0110731216752 1.43221624395721 0.937453118270965 0 1 0
"274" 1 1 1 3.14655621895937 1.6973914279661 2.55985585779245 1.98919365459758 0 0 1
"275" 1 1 0 1.22467173067202 1.80136344670454 1.71444096683442 1.10219623631623 1 1 1
"276" 0 0 0 -0.787417326125581 -0.476723924429828 -0.463893292640338 -0.311627122666582 0 0 0
"277" 1 0 0 0.451849109488511 0.534776417300195 0.420133298200932 0.106382799450996 0 1 1
"278" 1 1 1 0.552611321039978 0.870009080796686 0.431577552937481 0.374217046224571 1 1 1
"279" 0 1 0 -1.48368410391496 -1.11660241771378 -1.06140637079388 -0.761209310699076 0 0 0
"280" 1 1 1 -0.185912255229751 0.238045117880742 -0.485319436138991 0.0244478742400267 1 0 0
"281" 1 1 1 -0.0301093707597216 -0.333010885100774 0.2389996168197 -0.547184612643428 0 0 0
"282" 0 0 0 -1.81567162073023 -0.786826678919404 -1.35416899788911 -1.09731615204278 0 0 1
"283" 0 0 1 0.515181386332131 0.187201546694281 0.620420738282143 0.520751441485213 0 1 0
"284" 1 0 1 -0.466748691834435 -0.146375125333575 -0.192010918582969 -0.564119936142449 1 0 0
"285" 1 1 1 0.0284162439710161 0.230434116900773 0.249101757072937 0.508136083380305 1 1 1
"286" 0 0 1 -0.552696387190013 -0.160996685888837 0.173008815145128 0.138469327653279 1 1 1
"287" 0 0 1 -0.50676376463764 0.240118711550359 -0.342389690580855 -0.109527139096915 1 0 0
"288" 1 1 0 0.0150124631810881 -0.395550614650864 -0.639463340160898 -0.349463392060519 1 1 1
"289" 0 0 1 0.840410083768042 0.592654602657052 1.15376790334214 0.339869178134033 0 1 0
"290" 1 1 0 -0.536522480943182 -0.0973717174551719 -0.103193951462858 -0.597822791968005 0 1 0
"291" 0 1 1 0.135848854714473 0.0467305413036178 1.00577013802712 0.396985928514817 0 1 0
"292" 0 0 1 -0.746950514342915 -0.335681980707312 -0.654109950156442 -0.441711936056888 0 0 1
"293" 1 1 1 1.5030120333292 1.19778802548483 1.94631815370772 0.978394774691628 1 0 0
"294" 0 1 0 -1.13065880687824 -0.777602706956174 -0.979583614293028 -0.663522914511168 0 0 0
"295" 1 1 1 1.06447932964108 0.593609908599668 0.916092856304828 0.451619689333681 1 1 1
"296" 1 1 1 -0.0591426577334388 -0.201917839983039 0.314666642815199 -0.0347455112282561 1 0 0
"297" 1 1 1 0.807950025609165 0.298319396031407 0.38332130790272 0.661100592789559 1 1 1
"298" 0 1 0 0.0970790763669696 -0.359385641006935 -0.417541723169316 -0.399400646807898 1 1 1
"299" 0 0 0 -3.00285111631095 -2.1623392088623 -2.02482893025783 -1.34479569731396 0 1 1
"300" 1 1 1 1.38138502562779 0.953190092742214 1.29495764818096 1.10466928975852 1 1 0
"301" 1 1 1 0.0458650384687301 0.209423972735269 -0.0908649105766264 -0.114782460964599 0 1 1
"302" 0 1 1 0.590445301369922 -0.283499783962825 -0.0651473033961456 0.0483831129701463 0 1 0
"303" 0 1 1 0.462543266597016 0.422513142159445 0.235044567182897 0.0223493423919727 0 0 1
"304" 1 1 1 1.53110576122527 0.935300238793016 1.57025652947328 1.35663501536643 0 0 0
"305" 1 1 0 -0.682490816557237 0.011733487445755 -0.49961392066208 -0.233165650185314 0 1 0
"306" 1 0 1 0.951963881724204 0.679985187503639 0.449247249790067 1.10128007344641 0 1 0
"307" 0 0 1 -1.0970743041395 -0.996013489362002 -1.3128383209525 -0.703265515545086 0 1 1
"308" 0 0 0 -0.691528733625217 -0.441470668574962 -0.771793996571891 -1.24741110923216 0 0 0
"309" 1 0 0 -1.17556530242935 -0.447232995487255 -0.837788769399674 -0.403973561452026 1 0 0
"310" 1 1 1 1.02704206077868 0.744691850249376 0.656570937169016 0.407959347009084 1 0 1
"311" 1 0 1 -0.246243664005278 -0.436553563688575 -0.535682195913707 -0.202727400434602 1 1 1
"312" 1 0 1 -2.63586745187882 -2.33561200137116 -2.82885611066301 -2.2321260752326 1 0 0
"313" 0 1 1 1.21983428799988 0.758087647637406 1.00910374465847 0.851403763734518 1 0 1
"314" 0 1 0 0.00494801611539247 -0.494252388407116 -0.109182018449986 -0.0319203399832355 0 0 1
"315" 1 0 1 1.38331519313526 1.04687302469801 1.26055379302429 0.809106656530941 1 1 1
"316" 1 1 1 -0.348413642544674 -0.724723996822406 0.0422330127944033 -0.0622966863654612 1 0 0
"317" 0 1 0 0.0971823391169637 -0.33200816843682 0.0625945022158456 0.0719554385448972 1 0 0
"318" 0 0 0 0.649475287598011 0.510882808694099 0.654110474479836 0.597907405866172 1 0 0
"319" 0 0 0 0.685513550544357 0.475568612626172 0.497922014234346 0.925362711484632 0 0 0
"320" 0 0 0 0.91887556909389 0.238395775961057 1.13703725020211 0.520257119170278 1 1 0
"321" 0 0 1 -0.61389634334104 -0.0191401511049673 -0.391134971246517 -0.0249079800432557 1 0 0
"322" 1 1 0 0.103813389308428 -0.334942347901568 -0.380672442597239 0.330551378478566 1 1 1
"323" 0 0 1 -1.26514935816558 -0.785904032674702 -0.927928021865377 -1.07858733376138 0 1 0
"324" 1 1 1 0.0615194493735722 -0.271944694795311 0.0492254095584558 0.185505658916408 1 0 1
"325" 1 1 1 0.618716738929449 0.339017536587608 0.880034489021128 0.084325669688406 0 1 1
"326" 1 1 1 -0.843486767408308 -0.844942518340691 -1.26534389690301 -0.999698132980706 0 0 0
"327" 0 0 1 2.04914185889564 1.37675390285009 1.49032721525712 0.677160188263786 0 0 0
"328" 0 1 1 -0.744762021094184 -0.394629147506417 -0.447231800485527 -0.583779457480569 1 0 1
"329" 1 0 1 0.622353793819918 0.0633239348091125 0.279585249603493 0.382762503763114 1 1 1
"330" 1 0 1 -0.21947329016378 0.682642775761365 0.124933239817065 0.307325341995342 0 1 1
"331" 1 1 1 -0.181187846395747 -0.153043980045562 -0.514110170976244 0.0818858325919637 0 0 1
"332" 0 0 0 -0.46855898521905 0.156521274654765 -0.338423706581985 -0.282328492189854 0 1 0
"333" 0 0 0 -0.906165096909666 -0.255193079763654 -0.853041373535987 -0.831882198852438 1 0 0
"334" 1 0 0 -0.741069417295062 -0.362723122143364 -0.872120866401022 -0.617595934280446 1 1 0
"335" 0 0 0 1.40147770771598 0.930127590367979 1.00048057310052 0.833122692108708 1 1 1
"336" 0 1 0 0.216164149955057 0.0913930578057796 0.147808694639312 0.224648553373167 0 0 0
"337" 1 1 1 -0.95999122158023 -0.635378697537757 -0.918446114503795 -0.71465225052771 0 0 1
"338" 1 1 1 -0.22258196443936 -0.0319076929132625 -0.284109001988243 -0.492532964633524 1 0 0
"339" 0 1 0 -0.391044608738424 -0.341985770302709 0.197871164953292 -0.306077384207894 0 0 1
"340" 0 0 0 -1.1260160036996 -0.331752647428089 -1.07822836507751 -0.501682895422599 0 0 0
"341" 1 0 1 -0.618928970999916 -0.411252253740327 -0.26023157054254 -0.364689066469991 1 1 1
"342" 0 0 1 0.335496428520395 0.382465575018136 0.58524272420269 0.0758496217966362 0 1 1
"343" 1 0 1 0.948038005506524 0.0259564689762631 0.92364849598574 -0.176031551212046 1 1 1
"344" 0 0 1 -1.13810398154356 -0.457771921407058 -1.01094736056203 -0.348122349505183 1 0 1
"345" 1 1 1 -0.0222702150910843 -0.28203779078689 -0.341755553149711 -0.0487072048091173 1 1 0
"346" 1 1 1 1.64931989488638 0.833340460933675 1.30115903149486 1.3545005359699 1 0 0
"347" 1 0 1 0.72569932438169 0.324257791235592 0.801077523194358 0.624542015514314 1 1 1
"348" 1 1 0 -1.05829276214072 -0.164317330027512 -0.939169653508757 -0.19760509438441 1 1 0
"349" 1 1 1 1.83811596382606 1.53446669070128 1.44655664305973 1.09980814433147 0 1 1
"350" 1 1 0 -0.153052486723241 -0.451821434510159 -0.0338126175027426 -0.300910584342808 1 0 0
"351" 1 1 1 1.74851629254499 1.5590525694615 1.83480399096695 1.43539683197726 1 1 1
"352" 0 1 0 -1.0028920317944 -0.828819523963042 -0.636442274300621 0.107353409837475 1 0 0
"353" 1 1 1 0.053248502592396 0.0762261595804613 -0.168719689531689 0.0556339410638629 0 0 0
"354" 0 0 0 -0.781741466829038 -0.882836732700579 -0.622561747836207 -0.614277086266663 0 1 0
"355" 0 0 1 -0.596084123923889 -0.265042014074213 -0.463646827133454 -0.604192896222403 0 0 0
"356" 1 1 1 0.30879400408714 0.726450287164922 0.415330333071677 0.918457325998604 1 1 0
"357" 0 0 0 -0.0594505556760934 -0.172115764079378 -0.244798719127236 -0.482504902430822 1 0 0
"358" 0 1 1 -0.837026434454385 -0.622068736006831 -1.03736668002005 -0.560147589672338 1 0 0
"359" 1 0 0 -0.569728266564313 -0.621275337428715 -1.10963337973316 -0.54725217878751 0 1 1
"360" 1 1 1 0.89137460241794 0.461089426073841 0.537887603396549 0.783091074158131 1 0 0
"361" 1 0 1 -0.820610032194011 -1.05591601490358 -0.566687073886154 -0.440471707757293 1 0 0
"362" 0 0 0 0.210237180718082 -0.893129086291856 0.428354463129663 0.338192190149079 0 1 0
"363" 1 1 1 0.949898748794617 0.465315234609222 0.473539662720548 0.80037570824636 1 0 0
"364" 0 0 0 1.07455461993111 0.964861655992771 0.732614784037134 0.803589754115134 0 1 0
"365" 1 0 1 -0.698650704549595 -0.432538193425347 -0.649866604594721 -1.00397051123227 0 1 1
"366" 1 1 1 -0.106716557824045 -0.216124708362509 -0.433435800955676 -0.0503113428047043 0 0 1
"367" 0 1 0 -0.443932817537989 -0.0299260926251898 0.00687403097392418 0.2433025182171 0 0 1
"368" 1 0 1 -1.75618960309424 -1.00519339528074 -1.56153619454273 -0.895111987475698 1 1 0
"369" 1 0 1 0.722098297267794 0.800963824837752 1.22616736639888 0.521353789565891 1 0 1
"370" 1 0 0 -0.265342499325687 0.182897876041869 -0.0102713262864536 -0.12211573781958 1 0 0
"371" 1 1 1 1.65618824281481 0.871723399394206 0.61281643141961 0.641533582021831 1 0 0
"372" 1 1 0 0.666366669303529 0.387914770643064 0.438718325381146 0.522614802500059 0 1 0
"373" 1 0 1 1.05258056363883 1.1964229148195 1.01816323681554 1.06026145541364 1 1 1
"374" 1 1 0 -0.0170768478994254 0.304308870675196 0.152456444586679 0.5739191479353 1 1 1
"375" 1 1 0 -1.65173698393031 -0.858820205797132 -0.889111552665534 -0.832191234760466 1 1 1
"376" 1 0 1 0.88563705961671 0.400783971863975 0.963257182534352 0.543911704573352 1 0 1
"377" 1 0 1 0.207011059245565 0.219677340102463 -0.300834109479514 -0.137770419153647 0 0 1
"378" 0 0 1 -0.826398323061388 -1.15946483753291 -0.28869528430293 -0.690197920336467 1 1 0
"379" 1 1 1 -1.07033715303276 -1.2135550075657 -1.34002250185042 -0.961575898421897 0 0 0
"380" 0 1 0 -0.0926788713477045 0.240193207614958 -0.292051469656217 -0.0449465395725411 1 0 0
"381" 0 1 1 -1.47208121467564 -0.322798311730441 -0.698490178449885 -0.480072417026397 1 1 1
"382" 0 0 0 -0.0513241165946463 0.242554852895413 0.288025916201129 -0.793688665974822 1 0 0
"383" 0 0 1 -0.108061883252502 -0.185928188592468 -0.192032920210659 0.0860067615563487 0 0 0
"384" 1 1 1 1.81729628605548 1.60227704049285 1.30648759055121 1.18782716611958 1 0 1
"385" 0 0 0 -0.985447153028657 -0.522428374641667 -0.5438070499154 -0.522888715487568 1 0 1
"386" 0 1 0 -0.586664111935579 -0.419748579630209 -0.81232075642353 -0.638652125828135 0 0 1
"387" 0 0 0 -1.71634283488136 -1.22489442658795 -1.71372058634997 -1.40547960846395 1 0 1
"388" 1 1 1 0.542256190239944 0.569350522154673 0.209656332605791 0.492745366775315 0 0 0
"389" 0 0 0 -0.0945894931143723 -0.263865709908323 -0.294665854862847 0.0902832422078658 1 0 0
"390" 0 0 0 -1.04185713402492 -0.829517567626517 -1.07684861250739 -0.785460903220361 1 0 0
"391" 1 1 1 -1.6705565915946 -1.02615054442696 -1.35536100613407 -1.13131894311601 0 1 1
"392" 0 1 1 0.538763676365486 0.190669071046088 0.818882860611716 0.305895844078581 1 1 1
"393" 1 0 0 -0.599403610862551 0.125260545178883 -0.507661300214229 0.0497901377482751 0 0 0
"394" 0 1 0 -0.307494735187871 -0.198809484266569 -0.309315959013813 -0.327543374849122 0 0 1
"395" 0 0 0 -1.06846334678486 -0.575607736524043 -1.21428105928839 -0.484631773596157 1 1 0
"396" 0 1 1 0.213048734251735 0.589471429533039 1.07500842367619 0.697033294282039 1 0 0
"397" 0 0 0 -1.8921364308919 -1.26270826537989 -1.76508757215824 -1.37035057170201 1 1 1
"398" 0 0 1 -1.8381025212957 -0.887739792073383 -1.20300386461902 -0.953635315122419 0 1 0
"399" 0 0 1 2.27969736632226 2.05787924365568 1.99600920811496 2.12880942212972 0 0 1
"400" 0 1 0 0.716327906210348 0.64175321252418 -0.0955196037483854 -0.0187705569139007 1 1 0
"401" 0 1 0 0.0162151837882827 0.313858187277426 -0.47472572565498 -0.0205833932129256 1 1 0
"402" 1 1 1 0.324177340642078 0.0681733527381014 0.303934821970888 0.466703452920334 0 0 0
"403" 0 1 1 1.25306777098297 0.761509525193789 1.1634609397334 0.568127647143204 0 0 1
"404" 0 1 1 -0.054038955121974 -0.203671488232481 0.162113532780088 0.143435866039164 1 0 1
"405" 1 1 1 1.39698191915226 0.954486491976292 0.635954133192699 0.498545488337005 1 1 1
"406" 1 0 1 -0.169086358368013 0.290385731621401 0.0857125519234091 -0.14113594488274 0 1 1
"407" 1 1 0 0.92919207621872 0.586471784375123 1.02176203808146 0.956357871962342 0 1 1
"408" 1 0 0 -0.0453623757681745 -0.0916724136548617 -0.256803666599995 -0.201078677662472 0 0 0
"409" 0 0 1 -1.80612334859302 -0.839016692708287 -1.74569362642903 -0.881989599122024 1 1 0
"410" 0 0 0 0.456885646184755 -0.116771120783421 -0.0499449186183588 0.244450526599975 0 0 0
"411" 0 0 0 -0.820151320045171 -0.337623868455116 -0.422450926336573 -0.466262605676895 1 1 0
"412" 1 1 0 -1.12499808934327 -0.808173976016908 -0.649373264846775 -0.516661386799155 0 0 1
"413" 1 0 1 0.405013868090222 0.836346088944871 0.379364721173285 0.524940227770398 1 0 1
"414" 1 1 0 -0.144013984693039 0.115786870967614 -0.129353014103526 -0.256830601475723 1 1 1
"415" 1 0 0 0.572882097276559 0.109335461124705 0.977159045072716 0.727349998964984 1 0 1
"416" 0 1 1 0.734695234389784 0.0724571271814799 0.267605757550533 0.30468465211079 0 1 0
"417" 0 0 1 0.401112758156404 0.627319196424622 0.483884843121413 0.733042323404826 0 0 1
"418" 0 1 0 -0.109055948509728 -0.659681192741412 0.169206245956531 0.229428383799564 1 0 0
"419" 0 1 1 0.393833163933032 -0.319375096448251 -0.656714860473196 0.05130753023962 0 0 0
"420" 1 1 1 -0.0570272605744951 0.0531008189565158 -0.257685537159055 0.0989072604972407 1 0 1
"421" 0 0 0 -1.17099104946787 -1.25991567507473 -1.1439383488584 -1.10355410720676 1 1 1
"422" 0 1 1 0.600500015156229 0.891522667065302 0.872733641426281 0.729219980456161 1 0 0
"423" 1 1 0 -1.50015918331539 -0.624383009990079 -1.43971838505316 -0.965057326426986 1 1 0
"424" 1 0 1 -0.40511740436134 0.167911932289187 -0.374426077230837 0.0546399536267896 0 0 1
"425" 1 1 1 0.236856904099521 -0.0674697581628012 0.403714806819487 -0.167714345472302 1 0 0
"426" 0 0 1 -0.0111472134295865 0.152208591302116 0.453785375143174 0.0950209222317436 1 0 1
"427" 1 1 0 -1.30969586316801 -1.08291637945964 -0.623062634107115 -0.534180938546492 1 1 0
"428" 0 1 0 -0.816131816060134 -0.508127889253205 -0.594574744346593 -0.56408564429461 0 0 0
"429" 1 1 1 2.3180530232069 1.42496492011476 2.25311502723098 1.26577540555362 1 1 1
"430" 1 0 1 0.556747003137167 0.396689773850277 0.498126012161543 0.191076811849325 1 0 1
"431" 1 0 0 -1.11855147901662 -0.307226159359304 -0.618359513296194 -0.624038342891328 1 0 1
"432" 1 1 1 2.50888444228469 2.2422818581782 2.45701248946658 2.02240884244493 0 0 0
"433" 1 1 1 1.85045086923709 1.63418120534905 2.09258412282863 1.54677875975344 0 0 1
"434" 1 1 1 0.54342615910416 0.266287500705409 0.32261722680689 0.240232532988772 1 1 0
"435" 1 1 1 0.27427930826967 0.260586661895088 0.442475605214427 -0.161971827788312 1 0 0
"436" 1 1 1 0.752922947604416 0.459433289241862 0.455106115932243 0.460838760481881 1 0 0
"437" 1 0 0 0.313094713109547 0.423236649790604 0.628653198075306 0.0625470913057091 0 0 1
"438" 0 1 1 -1.45109686037938 -0.65799019052089 -1.27465214782263 -1.17784065855295 1 0 1
"439" 1 1 1 -0.197407883108084 0.149718516671029 0.183381703683953 0.0751813921510497 0 0 1
"440" 1 0 0 -0.896926746358661 -1.23103507863699 -0.747619113823128 -0.586225245898949 1 1 0
"441" 0 0 0 0.177930450749867 -0.0303498487053624 0.435740822879982 -0.00174350577594476 1 1 0
"442" 1 1 1 1.80839983571482 0.949913612481922 1.32710710840413 1.31728766021432 1 1 1
"443" 0 1 0 0.106480699558643 0.0825915271726073 0.215790763553656 0.423830288244861 1 1 0
"444" 0 1 0 -1.53398927500279 -0.81897649047954 -0.90291054162649 -1.32280678021712 0 0 0
"445" 1 1 0 -0.836729923727638 -1.02467572075434 -0.438796090400097 -0.891074144064341 0 0 0
"446" 1 1 1 0.933714512116725 0.69100894835243 1.3133310745801 0.466875906246744 0 1 1
"447" 1 1 1 1.11474586656022 0.836775742315376 1.30207470893487 0.64429525985673 1 0 1
"448" 1 0 1 -0.605449556334271 -0.26602026971289 -0.573651946899984 -0.611964378653507 0 0 1
"449" 1 1 0 -0.0110775872814141 0.146229109677861 0.0888815801308658 0.0118881526396441 0 0 0
"450" 1 0 1 0.294994348533917 0.258924611985077 -0.0958974387903841 0.0194567648807714 0 1 0
"451" 0 1 0 -0.286652453465085 -0.758766374383411 -0.517614910373493 -0.460338559064488 1 0 1
"452" 0 0 1 0.023234700291617 -0.256061561182767 -0.102758959045476 -0.259189695579133 0 0 1
"453" 1 1 1 0.61004862185917 0.642488460782096 0.505978112216163 0.725755895290269 0 0 0
"454" 0 0 0 -0.790161777501154 -0.41789453727217 -0.634103766236561 0.028959002234489 1 0 0
"455" 0 0 0 -0.403398459669549 -0.483334735354462 -0.276727631338321 -0.449739510578775 1 1 0
"456" 0 1 1 0.180591555485212 0.0486932226877114 0.462127320622571 0.18744133756604 0 0 1
"457" 1 0 1 -0.41650198487855 -0.06073654219423 -0.276025199813788 -0.283460944176253 0 0 0
"458" 1 0 0 0.480852027624032 0.28118482282952 0.238538023214881 0.249249540375508 1 1 0
"459" 1 1 1 -0.270665230556798 -0.125931653184116 -0.252818078041462 0.152937843925599 1 1 0
"460" 0 0 1 0.657764490223909 0.0795595948850404 0.4257801284126 -0.0547984613448564 0 1 0
"461" 1 1 0 1.09101435503747 0.987510901081489 1.02098415497403 1.3884670227809 1 0 0
"462" 0 0 1 0.170085643947678 -0.00544491149130261 0.525642974204515 -0.00733912305356965 0 0 1
"463" 0 0 0 -0.450541951472888 -0.471323546086076 -0.270351856146848 -0.053739398223391 0 0 0
"464" 0 1 1 -1.85386519441376 -1.28870513158668 -1.59064126931398 -1.28752789772645 1 0 0
"465" 1 1 0 -0.260952761529045 -0.494253279328584 -0.867054839773791 -0.83612628050616 1 0 1
"466" 1 1 0 -0.972822131195854 -0.528204706662762 -0.341504121130188 -0.394640247272497 0 0 1
"467" 0 1 0 -0.98171480174578 -1.12547887586716 -1.25838282922411 -0.848858147599266 0 0 0
"468" 1 1 1 2.16404330785041 1.60187335276362 1.86810140242124 1.60128177790348 0 1 1
"469" 1 1 0 0.289094368214647 0.566579362459566 0.356954572606674 0.349266040120193 1 1 1
"470" 0 0 0 -1.06135755232775 -0.996198126048286 -0.557473592860849 -0.700769153067605 0 1 1
"471" 1 1 0 2.67021274877323 1.60102463408858 2.54025457317938 1.86217777105265 0 0 1
"472" 0 1 0 -0.749122975766524 -0.533065979479115 -0.442702808303049 -0.694185235305043 0 1 0
"473" 0 0 0 1.74705650272266 0.970571984553023 1.021822324892 0.928498039874355 1 1 1
"474" 0 0 1 -0.510161392433578 -0.058980235915727 -0.735595231393287 -0.639741988471813 1 1 0
"475" 0 0 0 -1.7335314776348 -0.579466814752287 -1.36779225878581 -0.904256901296851 0 1 0
"476" 0 1 1 -0.249178837901046 0.0773061742061976 -0.204295572782464 -0.0401869766778078 0 0 1
"477" 1 0 1 -0.344611513501524 -0.211087236547651 -0.191053344952607 -0.40662193274315 0 1 1
"478" 0 0 0 0.427615387580939 -0.0606556538538852 -0.382055068047217 -0.00211185880169799 1 0 0
"479" 0 0 0 -0.824350146775279 -0.526757665226921 -0.486702376068711 -0.138892386730026 1 0 1
"480" 0 1 1 -0.788334685132049 -1.22021482748514 -0.677508377775951 -0.22613013920206 1 1 0
"481" 1 0 0 -0.651620137967622 -1.21388762521044 -0.63490355354048 -0.813131293790115 0 1 0
"482" 0 1 0 -0.724670151721051 -0.547141219211734 -0.543474581002356 -0.139355102495527 1 1 1
"483" 1 1 1 1.88701944288716 1.48426593858447 1.92237822842614 1.36514199060298 0 1 1
"484" 1 1 1 -1.42633921525312 -0.958287884876072 -1.10454705125973 -0.732309417661109 1 1 1
"485" 1 1 1 -0.687627677264864 -0.721092353083813 0.092874216133447 -0.370886127328449 1 1 1
"486" 0 1 0 -1.73774482986324 -1.46308474469784 -1.65511959193096 -1.51349784352152 1 1 1
"487" 1 1 1 -1.01424946989136 -0.242698855985979 -0.695515288164146 -0.054304783218371 1 0 0
"488" 0 1 1 1.07996288502276 1.37747555214113 1.54505682026507 0.948870978645714 1 0 0
"489" 0 1 1 1.31265660982786 0.95852901846711 1.24034119374722 1.25971322682038 1 0 1
"490" 1 1 0 0.929755092255197 0.54388238364044 1.03355569053428 0.729444400065247 1 0 0
"491" 1 1 0 0.362551667547521 0.718284374000265 0.199093766764271 0.0559484954224042 1 1 0
"492" 1 0 1 0.0798955858752286 0.0266412148930781 0.517724865900673 -0.0338076701717633 0 0 0
"493" 1 0 1 -1.4105456441126 -0.954253090517019 -1.04006884255636 -1.06801705469453 0 0 0
"494" 0 1 1 0.086746113620719 -0.0707405082140061 0.0601054458242827 0.191518921524383 1 1 0
"495" 0 0 1 0.672482643837628 -0.238009010453991 0.448626114404473 0.261057925419097 0 1 0
"496" 1 0 0 -1.59313104709391 -0.85868568220614 -1.73405205867443 -0.732860556564843 0 0 0
"497" 0 0 0 -1.52895940009665 -0.54066476267369 -0.717576678671947 -0.464050495331476 1 0 1
"498" 0 1 0 1.51044336227859 1.50218098399189 1.01573964300263 0.845266410314163 1 0 0
"499" 0 0 1 -0.930451940929429 -0.433563235528359 -0.529511601728405 -0.553098185667186 1 1 1
"500" 1 1 1 1.85097271486484 1.13372633622065 1.72450139899505 1.42137509493669 1 1 1
