"V1" "V2" "V3" "V4" "V5" "V6" "V7" "V8" "V9" "V10"
"1" 1 1 0 0.785106488023409 0.675264430467625 1.00732517167572 0.72315445892781 0 0 0
"2" 1 1 1 1.72546843797867 1.5115736040274 1.71027897897679 1.39445886541365 0 1 1
"3" 1 0 0 0.759488598222879 0.498351767376862 0.553173329016171 0.970771725610257 0 1 1
"4" 1 1 1 -0.424350170963589 -0.274461552222597 -0.359479190464379 -0.410966169737421 1 1 1
"5" 1 0 1 -1.14610070356437 -1.37433585505725 -1.06022686558361 -1.27339745796679 1 0 0
"6" 0 1 1 0.903300952890353 0.299781898250147 0.32801755914792 0.401437151705401 1 1 0
"7" 1 1 1 -0.622509589968995 -0.614405887661471 -0.800821063859534 -0.858458706842786 1 0 1
"8" 0 0 0 -1.15373754476554 -0.377887112792674 -0.838139109041713 -0.336856285281886 0 0 1
"9" 1 1 1 1.25239247240746 1.47033874527014 1.83531278031469 0.966167081411893 0 0 0
"10" 1 1 1 -1.53646371783164 -1.08134065423323 -0.959065384253489 -0.411586266325705 1 1 1
"11" 0 0 1 0.427024592608057 0.711987631993903 0.935796120710301 1.07819700387661 1 0 0
"12" 1 1 1 0.415421717151459 0.227017551372617 -0.257974640696843 0.290108586851539 0 0 0
"13" 0 1 1 -0.235106169914592 -0.724704388687374 -0.556804872775393 -0.695277586363309 0 0 1
"14" 1 0 1 0.374621218861324 0.642644556803479 0.685724636363123 0.181494008739212 1 1 0
"15" 1 1 1 0.00967213861391569 -0.593954576486961 -0.0937932214007327 -0.0753368206306664 0 1 0
"16" 0 1 0 -1.14324623386612 -0.485982232246072 -1.236911601839 -0.557916092498675 0 0 1
"17" 1 0 1 0.526220204403927 0.470593294980204 0.289867074149904 0.502971287032716 0 1 1
"18" 1 0 1 -0.420561449099882 0.270349002896933 -0.45386463094989 -0.443963140892842 0 0 0
"19" 1 1 1 -0.240719148411472 -0.499096191693614 -0.728593564486013 -0.348074906662385 1 0 0
"20" 1 1 1 0.96142251252243 1.03203299890059 0.98234669785687 1.02135127694991 1 1 1
"21" 0 1 1 -1.65008739525377 -1.18728388849206 -1.67045178762032 -1.08187827183027 0 0 1
"22" 1 1 1 1.66717805017681 1.29991520197727 1.62317331237892 1.02697480146206 1 1 1
"23" 1 1 1 0.891779408363252 0.32709441447863 0.906188394731168 0.760420058743581 0 0 0
"24" 1 0 1 -0.659924813896769 -0.217972929639125 -0.268450046837001 -0.730034373669505 0 0 0
"25" 0 0 0 -1.19932113256452 -0.684094363183081 -0.825557776544112 -1.04011705129108 0 0 0
"26" 1 0 1 1.07218115723846 0.181160232840495 0.713248235047727 0.395864381346111 0 1 0
"27" 1 0 0 0.378019906671112 0.166813745907302 -0.137619878601292 -0.17212572790841 1 0 0
"28" 0 0 1 0.317692521044606 -0.45225293712716 0.125737816508 0.228443225394432 0 0 0
"29" 0 0 0 -2.165984310197 -1.55509604284165 -2.01019570305619 -1.55811158943258 0 0 1
"30" 1 0 0 -0.917396518777539 -1.09687305591083 -0.883777686488692 -0.816829355721207 0 1 0
"31" 1 0 0 1.21745810755545 0.948828342284895 0.570524170352102 0.963833102102201 0 1 1
"32" 0 1 1 -0.233929346277132 0.0563761644738133 0.197856375837462 -0.0691570622007189 0 0 1
"33" 0 1 0 0.297337781162937 0.20153625338098 0.0611049499573917 -0.593776646332337 1 0 1
"34" 1 1 1 0.42108942381912 0.0797501142420773 0.490284989037189 0.311007332910526 0 1 0
"35" 0 0 0 -1.38067441840942 -0.85487657384046 -1.52255935095842 -1.54579917767627 0 1 0
"36" 1 1 0 -0.187939250203828 0.0353270234547045 0.268077267285107 0.128532780667316 1 0 0
"37" 0 0 0 -0.267192995950347 -0.732474736465288 -0.401788155823005 -0.0601310626314013 0 0 1
"38" 1 0 1 -0.249763773721806 -0.096921860207247 -0.590455539974717 -0.279470863886445 1 0 0
"39" 0 0 0 -0.346677713138946 -0.207996792229282 0.033788157075282 0.255573560621824 1 0 1
"40" 0 0 0 -1.39602035140255 -1.34071071254958 -1.96080660963238 -1.07466132527013 0 0 0
"41" 1 0 0 1.14724437935032 1.08002685192636 1.33227876035863 0.841082293349704 0 0 1
"42" 0 0 0 -0.863389640668452 -0.768557504237806 -1.08312791865592 -0.824382446379766 0 1 1
"43" 1 1 1 0.415793706428649 0.0264677505197273 0.681333782796366 0.522827136170913 1 0 0
"44" 1 0 1 -0.235318038613721 -0.872234160355401 -0.422361539732601 -0.586934205548158 1 0 0
"45" 1 1 1 -0.200212749201465 0.342951844976615 0.147425394154317 0.115642088786712 0 0 0
"46" 1 1 1 2.55961970298571 1.81395164576919 2.77012779425562 2.4032008902651 1 1 0
"47" 0 0 0 -1.71784522290148 -0.95557608655799 -1.73870412937192 -1.32989646941142 1 1 1
"48" 1 1 1 2.12488935471937 1.45122430852534 1.50066383824621 1.89828515815608 1 1 1
"49" 1 1 0 0.120423197372334 -0.178665088232668 -0.390739332846467 0.218311303582774 0 0 1
"50" 0 1 1 0.410992187410902 -0.075730366167574 -0.0282929471953297 -0.279858673687385 0 0 1
"51" 1 1 1 0.802868156594485 0.0372866273231677 0.661908475522303 0.268178857580678 1 1 1
"52" 1 0 0 0.104852845350745 -0.00558233891004292 0.208942602516049 0.603707017528339 1 1 1
"53" 1 1 0 0.780476113110569 0.496530342733551 0.615555006821075 0.728874346804701 1 1 1
"54" 0 0 0 0.287529717742175 -0.0699264855326216 -0.176722383402998 0.0531368974321199 1 0 1
"55" 0 0 0 -0.963071141900819 -0.164478026366834 -0.815252465826661 -0.40095580916076 0 0 1
"56" 0 1 0 -0.155684974328485 -1.00854191994332 -1.08084820895883 -0.644781185472441 0 0 1
"57" 1 1 1 -0.551137147745991 0.0347238801514715 0.144899204420768 -0.0384681644089607 1 1 1
"58" 1 1 1 0.166436791449123 0.115518900189236 0.578671608859455 0.0991827019488598 1 1 1
"59" 1 1 1 0.367454891417408 -0.279531915762569 0.389784091800536 0.220771953190096 1 1 1
"60" 1 1 1 0.917979257420898 1.1140760972975 0.864110586239986 0.949196783459236 0 0 1
"61" 0 1 0 -0.752131793431994 -0.222013023488132 -0.615475633437462 -0.250722343406154 1 1 1
"62" 1 0 1 -0.141086408729086 -0.701891912299071 -0.665153484861965 -0.597732146063717 1 0 0
"63" 1 0 1 1.4338743511224 1.04724224343002 1.34336039547663 1.39079934988379 1 1 1
"64" 1 1 1 0.282113486635863 0.150394263213146 0.454816636318789 -0.0217570171589498 1 1 1
"65" 0 1 0 -1.98402769339271 -1.90484692424936 -1.9715682602306 -0.88194187850038 0 0 0
"66" 1 1 1 1.06699343239558 0.257130342873058 0.348746565182841 0.337889098394801 1 1 1
"67" 0 0 0 0.282045699252231 0.618518754070964 -0.164109921777754 0.205870645479976 0 0 0
"68" 1 1 1 0.881537529552129 0.485099464814621 0.634522535942966 0.374496256386639 0 0 0
"69" 1 0 0 0.506187930118481 0.107418897500418 0.390189767867446 0.116885823090083 0 0 0
"70" 0 0 1 -0.513222557745961 -0.44269419680567 -0.329716438809147 -0.189686785738385 1 1 0
"71" 1 1 0 -0.458780096936842 -0.0699968450584654 0.171554257248552 -0.00705054672388377 0 1 1
"72" 0 1 0 -1.22313241403622 -0.653501491802073 -1.39382399086204 -1.08115872256562 0 1 1
"73" 1 1 0 -1.58641961040317 -1.41759512255283 -1.91576751478669 -1.27719374449499 1 1 1
"74" 0 1 1 0.475306527759216 0.370691661956874 1.20113181469795 0.598867316974033 1 1 1
"75" 0 0 0 1.55231121781449 0.871256872751859 1.08779183733383 1.20856486950278 0 0 0
"76" 0 1 1 1.57284274422485 0.968933565000865 1.13376165579163 0.571494980941894 0 1 1
"77" 1 1 1 1.85338763690553 1.5843851636961 1.34144382117014 1.18155724052529 1 0 0
"78" 0 0 0 -1.13991679706973 -0.668992415527853 -0.925132460083506 -0.95817828251157 1 1 0
"79" 0 1 1 -0.162198373076879 -0.250607504003479 0.0343937668605016 0.0301107774607404 0 1 1
"80" 0 0 1 1.34853676120574 0.684021067400874 1.10595726188071 0.951288821301553 1 0 0
"81" 1 1 1 -0.112836153857473 0.389288465513994 0.607831146431365 0.46697288483853 0 1 1
"82" 0 0 0 -0.73853408970324 -0.539277512847985 -0.505866130310026 -0.27876130425114 0 0 0
"83" 1 0 1 -1.24987607951143 -1.08715636974346 -0.86333992769585 -0.843352323255141 1 1 1
"84" 1 1 1 0.838344352237711 0.353473857781259 0.473582876929719 0.483019391035323 0 0 0
"85" 1 1 0 1.78859196884886 1.10563357352221 0.817207774110382 1.08694964890914 0 1 1
"86" 1 0 0 -0.411476109084556 -0.561779977152346 -0.24103737379014 -0.359390574753459 0 0 1
"87" 1 0 0 -1.03646938365322 -1.37103791875096 -1.545275388016 -1.22412985253229 0 1 0
"88" 1 0 0 -1.99262414650703 -1.82490214651049 -1.60937929760887 -0.929603081586639 0 1 0
"89" 1 1 0 2.49856484060829 1.70099553527899 2.2336332092455 1.63639398696864 0 0 1
"90" 0 1 1 1.69890487628447 1.33387861112887 0.836562681128705 0.780588382143182 0 0 0
"91" 1 0 0 -1.43097774711653 -1.00470566598538 -0.968720919462309 -0.889826201020931 0 1 0
"92" 1 1 1 1.13244057175258 0.757200770928866 0.766225107308301 0.819664144979156 0 1 1
"93" 1 0 0 1.18433604490258 0.749528906268954 0.451768873233087 0.985147489681507 1 0 0
"94" 0 1 1 0.145244768268955 0.1049120986598 0.00819589356326145 0.164315524175581 0 1 1
"95" 1 1 1 1.22566124021772 1.05051346818136 0.942987279451905 0.603026896100841 1 1 0
"96" 1 1 0 1.23273939596428 1.29442769953948 1.36919421685972 1.1615485255595 0 1 0
"97" 1 1 0 -0.0763801218416411 -0.0229332359426395 -0.350142276363993 -0.0167896180110112 1 1 1
"98" 1 1 1 0.612002084178836 0.264554608540421 0.11012013276074 0.354727626112028 1 1 1
"99" 1 1 1 1.09522504991655 0.332268445582339 0.577177207787025 0.45933100061732 1 1 1
"100" 1 1 1 0.834503705188988 0.318721002684621 0.79327995646664 0.50268427296822 0 1 1
"101" 0 0 1 -1.44518949634828 -1.32042542439677 -0.967908060294536 -0.97790168316112 0 1 0
"102" 0 0 1 -0.549953277552995 -0.821041872957675 0.108077527940348 -0.761722776207118 1 0 0
"103" 1 0 1 0.350505513800521 0.206492843040021 0.181443051711036 -0.0863343584141335 0 1 1
"104" 0 0 0 -1.3325904541349 -1.38512957877042 -1.28686557683379 -1.32207282448263 1 1 1
"105" 0 1 0 2.55263493706106 1.88022850035502 1.84379395395306 1.12620746805626 1 1 0
"106" 0 1 1 -0.646610307713694 0.015867923077153 -0.580432661804848 -0.775693604531347 0 0 0
"107" 0 1 1 -1.37772504001808 -0.898365762711566 -0.747955551521438 -1.11092301975831 0 0 0
"108" 1 1 1 1.91486515678915 0.791431423266157 1.01374010908106 1.07020661411995 0 1 0
"109" 1 1 1 0.402431260485755 1.08182420488553 0.243299595709643 0.0382044983910432 1 1 1
"110" 1 1 0 1.78360745195635 1.11045036249098 1.18632636533416 0.984296936740371 1 1 0
"111" 0 1 1 0.529856006952084 -0.154066048205431 -0.264165365377192 -0.394346501247473 1 0 0
"112" 1 1 1 -0.270100672379114 -0.641999322069263 -0.0123239069688097 -0.430617603308945 0 1 1
"113" 1 1 1 -1.33346839448103 -0.872940588932995 -0.853124789993269 -0.954509944902563 0 1 0
"114" 0 1 1 0.915121012310304 1.19801213704517 1.22975771144794 0.480812227543156 0 0 1
"115" 0 1 1 1.34700377682576 0.688488836279801 1.16784769127035 1.24808126526984 0 1 1
"116" 0 0 0 -0.432905274772133 -0.81231195630945 -0.118090198696472 0.0432472624905992 1 0 1
"117" 0 0 1 -1.01695960686803 -0.523345356723743 -0.393858669896584 -0.997481856720685 1 0 1
"118" 1 1 0 -1.35909683229268 -1.40270752168497 -1.51183867203079 -1.1171911590122 0 0 1
"119" 1 1 1 0.861226855500195 0.461630843033789 0.949425899546372 0.571004526051408 1 1 1
"120" 0 1 1 1.97494017107517 1.03659630238724 1.33940880145365 1.11550117610138 0 0 0
"121" 1 0 1 0.67545431242997 0.420044398959064 0.794301212149387 0.497817114134624 1 1 1
"122" 1 0 0 -0.0457128482977821 -0.188621470086916 -0.72502234829826 0.3105817517342 1 1 1
"123" 0 0 0 -0.835745140346642 -0.577678183336988 -1.29037912285155 -0.498812553888312 0 0 0
"124" 1 1 1 -0.736550934539631 -0.675904056286495 -0.494278679537349 -0.0144303108343392 1 0 1
"125" 0 0 1 0.263271770702199 0.176798199485047 0.189443604949361 0.20695191077946 1 1 0
"126" 0 0 0 -0.872853317078742 -0.8951479238068 -0.647289923875357 -0.574830021842081 0 0 0
"127" 1 0 1 1.79766999112621 0.860433629701481 1.48378737147025 0.704496954523512 1 0 0
"128" 0 0 1 0.0113029498036456 -0.482587273578225 -0.0978871647531054 -0.0589359463902168 0 0 0
"129" 1 1 1 0.600207755380636 0.572729494079245 0.311577692018501 0.230314446728579 0 0 1
"130" 0 0 1 1.10476561802323 0.38131879460261 1.01154251589238 0.982856082485407 0 1 1
"131" 1 0 0 0.351735794166432 -0.0559600898962221 0.240524466308937 0.229629927847851 1 0 1
"132" 1 1 0 0.708649485312762 0.479145090658147 0.176120929697577 0.470471770718623 1 1 0
"133" 1 1 0 -1.54130791820289 -0.687655161006627 -0.695617794244482 -1.2949298801065 0 0 0
"134" 1 1 1 -0.626798843593506 -0.708076701986145 -0.69621724753263 -0.538253036142955 1 0 0
"135" 1 1 1 0.566554422017774 0.54526602725466 0.874115587297204 0.663883692231645 1 1 1
"136" 1 0 0 -0.422408130238025 -0.306337350063742 -1.08297364079324 -0.817564869008054 1 0 0
"137" 1 0 1 -0.078851945219565 0.259103247134216 -0.28239293587269 0.158476680408394 1 1 0
"138" 0 0 1 -2.66146874031494 -1.6474910432605 -2.1939615319108 -1.95874120009003 0 0 0
"139" 1 1 0 0.974854345147977 0.529936416904644 0.589386237012694 0.406697288963382 1 1 1
"140" 0 1 1 -0.0410825289684774 -0.386595318217423 0.248555425354874 -0.019122690055331 0 0 1
"141" 0 0 0 -0.0879698736666827 -0.936252082406738 -0.391006898489923 -0.461087341904769 1 1 0
"142" 0 1 1 0.116336097804986 0.087062496354556 0.554705527503976 0.388421015681053 1 1 1
"143" 0 0 1 -0.793499738999739 -0.351054216936536 -1.32489806561249 -0.929676337410012 0 0 1
"144" 0 0 0 -0.705191227149332 -0.488605814039424 -0.688484629239544 -0.443160800421332 0 0 0
"145" 0 1 1 -0.0355046108158018 0.0352006742532006 0.210924060064832 0.013097980050271 0 0 0
"146" 1 1 0 -0.100622532077736 -0.803404580247089 -0.838484101168146 -0.0210608464148526 1 1 1
"147" 0 0 0 -1.99515621062223 -1.43037873667043 -1.3879980853656 -1.28040950923511 1 1 1
"148" 0 0 1 -2.91059138568011 -1.79325750438507 -2.53811463296257 -1.80069351725066 0 1 0
"149" 1 0 1 -2.72727404957701 -2.19646237116605 -2.15444287069795 -1.68714570968875 1 1 0
"150" 1 1 1 0.202808083037638 0.160147484778963 0.394542078723752 0.288117494680584 0 0 1
"151" 1 0 1 -1.2015027365224 -0.269096757095444 -1.18635604409169 -0.390110785100781 0 0 0
"152" 1 0 0 1.08082448861871 0.436584126757101 0.985400481735736 0.902134441169505 1 1 0
"153" 1 1 1 -1.73568350464243 -1.03083058591382 -1.20172991907698 -1.69367410498991 1 0 0
"154" 1 0 1 -1.41850093224656 -1.04203232694521 -1.30973469910432 -0.374905904487852 1 1 0
"155" 1 1 1 -0.919695124287218 -0.31288233142688 -0.236486229280391 -0.593180503542598 0 1 0
"156" 1 1 1 -1.76224675830804 -1.42765403588142 -1.7425130833453 -1.47382843976667 1 1 0
"157" 1 1 1 1.08030381772112 0.684569927218111 1.11107858183132 0.949263579945895 1 1 1
"158" 1 1 0 1.66771959154228 1.32623317177503 1.29463999770317 0.740149375888831 1 1 0
"159" 1 0 1 1.79914478096207 1.39745536883644 1.12028482515178 0.57538041943182 0 0 0
"160" 0 0 0 -1.92951725113586 -1.15912133197846 -1.95531369390379 -1.43692896801406 1 1 0
"161" 0 1 1 -0.230704394912382 -0.114069138642364 -0.118458537597279 -0.14355911375849 1 1 1
"162" 1 1 1 1.2214943594785 1.19406140472053 1.92497008600099 1.56035281209173 0 1 1
"163" 1 1 0 -2.01134874356955 -1.39807653156076 -1.81142711976477 -1.46244687334242 1 1 0
"164" 0 0 0 -1.10474879661249 -1.0808484994757 -1.24764267320422 -0.75541355466167 1 1 0
"165" 0 1 1 -0.512648520703312 -0.168158597765364 -0.564290988906985 -0.402818308615178 0 0 0
"166" 0 1 1 -0.920963012006085 -0.710789155352631 -0.35549765300381 -0.613183313097921 0 0 0
"167" 1 1 1 0.478514329814722 0.154016259838882 0.604942796379156 0.595004233399472 1 0 1
"168" 0 0 0 -0.0896942659743728 -0.198214308384691 -0.35343791474761 0.0253458309295406 0 0 0
"169" 1 1 0 1.1929826327019 0.0937655566983426 1.40550770514132 0.745772133503768 1 0 1
"170" 1 1 1 0.780371561102803 0.383449543191888 0.553762293841731 0.0309893033732435 0 1 0
"171" 1 0 0 1.16059320379897 1.20606533762853 1.80926448345436 1.18690223277114 1 1 1
"172" 1 1 1 -0.0923334733521046 0.0836717931738399 0.058231465092076 0.349709662488357 1 0 0
"173" 0 0 0 0.670128117145722 1.2197336351556 1.48058892616473 0.803000922344137 0 1 0
"174" 1 0 0 0.033806108851401 -0.708159026026301 0.178028132442143 0.238185531575865 0 0 0
"175" 1 1 1 -1.37220625492768 -1.10753904215844 -1.53460258053048 -1.26495097713688 0 0 0
"176" 1 1 1 -0.910492229414282 -0.417172600063002 -0.559830386354045 -0.00834526698868976 1 1 1
"177" 1 1 1 1.83923353197166 1.49825849426633 2.03733789248241 1.08951246611972 1 1 1
"178" 1 1 1 0.514731370071642 0.17249243392612 0.192361716905569 0.312556503414958 0 1 1
"179" 0 0 1 -0.0909810389742428 0.362258758831342 -0.458756813217259 -0.324452018996372 0 1 0
"180" 0 1 0 -0.536705789261297 -0.345483393402326 -0.409550648706895 -0.838567173525025 0 0 0
"181" 0 0 1 -2.12699255899665 -1.47913763103313 -1.96587833707906 -1.38090553660169 0 1 1
"182" 0 0 0 -0.691591223332444 -0.444060206878829 -0.783558660878638 -0.619876149642748 1 0 0
"183" 1 0 1 -0.0110534387509294 0.068327123791851 0.360428221247063 0.214741862798248 1 1 0
"184" 0 0 0 -1.21307172144724 -0.92609144537568 -1.23857359596129 -0.829441330260339 0 1 0
"185" 1 0 0 -1.29636875889434 -1.2290544778619 -1.5072916046296 -0.738329144162328 0 0 1
"186" 1 1 1 0.0912487245675487 0.0453326549422205 0.0667338107484697 -0.259218148139284 0 1 0
"187" 1 1 0 -0.230880219441962 -0.441705252465637 -0.2072134471457 0.0613779754546434 1 0 1
"188" 1 0 1 -1.52740715735333 -0.962620954545474 -1.76012673487989 -1.41054410641835 0 1 0
"189" 1 0 0 -0.361146089974584 0.0275335068119492 -0.66033813602417 -0.17472223994114 0 1 1
"190" 0 1 0 0.42542691694022 0.17045356845721 -0.293078774069078 0.104789611182759 1 1 1
"191" 1 1 0 0.225062227365754 0.440710187265967 0.272848607496463 -0.0109982415434612 1 0 0
"192" 1 1 1 0.624058830012618 1.36180183235823 1.06929985617474 1.04841109739567 1 1 1
"193" 0 1 1 -0.237784056860923 0.271244948824263 -0.0763027269507735 -0.501092866211625 1 1 0
"194" 0 1 1 1.13046456315448 0.120131470278504 0.728930380648583 1.03144953834928 0 1 1
"195" 1 0 1 -0.302214211028165 0.387057692417398 0.0851066883294452 0.607901081772208 1 1 1
"196" 0 0 0 -1.65115816547707 -0.861429961859024 -1.33931155474425 -0.800433769872493 0 1 0
"197" 1 1 0 0.949778307834488 0.802166839204252 0.894265064633384 0.820627455314982 0 1 1
"198" 1 1 1 -0.146794696601449 -0.0337564302105313 -0.233400572421384 -0.125285701688877 1 1 1
"199" 0 0 0 -0.74280203520352 -0.452834545011949 -0.561047682496772 -0.775810118065933 0 0 1
"200" 0 1 1 -0.614007781096359 -0.369281664029377 -0.523252338387297 -0.421776146957402 1 0 0
"201" 0 1 0 -0.591925365184961 -0.0579491419342447 -0.261191703421072 -0.342985277268496 1 0 0
"202" 1 1 1 0.0977265902951931 -0.598495355520765 -0.161219726100202 0.417301658425615 1 0 0
"203" 0 0 0 -0.889866945769641 -0.764998683521692 -0.700150771688374 -0.685263242295268 0 1 0
"204" 1 1 0 -1.17351972469257 -0.713059280375703 -0.993253661089448 -0.486361674066397 0 1 1
"205" 1 0 1 -0.344763465826102 0.641048032449187 -0.278821973256298 0.0915931990383148 1 1 1
"206" 1 0 0 -0.831912859201761 -0.0541788802373748 -0.105867117715389 -0.16254741011574 1 1 0
"207" 0 1 0 -0.544091508596368 -0.318432300705853 -0.861007279225577 -0.109620463407993 0 0 0
"208" 0 0 1 -0.396175778861532 -0.502664442884941 -0.414090289249038 -0.262044816654684 0 1 0
"209" 1 1 1 0.427007706983943 -0.497961187854544 0.0838583230150343 -0.0418276019172466 1 0 0
"210" 0 0 0 1.27257681602985 1.02058800891764 1.44274867387569 1.22217422086773 1 0 1
"211" 0 0 1 -0.484787691894212 -0.700299255130136 -1.0328514869132 -0.6479123998382 1 0 1
"212" 0 0 0 -0.905952691396661 -1.56482940266133 -0.96813400519677 -0.666760784534046 0 0 0
"213" 1 0 0 -0.1801286295908 -0.171833735640941 -0.0996169963925646 0.105372884205504 0 0 1
"214" 1 1 1 1.74401138398675 1.08094400046637 0.806079390084799 0.985886126042959 1 1 1
"215" 0 0 0 -0.319807626609843 -0.347771511418823 -0.378593718017599 -0.137075895088881 0 0 0
"216" 0 1 0 -0.3406032384678 -0.133384951889443 -0.129317631628898 -0.366154153466927 0 1 0
"217" 1 1 0 0.80983967598219 0.671533164067098 0.889421308285304 0.317526991046266 0 0 1
"218" 1 0 1 1.93754199990528 0.961264843562954 1.66088265472993 1.28595389496215 1 1 0
"219" 0 0 0 -1.05167857685739 -0.58630158676944 -0.753710918290461 -0.779399548027917 0 0 1
"220" 0 1 1 1.00403792181587 0.407550831143835 0.514844171144989 0.351608353090753 1 0 1
"221" 1 0 0 -1.27087899823611 -0.890553114907805 -0.362487144712106 -0.0644139350171751 0 1 1
"222" 0 0 0 -0.611047107839894 -0.0921222512170624 -0.629964286510827 -0.639477523639676 0 0 1
"223" 1 1 1 2.13089535756235 1.47634994318331 2.1379354734299 1.04199419352713 1 1 1
"224" 1 1 1 0.811768034599889 0.635254036031787 1.01061300522756 0.199743476995504 1 0 0
"225" 1 1 0 -1.69208631734296 -0.752002233581712 -1.21243436699104 -1.20364384443463 1 1 1
"226" 1 1 0 0.413822326249068 0.550895290161402 0.903332863369978 0.683357156162457 0 0 0
"227" 1 0 0 -0.253196524628885 -0.460583942044973 -0.258378069822022 0.173604649397605 1 1 1
"228" 1 1 0 -1.0202868938947 -1.33697444969082 -1.23330135606368 -1.40292156504683 0 1 1
"229" 0 0 0 0.5117257373278 0.516506326740017 0.74819388330271 0.557888084063831 0 1 0
"230" 1 1 1 0.48504899856147 0.243526751699545 0.0106093902384577 0.0963780455194754 1 0 1
"231" 0 0 1 -0.738953448796081 0.0807386121244008 -0.321242069258127 -0.00454804114295984 0 0 0
"232" 1 0 0 -0.516911427025497 0.192113388505159 0.0296412841183418 0.207670652099558 0 1 0
"233" 0 1 1 -0.727300745407978 -0.560266780024575 -0.313304031832841 -0.426735554014193 1 1 0
"234" 1 0 0 -1.0658007057626 -0.559016554266042 -0.969380785933467 -0.670542030736488 0 0 1
"235" 1 0 0 -0.591711210695132 -0.163079291376061 -0.0952953327369568 -0.624561181587935 1 1 0
"236" 0 0 1 -1.10548648947854 -0.348888190758331 -0.735997595924552 -0.797384961280688 1 0 1
"237" 0 0 0 -0.816281669564151 -0.739381957683027 -1.03280418587147 -0.773589477814675 0 0 0
"238" 0 1 1 0.484602924328041 0.174731278208997 0.315579300512289 -0.269035492625911 1 0 0
"239" 1 1 1 0.612909105228903 1.04063550646223 0.270589094049946 0.148912211776129 1 0 1
"240" 1 1 0 0.728455227741096 0.178048297045381 0.0228589448798092 -0.0358430364973887 1 1 0
"241" 1 0 0 -0.2462431821243 -0.189621045667646 0.346890322597019 0.0451583048352201 1 0 1
"242" 0 0 1 -1.80716986282792 -1.84281811981704 -2.17507967103346 -1.9626181511212 1 0 1
"243" 0 0 0 -0.191095077111501 -0.0275722767267105 -0.331170275653805 -0.0692120352191769 1 0 1
"244" 0 0 1 -0.721018042355017 -0.461012271878675 -0.967185989309587 -0.194643933530286 0 1 1
"245" 1 1 1 -0.696340894305947 -0.133555223102164 -0.530892882990735 -0.143692684054336 1 0 0
"246" 0 0 0 0.184887910148355 -0.192464726761313 -0.0792656922686451 -0.322186964424695 1 0 1
"247" 1 0 1 0.676073356965539 0.117515218439797 0.312491124511582 0.247546177449297 0 0 0
"248" 1 1 1 -2.76378583603151 -2.58955659412744 -2.68861987155013 -1.80350580434657 0 1 1
"249" 1 1 1 1.69572896552096 0.855501570680419 1.97946391269921 1.07478294290476 0 0 0
"250" 1 1 1 1.20384495369127 1.24468639637769 1.49276336237291 1.14367647330076 0 0 0
"251" 0 0 0 -0.771981122991423 -0.876971717602401 -0.853013462352857 -1.00271717153896 0 0 1
"252" 1 1 0 0.662212040217134 0.747763853763457 1.19306277524452 0.422330450744107 0 0 1
"253" 1 1 0 -0.83100783873812 -0.562074421300414 -0.831863223993293 -0.550060770105726 0 1 0
"254" 0 1 0 -2.29602726846107 -1.80842862769262 -1.97249313467345 -0.943258100351565 1 0 1
"255" 1 1 1 -0.171181150593024 0.214080314663561 0.518435137240514 -0.169939591058567 0 1 1
"256" 1 0 1 0.607426821029113 0.11855990531381 -0.000702616115459465 0.0932113781575284 1 0 1
"257" 1 1 1 -1.36415901073106 -0.60127119450417 -1.10719462333876 -0.557082942580048 1 1 0
"258" 0 0 0 -1.98059000174197 -1.3118491452077 -2.25143525450995 -1.78563674069352 0 0 1
"259" 0 0 0 -0.933255702022946 -0.943429307085355 -0.91664523421356 -0.907478482227568 0 0 0
"260" 1 1 0 1.068111698696 0.377105106185937 0.937845047477809 0.178418082572806 1 1 0
"261" 1 0 1 -0.20901709385531 -0.152439034556791 -0.0311467938093585 -0.0823145155972811 1 0 0
"262" 1 1 0 -0.69083582862938 -0.560493033734874 -0.706629685285829 -0.484875675968335 1 1 1
"263" 1 0 0 0.508789952834483 0.125142400487985 0.0246358166944783 0.423766900565331 1 1 0
"264" 1 0 1 -1.16225913551001 -0.591728120649276 -0.711004882245661 -0.644593416109049 0 1 0
"265" 0 0 0 -1.70009104814701 -0.294799200981599 -1.38411278653722 -0.307163323055307 0 1 0
"266" 0 1 1 -0.188157269836826 0.441905986778863 -0.212613812820133 -0.521856880427836 1 1 1
"267" 0 1 1 -1.29453863403723 -0.790315144263092 -1.43830622218015 -0.951272583214281 0 0 0
"268" 1 1 0 0.212901492134248 0.422921638791132 0.462117066628435 0.852011742057508 1 1 1
"269" 0 1 1 0.298562341625082 0.0176526449184387 0.175040478542925 0.427183132639651 0 0 1
"270" 0 0 1 -0.559725773297891 -0.450278658995973 -0.260944739026322 -0.535128076332264 1 0 0
"271" 0 0 0 -1.0763792524451 -0.448887843071036 -0.996752470507457 -0.504865415802259 0 1 1
"272" 0 1 1 -1.49883036886331 -1.4295697697551 -1.11546449393246 -0.765757740911534 0 0 1
"273" 0 0 0 -0.719350278267099 -0.303118700631553 -0.52032759147163 -0.502298846845261 1 1 0
"274" 0 1 0 0.255278656801202 -0.0209601566868728 0.0646830604858148 -0.177782149384355 1 1 1
"275" 1 1 1 1.49546168069338 0.76189984046734 0.961215507690928 0.816361475116072 0 1 0
"276" 1 1 1 0.422131004609963 -0.00750785376598245 0.593110245919175 -0.104694631912508 0 0 1
"277" 1 1 0 -1.40456157679893 -0.718041474821063 -1.5467060167063 -0.559676318728431 0 0 0
"278" 1 1 1 0.878219268586686 0.573607818974717 0.485948510568011 0.346184261535175 0 0 0
"279" 1 1 1 -0.11907427998803 0.355137711159631 0.0566735487928051 0.0167430445619011 0 1 0
"280" 0 0 0 -0.65197433695472 -0.446525170814128 -1.13823703768892 -0.953607011509679 0 0 0
"281" 1 1 1 0.472160171457566 -0.165634812617168 -0.0748432478516191 0.0847168040014921 1 0 0
"282" 0 0 0 1.1441502954604 0.455987440688971 0.676226359595956 1.22434598088012 0 0 1
"283" 1 1 0 -0.402552590921137 -0.188880195240131 -0.0611770573736832 -0.511786525664398 0 0 0
"284" 1 1 1 2.37574857240143 0.939566510104856 1.39174312376184 1.40819819391475 0 1 0
"285" 0 0 0 -1.79841077875374 -1.4166307174001 -1.20447165105853 -0.669167892609663 0 0 1
"286" 1 0 1 1.09923743325988 0.798555352820237 0.323914902737121 0.766607042875162 1 0 0
"287" 1 1 1 -0.659211495191576 0.131803328527133 0.19555886699498 0.00829022602556548 0 0 1
"288" 0 1 0 0.0958268624488363 -0.139385428007262 0.31694319217795 0.313838820216298 1 1 1
"289" 0 1 0 -0.0370303353803274 9.27227507278583e-05 -0.194806092202206 0.132247743873892 0 1 0
"290" 0 1 0 0.552827708240323 0.0879996452933966 0.0558224570628064 0.32374457441875 0 0 0
"291" 0 0 1 -0.458885216834924 -0.308861306873905 0.0733828620512399 -0.573444917589211 0 0 0
"292" 0 0 0 -1.1860469375641 -1.17266082139269 -0.989895149319251 -0.996114131358849 1 1 1
"293" 0 0 0 -0.816536906409019 -0.159071576083034 -0.720395128868254 -0.188365404859539 0 0 0
"294" 1 1 1 2.40091584130976 1.47749862106804 2.48686789017755 2.0829512078539 0 0 0
"295" 1 0 0 1.48478022508716 1.10855870200603 1.35772822806657 0.965574945089304 1 0 1
"296" 0 1 0 -0.12376367566424 -0.406373570995039 -0.16420091120855 -0.243524794295728 0 0 1
"297" 1 1 1 0.978483477512494 0.991342371012827 0.687400843164774 0.603976118040103 0 1 1
"298" 0 0 1 0.858947676375367 0.265886837346419 0.481409942215534 0.344116368369133 1 1 0
"299" 0 1 0 0.515839583732042 0.653599392701933 0.493968560605114 -0.167955312354632 0 0 0
"300" 0 1 0 -0.186511181016386 -1.16482302315485 -0.0231116860406511 -0.353336251892476 0 1 1
"301" 1 1 1 1.37570909398562 0.689090538341814 0.636068248052612 1.29995999235041 0 1 1
"302" 0 1 0 -0.623032943221146 -0.512778992355406 -0.866266979594948 -0.537505336820212 0 0 0
"303" 0 1 0 1.47331270967097 1.02854611926038 0.999179290503398 0.815918511514095 1 0 0
"304" 1 1 1 -1.04125893450051 -0.603989895513442 -0.304167976837889 -0.540394635804964 1 1 0
"305" 1 0 1 -1.84921665218678 -1.33052001669206 -1.30926386921503 -0.866555418145538 0 1 1
"306" 0 1 1 -0.519103611215464 -0.0881530664698975 -0.371994566047458 -0.696189954974523 1 0 1
"307" 1 1 1 -0.0618673298644032 0.492552433665149 0.583763124544077 0.389997908973711 0 1 0
"308" 0 0 0 -1.6516865481204 -1.22125264450495 -0.969111601315872 -1.17949069544806 0 1 0
"309" 1 0 1 -1.77462906566294 -1.42773887384964 -1.37350440679479 -1.17121865943334 0 0 1
"310" 1 1 1 0.589836332953588 0.48400101649798 0.345166635129078 0.0859575362858446 0 1 1
"311" 1 0 1 -1.61701562849847 -1.0852951109227 -1.5887570713433 -0.658008638975924 1 1 1
"312" 0 1 1 -0.341290620263892 0.261940125803987 0.381176648288641 0.0438111201644591 0 0 0
"313" 0 1 0 0.757730260153338 0.929004071269025 0.599847664042986 0.660435752067391 1 1 0
"314" 1 0 1 0.409846765733512 0.989805470179087 0.529002075146709 -0.111938380980466 1 1 1
"315" 0 0 0 -0.686786624252777 -0.0663208210683737 -0.570803683138845 -0.357015580670393 0 1 1
"316" 1 1 1 0.680906107769048 0.63434035357169 0.781964932902279 0.522998147473361 1 1 0
"317" 1 1 1 0.172716386476428 -0.0101545241683106 0.595143680646466 0.0720930360786437 0 0 0
"318" 0 1 1 0.683055467336762 0.299637964640982 1.0149720414737 0.673530616679653 1 1 1
"319" 1 1 1 1.79701339940881 1.06505232671828 1.48187259126222 1.47195397456302 1 1 0
"320" 0 1 1 0.718411689397398 0.345992906876922 0.737415130972567 0.540842831943162 1 1 0
"321" 0 0 0 -1.05209955333331 -0.947790616659324 -0.435828318050494 -0.480383164971582 0 0 0
"322" 1 1 1 -0.692960409352057 -0.732054707111982 -0.486387389281871 -0.997336176420619 0 0 1
"323" 1 1 1 -0.784739362593447 -0.65620994118211 -0.688655333009201 -0.639911364929452 1 1 1
"324" 1 0 1 0.588404116071107 0.125026291417042 -0.586538491902242 0.151970973781206 1 1 1
"325" 1 0 0 -0.515071520024625 -0.383689343277751 -0.60137287051351 -0.874449559538462 0 0 0
"326" 1 1 0 0.862946932376868 0.880340132687916 1.03476091871366 0.683354020797499 1 1 1
"327" 0 0 1 -0.898048482099045 -0.502954442111197 -0.413241615835828 -0.423682134581376 1 1 1
"328" 0 0 1 0.10594233668154 -0.196220463712596 0.0823976524966349 0.260069729660717 1 1 1
"329" 1 1 1 2.35887753343437 1.4452934299853 2.15724756131765 2.07008068736981 1 1 0
"330" 0 0 1 -0.328337510389281 -0.326326118127069 -0.863847116793611 -0.399626118659247 0 1 0
"331" 1 1 0 -0.539549309959912 -0.310867276598411 -0.268055404472164 -0.633246987796142 1 1 0
"332" 0 0 1 2.16073927893114 1.62432356654178 1.41943092741034 1.48350079616405 1 0 0
"333" 0 0 0 0.215417675965473 -0.143503547334559 -0.0852281579440229 -0.353733539513882 0 0 0
"334" 1 1 0 -1.0722106787095 -0.0606711504823729 -0.735018639908996 -0.605874369776495 0 1 0
"335" 1 1 1 2.49821004789011 1.16996713289686 2.05393388379703 1.64228742857492 1 0 1
"336" 0 1 0 0.0101370435887804 0.330549363911096 -0.0344201959187875 -0.263271520885122 0 0 1
"337" 1 1 1 1.62739537867096 1.00611006763143 1.25714888912466 1.04128570809162 1 0 0
"338" 1 0 1 1.21705601130932 0.569503351437186 1.51512861557297 1.33189360793211 0 0 0
"339" 1 1 1 0.545631094841026 0.836133329331239 0.336566169862436 0.414879991237614 1 1 1
"340" 1 1 0 0.136770243771793 0.265461363036372 0.823622317516114 0.436807204502006 0 0 0
"341" 0 1 0 -0.912754813286542 -0.720567253127559 -0.997063854320826 -0.970751763592194 1 0 1
"342" 1 1 1 -0.534315230116547 -0.216510341532149 -0.180783224913237 -0.778589565318562 1 0 0
"343" 0 0 1 0.218876677011642 0.109984496991674 0.262742793349018 0.258736194634516 0 1 1
"344" 0 1 0 1.03755913922561 0.0374050719939039 1.01067091360776 1.42992980934464 1 0 1
"345" 0 1 1 -0.249090343628093 -0.537499635191928 0.0676578783610699 -0.316193273810548 0 0 0
"346" 1 0 1 1.71498876962734 1.1129252868133 1.53944120661899 0.994987278730795 0 0 0
"347" 1 1 1 1.35996661147779 0.407137019653166 1.01323167018717 -0.274340562324364 1 1 1
"348" 1 0 1 -1.99777583929454 -1.28265902724264 -1.75674575668022 -1.47387150329678 0 0 0
"349" 0 0 1 0.0300611963242706 -0.254701257900697 -0.305053103365589 -0.613705643560765 1 1 0
"350" 0 0 0 -0.974554414919754 -1.27093627936029 -1.53357978167863 -0.462294408442038 0 1 0
"351" 0 1 0 -0.000887457405306102 -0.547178513359912 -0.0165254311011009 -0.246604624236167 0 1 0
"352" 1 1 1 -0.242573218528388 0.303902256525201 -0.42862702738441 -0.425705609912823 0 1 1
"353" 0 0 0 -0.577374635278581 -0.331629063452957 -0.636525091467736 -0.600544279032643 0 1 0
"354" 0 0 0 0.30342526100842 -0.0347384951741923 0.284784087382013 0.0514746230086678 0 0 0
"355" 0 1 1 -2.15417035037807 -1.74015496407937 -2.16343077323788 -1.74281285386003 0 0 0
"356" 1 1 1 1.62848831314356 1.35039059013856 1.47281974626941 0.53872961279486 1 0 0
"357" 1 1 1 -0.206958291165064 -0.348173786857719 -0.37701072105465 0.0302970467878875 0 1 0
"358" 0 0 0 -1.01205880354072 -0.565139894307145 -0.441164549228505 -0.693447741899474 0 1 0
"359" 0 0 0 -0.798597959956677 -0.194938998918657 -0.361921654414908 -0.200317153561575 0 1 0
"360" 0 0 1 0.0781944950258311 -0.073003904602244 0.245879886018389 -0.372161610517491 1 0 0
"361" 0 0 0 -1.54883423733359 -0.995516099732041 -1.16864765723262 -0.840471024064177 0 1 1
"362" 1 1 1 1.92258076222894 1.51883367422762 1.08246299759098 1.27462289124577 1 1 1
"363" 1 1 1 2.36104830188341 1.48826338860961 1.68058649637135 1.58242188885049 1 0 0
"364" 1 0 0 -0.535924110003626 -0.758501203526536 -0.537622460161115 -0.162602274624475 1 0 1
"365" 0 0 0 -0.481616064232395 -0.0103121587588264 -0.351515502197857 -0.263573829425659 0 0 0
"366" 0 0 1 -1.38631840817307 -1.08871823533947 -0.67501530697778 -0.914422909264869 0 1 0
"367" 1 0 1 1.52648626130546 0.543121821706977 1.05298143837105 0.206015608792339 0 0 1
"368" 1 1 1 2.48895079998982 1.44886663021635 2.31478368991671 1.56616938108951 1 1 1
"369" 1 0 0 -0.781785535660172 -1.0425833685193 -0.233209921222218 -0.303149093846059 0 0 0
"370" 1 0 1 1.43342107545302 0.805659549264218 0.904508285611822 0.81397826757556 1 1 1
"371" 1 0 1 -1.15558625421253 -0.679387274172474 -0.648738861933466 -0.778159394641857 1 0 0
"372" 0 0 0 -0.900558835914007 -0.178916562535312 -0.360341863440932 -0.318782441188017 1 1 0
"373" 0 0 1 0.600364368670237 -0.0589926710478801 0.447227357571394 0.350011475853552 1 1 1
"374" 0 1 1 0.793286927851903 0.568277349638778 0.516462255613592 0.290256644933282 1 0 0
"375" 1 1 1 1.13555682298088 0.952035374127758 1.33137344696289 1.35026768152652 1 0 1
"376" 0 1 0 0.0925342774671036 -0.36432146189643 -0.246723172197856 -0.0202561069641486 1 1 1
"377" 0 0 1 -0.420370806683746 -0.293037272776341 -0.228046474688377 -0.549903297058199 1 0 0
"378" 0 0 1 0.393921749226488 -0.0254311930240903 0.593695829009363 0.510798455437594 1 0 1
"379" 0 0 0 -1.0783890236984 -1.26444899473165 -0.797756252754032 -0.220038161592221 0 0 0
"380" 1 1 1 -1.13246324122109 -0.912957346720206 -1.25309224280399 -0.988760330132031 0 1 0
"381" 0 0 0 -1.143137645396 -0.551399810066241 -1.04499771757599 -1.33661904272496 0 1 1
"382" 0 0 0 -0.0791221016621427 -0.0597349564507952 -0.161017399749399 0.177727264630482 1 0 1
"383" 1 1 1 2.3169973562276 1.5652509998227 2.50950782603043 1.78307151923781 1 1 1
"384" 1 0 0 1.87067318449553 1.38404590872984 1.84464891140319 0.91416916445876 1 1 0
"385" 1 1 1 0.175479259718053 -0.0561375266799696 0.619331897799486 0.17649646897413 1 0 0
"386" 1 1 1 1.32932212774454 1.04403453915354 0.755619189007238 0.629234948053309 0 1 1
"387" 0 1 0 -0.442918879678812 -0.372356147721834 -0.669354430798064 -0.467709487853323 1 0 1
"388" 1 1 1 0.816390157346886 0.563955931761131 0.473502293685791 0.242354492036145 1 1 1
"389" 1 1 1 1.4244082051589 0.48158562059933 0.985083119629684 1.08343459831549 0 1 1
"390" 1 0 0 0.432097549928507 0.868160209321339 0.332836151066645 1.07821840734698 1 0 0
"391" 1 0 1 -0.0295469922323476 0.169640530899991 -0.162022689095599 -0.262873738408706 0 1 0
"392" 0 1 0 0.540868723286047 -0.177802374516712 0.436495570642195 0.209659953966325 1 0 1
"393" 1 1 0 2.20826688537567 1.74614298415508 2.00946462593104 1.28756277649996 0 1 1
"394" 1 1 1 0.304497684752154 0.064759397498499 -0.325201514949945 0.167772546882654 0 0 1
"395" 1 0 1 -0.211717142086804 -0.321042309963908 -0.168716202292978 -0.0474641408044861 1 1 1
"396" 0 0 0 -1.21344673788852 -1.19055037538104 -1.57586685996699 -0.50714880230414 0 0 0
"397" 1 1 1 -0.920724437487767 -0.611119194598806 -0.790446482912235 -0.435306373553933 0 0 1
"398" 0 0 1 0.967969518963672 0.505063905832404 0.581393334246431 0.276018102779228 0 1 1
"399" 1 1 1 -0.0223077267353162 -0.00771800478680379 0.225997037703209 0.196755544246669 1 0 1
"400" 1 0 1 -0.328673072528611 -0.304404099612886 0.0821421355292467 -0.139156669823018 1 0 1
"401" 1 1 1 -0.539654612004484 -0.425154364756005 -0.604230181462692 -0.419676672158052 0 0 1
"402" 0 1 1 -0.527560706624379 0.234193901775774 -0.632869313716133 0.13389609083322 0 1 0
"403" 0 1 1 -0.730122692708275 -0.803207255754054 -1.04335141303872 -0.873325781213955 0 1 1
"404" 1 0 0 -1.66305040702641 -0.232657228103294 -1.3438120256704 -1.25627374090057 0 0 0
"405" 1 1 0 -0.0949613585441423 -0.0601068981600779 -0.116290092800572 0.0965960805169329 0 1 0
"406" 1 1 1 0.0698219156115931 0.205729975677042 0.107146691711323 0.0934268352503596 1 0 0
"407" 1 1 0 -1.67074436636588 -0.899650458896257 -1.34374953945818 -1.19289740656411 0 1 0
"408" 1 1 1 1.27729936264117 1.23898928267941 0.55541308733019 0.659976463247763 1 1 0
"409" 0 1 0 0.0414933020388873 0.0167730058776515 -0.311634766793135 -0.351784435869254 0 0 1
"410" 1 0 0 1.37097384498569 1.13270510787327 2.08926086227438 1.1662131807847 0 0 0
"411" 1 1 1 0.606458057060713 0.898416504104784 0.738397473947488 0.609621483664054 0 0 0
"412" 0 1 0 -0.11876937420715 -0.319009089250223 -0.198903680517282 0.108252638264881 1 0 1
"413" 1 0 0 1.05003355961473 1.13100010585132 1.5756786422905 0.737450617839796 0 0 0
"414" 0 1 0 -0.439431333100113 -1.04792318150141 -0.0216586537018082 -0.733856347117202 0 1 0
"415" 0 1 0 -1.03055302262868 -0.25918406200105 -1.18875811359106 -1.11507795648969 1 1 1
"416" 1 0 1 0.53391533723904 0.346291822800841 1.18989544821869 0.253452016411081 1 1 0
"417" 1 1 0 0.656464389794662 0.728556105326576 0.666129052079255 0.457671104028921 0 1 0
"418" 1 1 1 0.0484043294890302 0.0108415139183899 -0.351430814631593 0.324688842111652 0 1 1
"419" 0 0 0 0.0556181010484048 -0.0205408874763774 -0.129072602666487 -0.428925069998771 1 0 1
"420" 0 0 1 -1.96839356134354 -1.17970056666577 -2.27732918902755 -1.60915364010809 0 1 1
"421" 1 1 0 0.903304580524467 0.64560984444272 0.540894174903103 0.104343513422709 1 1 0
"422" 1 1 1 -0.654967912810659 0.125029358041369 0.11331678711044 0.0676066152616675 0 0 0
"423" 1 0 1 -0.275531717724047 0.154778807977717 -0.291977773538937 0.821466581613383 1 0 1
"424" 0 0 0 0.0322256253417075 -0.607682266378471 -0.11941668200107 -0.0229934788089332 1 1 0
"425" 0 1 0 -0.467374951193236 -0.654458392587966 -1.02389617065237 -0.569521717520083 0 0 1
"426" 1 1 1 -0.716111199668113 0.190995654543449 -0.398957234959226 -0.499236266416512 1 1 1
"427" 1 1 1 0.774603168243602 0.817525829336127 0.84174343075058 0.793807715564777 1 1 1
"428" 1 0 1 -0.00642560997087399 -0.102282834583877 0.0166850972010179 -0.00172398978906027 0 1 0
"429" 0 1 0 -0.0420401294614265 0.204342663084834 0.281021646269444 0.0659069411078715 0 0 0
"430" 1 1 1 1.19665719709801 1.31310342081246 1.50289872237206 0.850333794234731 0 0 0
"431" 0 0 0 0.458532070869552 0.0988113883485674 0.702788105011595 0.379878919321206 0 1 0
"432" 1 1 1 -0.441094810107686 0.137562658243579 -0.56030562189551 -0.431518352158778 1 1 0
"433" 0 0 0 -0.736842461646809 -0.210563060971042 -0.790677069419641 -0.554549110815592 0 1 1
"434" 1 1 0 0.522511452724281 0.307368538402715 -0.316933453630148 0.0837954951745199 1 0 1
"435" 0 1 1 1.51814312225533 0.84059054116117 1.14445653459036 0.549275336845406 0 0 0
"436" 0 0 1 -1.48422960261981 -1.04649298986118 -0.839716486504965 -0.467242840333048 1 1 1
"437" 1 1 1 1.47740133572405 1.25124148937951 1.19744377336005 0.945267356553759 1 1 0
"438" 0 0 0 -1.13000852792598 -0.641864030989871 -0.335200397305884 -0.852584395634859 0 1 1
"439" 1 0 0 0.187459695053951 -0.079866451359447 0.0406415378080848 -0.0316956880365907 1 1 0
"440" 0 1 0 0.697284235802861 0.298747356161946 0.763185251911546 0.139249908033952 1 1 0
"441" 0 1 0 1.18484789341785 0.983851882430939 1.13302699071602 1.04914938031981 0 0 0
"442" 1 0 1 1.30764378257891 0.609160427484047 0.905250574657788 0.376807345267746 1 1 1
"443" 1 0 0 -0.633000285090979 -0.449418989759234 -0.641010521967982 -0.434974961455612 1 1 0
"444" 0 1 0 -0.539293906529781 -0.513883918183275 -0.475632750715335 -0.674024479068322 0 1 0
"445" 1 1 0 2.7439113067289 1.81962138374579 1.3828285503506 1.63243030030647 0 0 1
"446" 0 1 0 -0.702153327311716 -1.07758167636575 -1.22899692759757 -1.21519421693776 0 0 0
"447" 0 0 1 -1.27138538252218 -0.866718797103512 -1.61408808870218 -0.875104761831548 1 0 0
"448" 0 1 0 -0.306950272740882 -0.292060884638662 -0.0770742009889848 -0.0997936408067809 1 1 1
"449" 0 0 1 0.00420363752758118 -0.16453038725398 0.0750210661035936 -0.258651538241789 0 0 1
"450" 0 1 1 0.656749177492184 1.03233941063514 1.21032999820618 0.832789982614757 1 1 0
"451" 0 1 0 -1.08318007793833 -0.920315869941968 -0.744708026777374 -0.0314647750575351 0 1 0
"452" 0 0 0 0.798262895152796 0.126824053657667 0.647960943063991 0.405219698559989 0 0 1
"453" 1 1 0 0.4351544294905 0.187428703039292 0.663818164506542 0.614474583056319 1 0 1
"454" 1 0 0 0.417505644948864 -0.342287857212773 0.177477074610042 0.373442083757687 1 1 0
"455" 0 1 0 -0.789474826092328 -0.0493611025712029 -0.19178512132081 -0.31161311063284 0 1 0
"456" 1 1 1 0.653724446343212 0.0155584996577791 0.600442881380773 -0.00881057246514172 1 1 1
"457" 0 1 0 -0.699712470746979 0.140916916678067 -0.224480240046567 -0.37340916404187 1 1 0
"458" 1 1 1 1.1009487796008 1.16432368269565 0.877689866512208 0.63700328064989 0 0 0
"459" 0 1 1 1.98529071419811 1.34810194774442 1.89213335557061 1.43548992231253 1 0 1
"460" 0 1 0 0.0333492297739811 -0.211752032253 -0.470855915883916 -0.773420077128875 0 0 1
"461" 0 0 0 -0.324558724837955 -0.0740225680818585 -0.239545557357789 -0.463737372784038 0 0 0
"462" 0 1 1 -1.94230894799523 -1.73923833431058 -1.59629906346181 -0.896733759674124 1 0 0
"463" 0 1 1 -1.34085621314231 -1.04021387060553 -0.66916607051914 -0.708376336543011 1 0 1
"464" 0 0 0 -0.0306618013996082 -0.0124089204547405 -0.0809059318590453 0.0808819357718453 1 0 0
"465" 0 1 1 0.177216215018595 0.191323196436005 -0.164479902025982 -0.0711785329214233 0 0 1
"466" 0 0 0 -1.01964389840693 -0.844047678030666 -0.450230350483693 -0.819972130458178 1 1 0
"467" 0 0 0 -0.890895156403822 -0.130450133361203 -0.922858178421993 -0.756361684654273 1 1 1
"468" 0 0 0 -0.478235274746135 0.151973595119236 -0.323176209568067 -0.395104451911404 0 0 1
"469" 0 0 0 -1.35880973521086 -0.254288867980834 -0.553343415339138 -0.812694279358096 0 1 1
"470" 1 1 1 1.35569997949151 1.07268250809071 0.967515962594571 1.08447832736234 1 1 1
"471" 1 1 1 0.102820377378941 0.0976193838095231 0.189588576211317 -0.229824716499605 0 0 1
"472" 0 0 0 -0.224710273615219 0.323583301030904 0.588986539672653 0.125337301094745 0 1 0
"473" 1 1 1 -0.167285875494708 -0.611141607105269 0.0044665604784998 -0.116975332428567 1 1 1
"474" 1 0 0 -0.311796883631995 -0.353382369624582 -0.720848932925297 -0.0645705563718684 0 0 1
"475" 0 0 0 -1.06157383620908 -1.02811486824304 -0.941255824004403 -1.0798823853916 0 0 1
"476" 0 1 0 -1.17862514567306 -0.803057249117801 -0.367352462390703 -0.4731886138182 0 1 1
"477" 0 0 1 0.34672168176971 0.168434187636419 0.511937861155235 0.330396097297788 1 0 1
"478" 1 1 1 -0.159595021884129 -0.0581702932069511 -0.14978446962905 0.0839372688223079 1 0 1
"479" 1 1 1 0.189360678281301 0.160873021982745 -0.10791073954514 -0.0253701686163689 1 0 1
"480" 1 1 1 0.409528655331789 0.574985202973892 0.485067782431187 0.675507134635115 1 1 1
"481" 0 0 1 0.752485461770817 -0.475823557078156 0.228482312901533 -0.028565591283533 0 0 0
"482" 0 0 1 -0.0616002339543272 -0.430236502069827 0.35765472593333 0.0868806801650014 1 0 0
"483" 0 0 0 -0.35115112012659 0.202134871389155 0.295308554963382 0.31649144401119 0 1 1
"484" 0 0 0 -0.811207719750795 -0.00204974153185855 -0.389079008657282 -0.320684618640068 1 1 0
"485" 1 1 1 1.09958818536118 0.110567870377079 0.548530056148643 0.772126663868806 1 1 1
"486" 1 0 0 0.0996562123167959 -0.0340251328700217 0.545205257716419 0.100137698690708 0 0 0
"487" 1 1 1 1.21239586293943 1.07418755748264 1.0225630304046 1.31209152929336 0 1 0
"488" 0 0 1 0.542008119146882 0.543763803981919 0.337920834531189 0.0917593526757819 1 1 1
"489" 0 0 0 -0.131353379423535 0.0416541099348917 0.492802570352255 -0.0694152973070891 0 1 0
"490" 0 1 1 -0.267292521132316 0.191110365620954 0.240173894250764 0.0483440552201717 0 1 1
"491" 1 1 1 -0.606313586550411 -0.155419081194485 -0.366252335965478 0.105731554196536 1 1 0
"492" 1 1 0 0.116052593472231 0.106617012047859 -0.906902331985324 -0.142571268970948 0 1 0
"493" 1 0 1 -0.214757862344119 0.204218817785244 0.219992624625249 -0.257119869446726 1 0 1
"494" 1 1 1 -0.0269713407239411 0.311144098123492 0.243584743104792 -0.160804413000998 0 1 1
"495" 0 0 0 -0.400985124619939 -0.45132370706838 -0.45871801836915 -0.0114935359519935 1 0 0
"496" 1 1 1 1.07155553335826 0.694929519919886 0.85361828187645 0.479356761341215 1 0 0
"497" 1 1 1 1.72191080904673 1.23043715074268 1.2923097947861 1.02459301449794 0 0 1
"498" 0 0 0 -0.504214203502588 -0.104220292250847 0.0742721310791494 0.0485734434238078 1 0 1
"499" 0 1 1 1.7681334485825 0.412807375739395 0.7953330050004 0.568468143141181 1 1 1
"500" 0 1 1 -1.09916316021454 -0.882338382506456 -0.746871453803718 -0.304052304638438 0 0 0
