"V1" "V2" "V3" "V4" "V5" "V6" "V7" "V8" "V9" "V10"
"1" 1 1 1 -0.128168614043147 0.556521738558306 0.285985367179959 0.140475538227485 0 1 1
"2" 0 0 0 0.668081621477732 0.223102067842988 0.937676848827807 0.632682848436242 0 1 0
"3" 1 1 0 -1.78346301619741 -1.30768099335741 -1.69199819716919 -1.29349615568513 0 1 1
"4" 0 1 1 0.744552226732144 0.803290018514619 0.225093579050116 0.232437621343203 0 0 1
"5" 0 1 1 0.0570075005312106 0.548561282921555 -0.0559097357258901 0.430262043514095 0 1 0
"6" 0 1 0 0.827832920450591 1.1739925846013 0.538632774193497 -0.246696649416069 1 1 1
"7" 1 1 1 -0.33349674014937 0.000580307492967128 -0.165487539765904 0.0919712410188538 1 1 0
"8" 0 1 1 0.481670318301277 0.954728353905315 0.530290713380688 0.429876607019477 0 0 1
"9" 0 1 1 0.16621241673204 0.262963331685697 0.888863893201451 0.479001105058334 1 1 0
"10" 1 1 0 -0.0238330104369904 -0.371589756515539 0.0294470222426713 0.115299358789164 0 0 0
"11" 0 1 1 1.25698381728261 0.964945335523465 1.55846800205803 1.20604963645673 0 1 1
"12" 1 0 1 -0.312365316742478 0.180355198388784 0.0836238613770159 0.209244167702073 0 1 0
"13" 1 1 1 1.1575737853141 1.23978475372448 1.05145709028309 1.19553957621536 0 0 1
"14" 0 0 1 -0.647112647302275 -1.00765174747284 -0.691770654208582 -0.252158202718897 1 0 0
"15" 1 1 1 1.69171738854915 1.59143496162079 2.27656198681049 1.53843095758111 1 1 1
"16" 1 1 1 0.910273926183691 0.181456506577564 0.603098637369191 0.390013595949997 0 0 1
"17" 0 0 0 -1.58363777399141 -0.858868046196033 -1.13272571332402 -1.50111453612523 1 0 1
"18" 1 1 1 1.03581563520745 0.632043039172873 -0.0149366646006738 0.856531375690579 1 1 0
"19" 1 1 0 -0.114294184662884 -0.655194543775783 -0.460580576544307 -0.0973211039441285 1 1 1
"20" 1 1 1 0.0836400073038159 0.211389525611275 0.364026861320504 0.377148189796378 0 1 1
"21" 1 0 1 1.08576254810934 0.825159384777506 0.570129668356529 0.539333918381335 1 0 1
"22" 1 1 1 -0.859222917719096 -0.961633216752417 -0.478955059863125 -0.784331943064507 1 0 0
"23" 1 0 1 -0.127129973067918 0.0527407764136926 0.200347030950729 -0.471750804367844 1 1 1
"24" 1 0 1 -0.602871213242304 -0.548139829403638 -0.431576616011388 -0.509693069269374 1 1 1
"25" 1 0 1 0.861087884034665 0.766981330706214 1.11028291196948 1.11030758732151 1 1 1
"26" 1 1 1 1.78754848673604 1.44561651729963 1.74301192689838 0.903782062791774 0 1 1
"27" 0 0 0 -0.388438613092705 -0.281662992032268 -0.179231573438613 -0.346807616355254 0 0 0
"28" 0 1 1 -0.11490101342423 -0.346252068611008 -0.192749356746521 0.0473163153539764 0 0 0
"29" 0 0 0 -0.0891159197425949 0.167465140541053 0.267469137007929 -0.49966279607163 0 0 0
"30" 0 1 0 -0.663893482042184 -0.333744547978646 -0.953918064242115 -0.369810105728043 1 0 0
"31" 1 0 0 -2.08131013821157 -1.55730748304295 -1.62851880084432 -1.30247170394268 1 0 0
"32" 0 1 1 -0.392865833781925 -0.181540688473061 -0.308611334375474 -0.345155776256716 0 0 1
"33" 0 0 0 -0.164855346381094 0.0577174191072254 -0.250144481444098 -0.218828726738847 0 0 0
"34" 0 0 0 -1.1361217694867 -0.902241296606967 -0.438942663134592 -0.52321246521059 0 1 1
"35" 1 0 1 0.0314317697035526 0.0371876643046511 0.241190516644468 -0.170943828883951 0 1 1
"36" 0 0 1 -0.495725180593414 -0.00160164360952489 -0.0671998013586184 0.0641190754302335 1 1 1
"37" 1 1 1 0.643425611094454 0.21610321796821 0.116157449420208 -0.0801934905371916 0 1 1
"38" 0 0 0 0.934095339533316 0.437150396911926 0.460989236030963 0.575760175393084 0 0 0
"39" 1 1 1 0.0783121535032462 0.220564197984043 0.0368103624031544 0.375667926704493 0 1 0
"40" 1 0 1 -0.342659616007612 -0.305356920772137 0.156530242593667 -0.150157749827168 1 0 1
"41" 1 1 1 0.0286100368815152 0.795013624764897 0.887375479288789 0.752238631133769 0 1 1
"42" 0 0 0 -0.329323458572363 -0.839151295543183 -0.523863903625616 -0.414122382049031 1 0 0
"43" 1 1 0 -0.398764595659035 -0.113615482852181 0.179961407149074 -0.244257512811494 1 0 0
"44" 0 0 0 -0.347923783989206 -0.2558741831078 0.0718230639192352 -0.290567513903452 0 1 0
"45" 0 0 0 -0.0700873085215845 0.182380642030286 0.294738758133615 0.242358450836976 0 0 1
"46" 1 0 1 0.988954622778697 0.905247928128966 0.639638225399237 0.393316314483779 0 1 1
"47" 1 0 0 -0.889829000607824 -0.0170604426370923 -0.870813302486958 -0.672243220078896 1 0 1
"48" 1 0 0 -1.24958502396675 -1.47127348391386 -0.939249346767485 -1.40200275227184 0 0 1
"49" 1 1 1 0.33034650371577 0.0995340125045099 0.518792282874204 0.491763184520413 0 0 1
"50" 1 1 1 1.92795587539139 1.33673373290777 1.19475596017402 1.01512972644909 1 1 0
"51" 1 0 0 0.873541398821917 0.168248843048093 0.821663644621879 0.425843296528509 1 0 1
"52" 1 1 0 1.79359251244926 1.03048216289375 1.54029085213998 1.51971146561622 1 1 1
"53" 1 0 1 1.17339095391339 0.967665362315906 1.35915270616578 1.24440733958298 1 1 0
"54" 1 1 1 1.43559112665925 1.44007564196205 1.81144670069051 1.54320993801294 0 0 0
"55" 1 1 1 0.763358797301648 0.299798972497088 0.327880585028569 -0.0253769085946526 1 0 1
"56" 1 1 0 -0.217590022641711 -0.399309506284478 -0.131838592378123 -0.119958638999267 0 1 1
"57" 0 1 1 -1.41574653957507 -0.914929773551311 -1.47057233701954 -1.32817595875991 0 1 0
"58" 0 1 1 -0.191312288293105 0.407612195841058 0.358509592764166 -0.113804074253343 1 1 0
"59" 1 0 0 -2.15034898278184 -1.10072644213421 -1.41414794505628 -1.25135244223924 0 1 0
"60" 1 1 1 0.4565526281712 0.23579651326661 0.509356608673408 0.58376415437702 0 0 1
"61" 0 1 0 0.489820682189124 0.147133228246062 0.725353031890803 -0.101877483822897 1 1 0
"62" 0 1 1 1.20554822548721 1.17250037443621 2.13079541940444 1.14420201858235 0 0 0
"63" 1 1 1 0.629938458072823 0.233001348526265 0.353829827990709 0.396784363446358 1 1 0
"64" 0 1 1 -0.113055798424447 0.0112218514072065 -0.389090580738687 0.193554648620816 0 0 0
"65" 0 0 1 0.21258495163052 0.882377899281032 0.824356961167885 0.686708441577258 0 0 0
"66" 1 1 1 -0.421955140122032 -0.0601586532113652 -0.0507806507586201 0.288420314087685 0 1 1
"67" 1 1 0 0.336393505589843 0.320265089007357 0.284712935520559 0.579179924926098 1 0 0
"68" 0 0 1 -0.308117826725375 -0.265999082800398 -0.703181632639646 -0.961239661753667 0 0 0
"69" 1 1 1 -1.21192782626524 -0.0302641269549137 -0.261451924629169 -0.533573641934564 1 0 0
"70" 1 1 1 1.5244041868771 1.14584695120588 1.32961921252842 1.09958121893993 0 1 1
"71" 1 1 0 -0.596621802405158 -0.872603879775507 -1.10017043317566 -0.981776578454966 1 1 1
"72" 1 1 1 -0.235136405204264 -0.417957745043 -0.591224614604331 0.0267343887090998 0 1 0
"73" 1 1 1 0.160386608895701 0.167340254787582 0.00100180482174383 -0.0423443809412751 1 0 1
"74" 1 1 1 0.940961358466067 0.681878732760969 1.02220892115754 0.513307085769449 1 0 1
"75" 0 1 0 -0.310758405643595 -0.765531747757839 0.0497639554817989 0.108067882216406 0 1 0
"76" 1 0 1 0.398057031471128 0.575106509683766 0.516308920101424 0.549283874652146 1 1 0
"77" 0 0 0 -1.18399600594066 -0.20491926736888 -1.1790573711418 -1.23546563289657 0 0 0
"78" 1 1 1 -0.104501946448731 -0.653572152445872 -0.112335587482333 0.00198344789488558 1 1 0
"79" 1 0 0 -0.517483131240258 -0.5130201105876 -0.829953506853112 -0.31170337314418 0 1 0
"80" 0 1 0 1.15836463509976 0.650970244881421 0.956882078881688 0.720933061540111 0 0 0
"81" 1 1 0 1.1807776461508 0.460890227273149 0.639734840361069 0.555636995280771 1 1 0
"82" 1 0 1 1.13480682219716 1.01556633691263 1.43844211969614 0.715435707236595 1 1 1
"83" 0 0 1 -0.828353401895114 -0.686598884244165 -1.38306357169008 -0.708621306552206 0 1 1
"84" 1 0 1 -0.537017586722202 0.12004890198098 -0.797499309377566 -0.188303288880855 0 0 0
"85" 1 1 1 -0.0469491805731867 -0.0213463159422081 -0.444156044562111 -0.255276232122085 0 0 1
"86" 1 0 1 -0.0210879303547935 -0.318137202188539 0.288762794833988 -0.599275280829341 0 0 0
"87" 1 1 1 -0.514753313107107 -0.217519415584344 -0.285519129293024 -0.752092125049284 1 1 1
"88" 1 1 1 0.748997203588834 0.352202888486042 0.397591395889685 -0.12076758119954 1 1 1
"89" 0 1 0 0.0258289102252872 -0.120156043673179 0.112662679353701 0.181629938786021 1 0 1
"90" 0 1 0 -1.12709732488577 -0.513998266683054 -0.787878147204722 -0.414573181418568 0 1 0
"91" 0 0 0 -1.22571290678355 -0.663908456684561 -1.06790282254577 -0.778237495085668 1 1 0
"92" 0 1 0 -0.698746436811415 -1.10174333787062 -1.38501273175072 -0.900120442293491 0 1 0
"93" 0 1 1 0.749013890262657 1.0075391169802 0.377911315210547 0.353152501358306 1 0 1
"94" 1 1 1 2.27214603065587 1.06158061591825 1.52558952353904 1.33476150767328 1 1 1
"95" 0 1 1 -0.120919681454394 -0.0772355384365868 0.235603412999688 -0.103920100426007 1 1 1
"96" 1 0 1 -0.879455240063507 0.0704803393737621 -0.163617480477917 -0.0390937009016055 0 0 1
"97" 0 1 1 2.43845291843277 1.07671507402256 1.84069122556715 1.29345214897546 1 1 0
"98" 1 1 1 2.00192188330484 0.648158151803215 1.28454132557818 1.21316947918973 1 1 0
"99" 0 0 0 -0.163552320472925 0.17215916780078 -0.330810197570765 -0.672155013421777 1 0 0
"100" 1 1 1 -1.31190942174604 -1.1186818624145 -1.63267437180592 -0.756868615688072 1 0 0
"101" 0 0 1 0.884427036654205 0.51912342456359 1.187961954185 0.751628787035693 1 1 0
"102" 1 1 1 1.1997613119681 0.90148404567311 0.69066662424822 1.1963377559308 1 0 0
"103" 0 0 1 1.20859323057947 0.551520275235607 0.76931790807468 0.849337711458322 1 0 1
"104" 1 0 1 1.6171193903244 2.01583378162001 1.96194973331826 1.30650319135053 0 0 1
"105" 0 0 0 -0.67354450911586 -0.142394596425523 -0.361844054161549 -0.175127517427235 1 0 1
"106" 1 1 0 1.44491304501323 0.696086972822832 1.36936100100313 1.35139162486632 0 1 1
"107" 1 0 1 1.16274874388695 0.782703131509044 0.88843445344449 0.607880501464777 1 1 0
"108" 0 0 0 0.191594102414216 -0.160818927447433 -0.13815690906861 -0.0288935555659056 0 0 0
"109" 1 0 0 -0.861972138310222 -0.920043871757776 -0.478618927124483 -0.546252347149888 1 0 1
"110" 0 0 0 -0.239062592837005 0.602306423281 -0.32484796739595 -0.106945640954157 0 0 0
"111" 0 1 1 0.115326250767969 0.380537626502903 -0.242433239786646 -0.129006329270479 0 1 1
"112" 1 1 1 0.528984285619118 0.407458932249216 0.244177859017126 0.77892040002796 0 0 0
"113" 1 0 1 -0.0227176470467431 0.29808983845395 -0.448093368424934 -0.216198046951454 1 0 1
"114" 1 0 1 0.02696994997261 0.412699249469175 0.606508041329195 0.550786506152342 0 1 1
"115" 1 1 1 -0.916841582404207 -0.897734811611902 -1.15588465626383 -0.828820502986356 1 0 1
"116" 1 1 0 0.00897069048072613 0.318377752674419 0.284858427115197 0.0603005764074501 1 0 1
"117" 1 1 1 0.969389278914712 0.277955729343484 0.985722095924525 0.875409252656569 1 0 0
"118" 1 1 1 2.12659676189855 1.52074123087647 2.15266625881882 1.92892764042229 1 1 1
"119" 0 1 0 -1.09575179963198 -0.831579541655819 -0.515589955853062 -0.689685823004506 1 1 0
"120" 0 0 0 -0.784203017866071 -0.673099388790672 -0.717396459015914 -0.50916998292328 0 0 0
"121" 1 0 0 -0.25065870467874 -0.337033377542253 -0.759280029976464 0.231518208548286 0 0 1
"122" 1 0 1 -0.225015445222214 -0.63966935009728 -0.660559718441755 -0.0543938807206868 1 1 0
"123" 1 1 0 0.338675369818501 0.253715902314514 0.334663598395076 0.275807623397709 1 0 0
"124" 1 1 1 -0.158097459168617 0.208481372285772 0.508960149173391 0.0863340410042674 0 1 1
"125" 0 0 0 -2.36279525881964 -1.42843906118528 -1.56044871064011 -1.05786184115277 1 1 0
"126" 0 1 1 -0.322963535415261 -0.106623504532848 -0.136441503616657 -0.23001445822443 1 0 1
"127" 1 0 0 -0.0250679223622454 -0.478832460379152 -0.0182505241008637 -0.0195065134808491 0 1 0
"128" 1 0 1 0.0673130359912859 -0.00867656590428582 -0.249348054221455 0.00705494985544789 1 0 1
"129" 1 0 1 -0.482267777043558 -0.230851812977561 -0.764642183166108 -0.222902865761483 0 1 1
"130" 0 0 1 -0.19303549728848 0.0243459691526588 0.659509950400854 -0.230479953146838 0 1 0
"131" 1 0 1 -1.07351298529232 -0.63907304043057 -0.763080872734016 -0.427675741653284 0 1 0
"132" 0 1 0 0.68959127723035 -0.0590593166430881 0.16660536177285 -0.306565648712438 1 0 0
"133" 0 0 0 -0.475063931501711 0.212639308009829 -0.688575110142622 -0.339999527570129 0 0 0
"134" 0 0 0 -0.792764218323065 -0.941391097846613 -0.853937278530836 -0.675646840751024 0 0 0
"135" 0 1 1 1.82809287579301 1.1347388095231 1.23441186067288 0.976312681892753 1 1 0
"136" 0 0 0 0.92829921252931 1.27342361731664 0.873189168190283 0.909728642607827 1 1 0
"137" 1 1 0 -1.2772374713356 -1.09407148038802 -1.14450906984113 -0.545300948659299 0 0 0
"138" 1 1 1 -0.293747764082622 -0.19336290405486 -0.185090128774005 0.0271016590074616 0 1 1
"139" 1 1 0 0.603969712243687 0.181831453132462 0.448660362963473 0.134088141725756 0 0 0
"140" 1 1 0 0.575295339571844 0.124144325056082 0.20446337378002 0.167256913732887 1 1 0
"141" 0 1 0 1.43869667871081 0.505382824313152 0.678341318168777 0.509959092915615 0 0 1
"142" 1 0 1 -0.916516636002281 -0.544457882155254 -0.199827273786753 -0.359106198420388 0 1 1
"143" 0 0 0 -0.815562806261024 -0.828539894927533 -0.742054374275347 -0.597450440300602 0 1 1
"144" 1 1 1 0.0496234032488772 -0.321183174199133 0.332258163895408 0.0344810256021376 0 1 1
"145" 1 1 0 -0.356295863404588 -0.225464470530838 -0.187241381702478 -0.0731224691712135 1 1 0
"146" 0 0 0 -0.523969711755747 0.328413695780459 -0.172151944404731 -0.135324606343674 0 0 0
"147" 1 0 0 -0.0640754683474925 0.0302953869421249 -0.269237856008129 -0.0523477859456148 1 1 0
"148" 1 1 1 0.179642911429299 0.581047305976019 0.423264954966302 0.222147645941748 0 0 1
"149" 0 0 1 0.157285054581375 0.271632686104506 0.0451426796989921 0.28459446596015 1 0 0
"150" 1 1 0 0.331075695651713 0.584365727095697 0.702949034670126 0.546537845145057 1 1 1
"151" 1 0 1 -0.282140690487485 -0.0585701912546864 -0.480355779828386 0.169579442535704 0 0 0
"152" 0 0 0 -0.789732346187207 -0.711725578349237 -1.07751607046096 -0.690839033303319 1 1 1
"153" 1 0 0 1.0604156917633 1.00172650455419 0.73390322991466 0.961887885891245 0 0 0
"154" 1 1 1 1.35457864021943 1.11328270364362 1.61549348756732 0.27786328361373 0 1 1
"155" 0 0 0 -0.00108730032583811 -0.39479683989214 -0.19517213910455 0.107663907810946 1 1 0
"156" 0 0 0 -0.996660076998114 -0.23006934767107 -0.707316064415899 -0.409309473776024 1 1 0
"157" 1 1 0 -0.0466022937715208 -0.0535566576747639 0.133537668918781 0.351956217644382 1 1 1
"158" 0 0 0 0.300292097570377 0.140499036621687 0.506049278088996 -0.0194457398197644 1 0 0
"159" 1 1 0 -0.403582688790202 0.122744310583583 -0.123968281440246 0.301299041615764 1 0 1
"160" 0 0 0 -0.898880431110133 -0.67115993298895 -1.08606564397751 -0.22409210095413 0 0 1
"161" 1 0 1 0.589019721699735 0.64054612151061 0.348871288582081 0.202670292509865 1 0 1
"162" 1 1 1 0.059215239232309 0.451783366360231 0.667974210251733 0.78012233823272 1 1 0
"163" 1 1 1 2.10530348803176 1.39431462898123 1.97048497381561 1.22146887392008 1 1 0
"164" 0 0 0 -2.38138565306262 -1.56294602378204 -1.93130299844728 -1.61750485437613 1 0 0
"165" 1 1 1 0.0916704897686347 -0.00523883151758109 -0.163409980789367 -0.532711823478879 0 1 1
"166" 0 1 0 -1.14389437430067 -1.07320314919219 -1.34134056584869 -0.852571611507637 0 0 0
"167" 1 0 0 -0.164565787010339 0.935037444210025 -0.020646776060003 -0.0847434850599855 1 1 1
"168" 0 0 0 -1.48786746592833 -1.44362316460298 -1.07632298027106 -0.610081543267251 0 0 0
"169" 1 1 1 1.22385039584144 0.61555607080323 1.03309293365614 0.755695183524699 0 0 0
"170" 0 0 1 -0.383039309358662 0.0450324025567864 -0.376628763210939 -0.10626401723435 0 0 0
"171" 0 1 0 -0.598609742475227 -0.500917400442867 -0.152054269095474 -0.630159658811296 0 1 1
"172" 1 1 0 -1.07503516579307 -0.370591914277301 -0.457632789598192 -0.188598169325243 1 1 1
"173" 1 0 0 -0.899823150663423 -0.192480322221884 -0.443235578264989 -0.486782548184722 1 1 1
"174" 1 0 1 -1.25545334473159 -0.61869753517057 -1.08078247105361 -0.779592867152966 0 0 0
"175" 1 1 1 1.08121576734725 1.32573462802392 0.995517253264573 0.572406414676742 1 1 1
"176" 0 0 1 -2.46244510791628 -1.26583526946685 -1.54249502877137 -1.44269782532844 0 1 1
"177" 0 0 0 -1.79486466127513 -1.58524890630057 -1.98969549165368 -1.36459817161982 1 1 0
"178" 0 0 0 0.183363132728609 0.287320434524512 0.0571308870555789 -0.320396412543737 1 1 0
"179" 0 0 0 -1.89059664811317 -1.05712834610904 -1.27788546979087 -0.942278990364463 0 1 1
"180" 1 1 0 0.351007303403216 0.329635143229578 0.390539186896492 0.439231813532715 1 1 1
"181" 1 1 1 -0.425589571769761 -0.784676856412553 -0.860041601373899 0.0952145095404198 0 0 0
"182" 1 1 1 0.669202028302854 1.1198160988526 1.48321080592498 0.770586766956141 0 0 0
"183" 1 1 0 0.223779646078162 0.495871266682407 -0.11386306588477 -0.335611064436139 0 1 1
"184" 1 1 1 1.38001197782618 0.916140907235304 0.754084345978128 0.72231485001091 1 0 1
"185" 1 1 0 0.608237828867409 0.516545503357625 0.42983640566162 0.0161006154549253 0 0 0
"186" 0 1 1 -1.9427072741815 -1.15213120607456 -1.14539508525733 -1.39846656859201 1 1 0
"187" 1 1 1 1.75455884275484 1.05844537295681 1.26241744414235 0.788913388128313 1 1 1
"188" 0 0 1 -3.65997048062485 -1.89863404522142 -3.0820281397877 -2.41354719036285 0 0 0
"189" 1 0 0 -0.982865383525131 0.0738859811347282 -0.364231052281382 -0.499016063007599 1 1 0
"190" 0 1 1 -0.935779915519285 -0.537959505214522 -0.60763819672834 -0.628175733454285 0 1 0
"191" 0 0 0 -0.430225354762238 -0.220557110212826 0.143898492658958 0.317087151630185 0 0 0
"192" 0 1 1 1.4503421733159 1.09188457517019 1.57186625414934 1.17460752305672 1 1 1
"193" 1 1 1 -1.18111770839889 -1.39301927764793 -1.26375531739696 -0.986793640288799 0 1 0
"194" 0 0 0 0.28780466226245 0.445966168032127 0.0773857058071992 0.348256181064947 0 1 0
"195" 1 0 1 1.88045479301917 0.958591043322983 0.750038047945932 0.820254853876969 1 1 1
"196" 1 1 0 2.95843429001691 1.93949876214635 1.98769936556089 1.80997531955928 1 1 1
"197" 0 1 1 -1.4641328089127 -1.05044497594717 -1.58658767106092 -1.49579584778796 1 1 0
"198" 1 0 1 1.92433398999051 1.3734475695426 1.17915517952781 1.55894494371493 0 1 1
"199" 0 1 1 -2.35025946148382 -1.51056002802639 -2.47060407572645 -1.95669316178978 1 1 1
"200" 1 1 1 0.504340666767298 -0.0198394522267934 0.452275634422427 0.728083696379518 1 0 0
"201" 0 0 0 -0.341678574714169 -0.0462623214307025 -0.472540743686933 -0.294373596087186 1 0 1
"202" 1 1 1 -0.0915103158779634 0.154996192346067 0.452721876841802 0.373451038538276 0 0 1
"203" 1 0 1 -1.14634999580308 -0.723481628298221 -1.48664037122747 -0.884451759563663 0 0 1
"204" 0 0 1 0.145036713618641 -0.560147262410437 0.241155880925711 0.367204399262614 0 0 1
"205" 1 1 1 2.10400256688249 1.01483165168831 1.41650547407067 1.74004060183644 1 1 1
"206" 1 0 0 0.101459536620832 -0.331421212696978 -0.22348197967555 0.238415201343258 0 1 1
"207" 0 0 0 1.16816484364341 0.273476053289184 1.02286216531482 0.96162661037502 0 1 0
"208" 0 0 1 -0.884601153981256 -0.5301669683498 -0.563742167217133 -0.790479799989744 0 0 1
"209" 1 0 1 -0.181167775420853 -0.245697988567137 -0.308009939293097 -0.330151109939246 1 1 1
"210" 0 1 1 0.676164974079162 0.441384802043446 1.07806252444677 0.334184940172886 0 1 0
"211" 0 1 1 1.27224251122344 0.334404071220464 1.24132421372857 1.31885965997938 0 1 1
"212" 0 0 1 -0.241136776431412 -0.00510945617803833 -0.12588182661191 0.119145538680847 0 0 0
"213" 0 0 0 -1.41201065057297 -0.96758225604339 -1.25586568733084 -1.16845213852186 0 0 0
"214" 1 0 0 -0.0261394333083686 0.0869152767171874 0.281762778267368 -0.373623833913974 1 0 0
"215" 1 1 1 0.0579258932790576 0.3568685221735 0.343455250304635 -0.240095323164892 1 1 0
"216" 1 0 1 1.07961847057776 1.16266430966445 0.485101726792268 0.678172148387951 0 0 0
"217" 1 1 1 2.1339448642731 0.971982841931328 1.70923432680302 1.5622391302116 1 1 0
"218" 1 1 1 3.64361621084256 2.02136055970502 3.04844186840271 2.27427295887791 1 1 0
"219" 0 1 1 -1.00338717896837 -0.175263564829769 -0.695613674067294 -0.600175324432174 1 1 0
"220" 1 1 1 -0.193664069545903 0.00246912886457904 -0.16203649442937 0.380470009733816 1 1 0
"221" 0 1 1 0.609384133126362 1.037025629243 0.887552319404643 0.408276752855211 0 1 0
"222" 1 0 1 -0.208485667365328 0.110335722661638 -0.448024925015511 -0.393606329417151 1 0 0
"223" 0 0 1 -0.232566393158713 0.290879382675558 -0.390944256342633 -0.292009274992638 0 0 0
"224" 0 1 1 0.725432071411023 0.597357707057539 0.753961301467188 0.454223676872339 0 1 1
"225" 1 1 1 0.75803084856191 0.830861835406217 0.786145007284558 1.02172221021734 1 1 1
"226" 0 0 1 -1.26978897190189 -0.469530360852793 -1.23677419348657 -0.858358081994782 1 1 0
"227" 1 1 1 1.16248605702828 0.679016285756347 0.41906041396971 0.583319535581445 0 1 0
"228" 0 1 1 -0.944805161567694 -0.950449614352988 -1.23100514870462 -1.24766706435159 1 1 1
"229" 0 0 1 -0.235841504727093 0.302872060704185 -0.222921268804355 -0.302999332408005 0 0 1
"230" 1 0 1 0.0101184330537636 -0.487152526990151 -0.614704995935855 -0.0708050376477369 0 1 0
"231" 0 0 0 -1.25267900195891 -1.09401435775811 -1.42025984771988 -0.935915633190598 1 1 1
"232" 0 0 0 0.291744830409883 0.301283166969277 0.0903452587587651 0.305026286063211 1 0 0
"233" 1 1 0 -0.646059961679808 -0.310290402599441 -0.473092631251833 -0.660167963521182 0 0 1
"234" 1 1 0 1.15476468353397 0.153336411287058 1.33440620761236 0.199088823901914 1 1 0
"235" 1 1 1 0.128503372572348 -0.488281868023353 0.0451998272508691 -0.155789216011898 0 1 0
"236" 1 0 0 1.86041757414667 0.927849831577752 1.1474034789913 1.03718300203544 0 0 0
"237" 1 0 0 -1.11238640740222 -0.476655749209699 -0.722546762457909 -0.327285959196258 0 1 0
"238" 1 0 1 -1.5085846904553 -1.38913454615313 -1.54403719540412 -1.37513037038637 0 1 0
"239" 1 0 0 0.369058548780835 0.21856009491026 0.721892470586451 0.635593119723456 1 0 1
"240" 0 1 1 -0.0595273725392801 0.655634231369107 -0.504044058844404 -0.339125753309636 1 0 0
"241" 1 1 1 1.13805649179566 0.622637044878778 1.0636837664541 0.606513216012119 0 0 0
"242" 1 1 1 0.0436773852518056 -0.149492786384745 0.245246168667634 -0.163871682429191 0 0 0
"243" 0 1 0 -0.338579292781833 -0.257140743533087 -0.0874471824861469 -0.318196355215764 0 1 1
"244" 1 0 1 0.227225968127418 0.208933411595067 -0.576839736256798 -0.0183926757603933 1 0 0
"245" 1 1 0 1.93155439357871 1.16533861639374 1.29205171274855 0.976521047649289 0 0 0
"246" 1 0 1 -0.122101503008012 -0.122656478067275 0.491514330706728 0.249105495851525 0 0 0
"247" 1 0 0 0.936287437421689 0.503294833026263 0.710905442538897 0.565573284351262 0 0 0
"248" 1 1 0 1.76693191775963 1.53953067745111 1.27517684476688 1.17036169299948 0 0 0
"249" 0 1 0 -0.558728727267993 -0.399709235845454 -0.504170232236532 -0.227288860187894 1 0 0
"250" 0 0 0 -2.02100664460294 -0.903554039603085 -1.3818329693282 -1.36329025227025 1 0 1
"251" 0 1 1 0.0505640784180514 -0.431367499486146 -0.0109164217125871 -0.0940143531689962 0 1 1
"252" 1 1 1 1.3657842005915 1.10793892835388 1.14887410108275 0.80162530807405 1 1 1
"253" 1 0 1 0.592379046633069 -0.180985944121059 -0.149544931928306 0.274622082678577 1 1 0
"254" 0 0 0 0.539197213188762 -0.203884740958237 0.113590998872698 -0.0212738857737483 1 0 1
"255" 0 0 1 -0.526232494212974 -0.543229224496974 -0.424351302830946 -0.397107781377783 0 0 0
"256" 0 0 0 -1.09090763168898 -0.760272373198698 -1.1806396805194 -0.615117739368591 1 1 0
"257" 1 1 1 0.443310089648625 0.404718161709392 0.237600691700649 -0.151417676096218 1 1 0
"258" 1 0 1 0.759327431925158 0.829606663300694 0.775576305826296 0.413062026683362 1 1 1
"259" 0 0 0 -0.942597136556495 -0.390857726360405 -0.321959053053013 0.153289121009839 1 0 1
"260" 1 1 1 -0.295214539430257 -0.791176274491158 0.0698874887698544 0.130421374308583 0 0 0
"261" 1 1 1 0.0648073157727314 -0.0472404519927877 0.373344528441965 0.237911848582152 1 0 1
"262" 1 0 0 1.36007390908077 0.809017546934327 1.04861495115868 0.393653116388957 1 1 1
"263" 0 1 0 0.550400021039594 0.482280296957437 0.796524308317505 0.102810261625115 0 1 1
"264" 1 1 1 0.648090213659711 0.23744843317076 -0.000329922992890017 -0.0857664552278016 1 1 1
"265" 0 1 1 0.638404308520591 0.658823660554623 0.795655315872613 0.693596050273134 0 0 1
"266" 1 0 1 -0.822984654271614 -0.954744618646367 -1.14743451703679 -0.513070623040721 1 1 0
"267" 0 0 0 -1.64140337387046 -1.86626489776893 -1.18361289930845 -1.07215259905571 0 1 1
"268" 0 0 1 -1.94255684366567 -0.908837569573091 -1.30612097119505 -0.975985882005761 1 1 0
"269" 0 0 1 -2.42421910722743 -0.703178853105063 -2.10281739214443 -1.238533839263 0 1 1
"270" 0 0 0 0.147260262784371 0.267890807071948 -0.0562576067093708 0.430576822801836 1 1 1
"271" 1 0 1 1.66130027434055 1.3081852763121 1.55157491821411 1.57020819642607 1 1 1
"272" 1 1 1 -0.162913218316176 -0.303251400699918 0.0201658791492939 0.37608065152742 0 1 1
"273" 1 1 1 -0.863824475204239 -0.842691674961638 -0.730891634982797 -0.519529855381908 0 0 1
"274" 1 1 1 -0.0326235569535034 -0.0977847696588934 -0.5336530344243 0.0725281513604497 1 1 1
"275" 1 1 0 1.23645735358409 1.29817255540263 0.983640353011819 1.40321422249818 1 0 1
"276" 0 0 1 1.14493447223467 1.00863741352209 0.608349827178706 0.715058029575212 1 0 1
"277" 0 0 1 -1.39107037073263 -0.881351057646134 -1.18805840011046 -1.23562563477932 1 0 0
"278" 1 0 0 -0.00708988740827671 -0.0854994175407014 0.591295637642595 0.285079455157805 0 0 0
"279" 1 1 1 0.730115469589642 0.908830827971572 0.913627666435214 0.175236719837969 1 0 0
"280" 1 1 1 0.502027003819027 0.163689245563702 0.28419233574288 -0.0566454189600416 0 1 1
"281" 1 1 1 0.537240572259121 0.730284070713714 0.626677377821305 0.646958672360224 1 1 1
"282" 0 0 0 -2.81316677157743 -1.87909914174873 -2.26577408278078 -2.44807834588591 0 1 0
"283" 0 0 0 -1.06532444546668 -0.670824406672746 -1.00527133680515 -0.112014965910899 0 0 0
"284" 1 0 1 1.13673392447603 0.355445296345538 0.756020303539063 0.394042841881613 1 1 0
"285" 1 0 0 -1.80343100516829 -1.35099822573795 -1.01349885282887 -1.86494007596426 0 0 0
"286" 0 0 0 -1.11300305564515 -1.25020368315618 -1.03779678878888 -1.07239855576065 0 0 1
"287" 0 1 0 -0.182738543922987 -0.00750292046423487 -0.146889282912618 -0.154577884295355 1 0 0
"288" 1 0 0 0.294781055559481 0.182601294481982 0.386479606873918 0.275960370730087 0 0 0
"289" 0 1 1 0.112935836503775 -0.512543337764689 -0.0614279864773735 -0.16164696133316 0 1 1
"290" 0 0 0 -1.89546792650192 -1.28294712854514 -1.73027406709227 -1.60013944133202 0 1 0
"291" 0 0 1 -1.03232038244172 -0.897701265074416 -0.852843859869164 -1.33783643326372 0 0 0
"292" 1 1 1 1.0531108612545 0.396245822303355 0.870737306251744 0.49954159057533 1 1 1
"293" 1 1 1 0.919375384244669 0.939254977629668 0.503137597527834 0.0052917670341317 1 1 0
"294" 0 1 1 0.0731616247057045 0.201035681626268 -0.248243806624588 0.317320185293861 0 0 0
"295" 1 0 0 1.10652417190024 0.416516843644357 1.33631970277122 0.783045234576842 0 0 0
"296" 0 1 0 0.736106318665548 0.162787133889209 0.711792739613255 0.478071156826961 1 1 1
"297" 0 0 0 -0.545409933418968 -0.334187230883358 -0.652280680969539 -0.229741537176482 0 1 1
"298" 0 0 0 -0.752002335536796 -0.553505297691023 -0.428357930687544 -0.540506367308037 1 1 0
"299" 0 1 0 0.297456894231278 0.353802236344935 0.474594469808213 0.670861877617224 0 1 0
"300" 0 0 0 0.576926831035094 0.196639462107026 0.706507591748404 0.0996734890412105 0 1 0
"301" 0 1 1 -0.387888171324478 0.142729187922762 -0.807942204012316 -0.592631676677904 1 0 1
"302" 0 1 1 -0.943586594638416 -1.0199639154013 -1.2884147731105 -0.543106682993181 1 1 1
"303" 1 0 1 0.834555189996402 0.20943322744289 0.125440286233961 0.418769271781365 0 1 0
"304" 1 0 0 -1.58233669732719 -1.26435600168819 -1.79767094866724 -1.39776795661017 1 1 1
"305" 0 0 1 0.05632699720738 -0.868394311002043 0.0349315121140678 -0.548007570041278 0 0 1
"306" 1 1 1 -0.362446321011926 -0.139218562347439 0.335924629978704 0.159320928546406 1 1 0
"307" 0 0 1 -1.31227220487902 -1.82821670413889 -1.63279130103097 -1.49686024554875 0 0 0
"308" 1 0 1 0.299110251070699 0.16714190752587 0.0151260460795047 0.0244471008887831 1 1 1
"309" 0 0 1 -0.0366885852028663 0.101431783840317 -0.541207992359275 -0.519582522624177 0 1 1
"310" 1 1 0 1.81608728603297 0.878472616180374 0.790985361605919 0.929295220562125 1 1 1
"311" 1 0 1 0.568373479946914 0.473697799389924 0.571389859722226 0.466310143479369 1 0 1
"312" 1 1 1 0.686174688041827 0.356478722683099 0.575519090810569 0.544616905379458 0 0 0
"313" 1 1 0 0.244336752465797 0.115828997039646 0.634965262256724 0.239214073474012 0 0 0
"314" 1 1 1 0.394574276044343 0.149476601861886 -0.52636246819076 -0.274099144367436 1 0 1
"315" 0 1 0 -0.244587467107121 -0.438020537546243 -0.287359009740804 -0.546869589408001 1 1 1
"316" 1 1 0 0.609029815454673 -0.119033595509664 0.809586927876793 0.132605646349043 0 1 1
"317" 1 1 1 1.14610492560345 0.193374161621506 0.558409657614923 0.570191143281999 0 1 1
"318" 1 1 0 0.222450207409101 1.21969723013052 0.413322546147852 0.149031024048723 0 1 0
"319" 1 0 1 0.423245066990935 0.819766993561053 0.431941276695711 0.441873023612039 0 0 0
"320" 1 1 1 2.14913089987517 1.64881411510471 2.0059141038538 1.48509058506184 1 0 1
"321" 1 1 1 0.793270102861752 0.730654092630644 0.939898241474479 0.830572036528344 1 1 0
"322" 1 0 1 -0.544913761951385 -0.529347738472209 -0.829995844955508 -0.421196867642878 0 0 1
"323" 1 0 0 0.7928800076234 1.09349359019842 1.20972361256597 0.778438279654304 0 1 1
"324" 1 0 0 -0.308897209324398 -0.331129271071853 0.141733045423631 -0.610613284352873 0 0 0
"325" 0 0 0 -0.17070582648122 0.041090909505201 -0.462187825883433 -0.331016122669467 0 0 0
"326" 0 0 0 -0.0526443196384462 0.190562676835759 0.03631921957274 0.0846288551148244 0 0 0
"327" 0 1 1 -0.436463798401761 0.120907250384541 -0.28923889085641 -0.17271780555806 0 0 1
"328" 1 0 1 1.63534894865334 1.12693779438337 1.19417693383328 0.434762281631547 0 0 0
"329" 0 0 0 -1.53348218993148 -0.785787521217106 -1.52505965489658 -1.57750785621632 1 0 0
"330" 0 1 0 -1.71208549854172 -0.732591130952877 -0.801196337579342 -0.965231513335939 0 1 0
"331" 1 1 1 -0.611443988953184 -0.710784880332731 -0.583493879341944 -0.109022785262453 1 0 0
"332" 1 0 0 -0.457985267582076 -0.141022656406417 -0.0771183170007698 0.289112504145918 0 0 0
"333" 1 0 1 -0.389155353925501 -0.202236218240387 -0.485548089879125 -0.286186296804766 1 1 0
"334" 0 0 0 -0.511469860435146 0.657673133969241 -0.0366966817813887 -0.2955575448262 1 0 0
"335" 0 0 1 0.145586918673824 0.284323708480422 0.0310885784905785 -0.201957390225154 1 1 1
"336" 1 1 1 0.185070425311799 0.0287872467611536 -0.138504010213078 0.0130990281697722 1 1 0
"337" 0 1 1 -1.40138853063863 -0.858447206533992 -1.76492733362323 -1.0633665525691 0 1 0
"338" 1 1 1 -0.428124948986069 -0.255254020302477 -0.656075605106319 -0.322162953164433 1 1 1
"339" 0 1 1 1.13907812403616 -0.352374044251859 0.201448682403211 0.447109241457749 1 1 0
"340" 0 1 1 0.221703669023635 0.206961002684508 0.635164080775606 0.457120219076077 1 0 0
"341" 1 1 1 1.14507729432744 0.300702713902849 0.745892234101381 0.16967168838512 1 0 1
"342" 1 0 1 0.121277337186419 0.226833944707509 0.463115976629512 0.906926399670187 1 1 1
"343" 1 1 1 -0.897184809404347 -0.931703027337044 -0.800382909744036 -0.794426274237488 0 0 0
"344" 1 0 0 0.123334175807316 -0.407442707366904 0.0382177847421696 -0.528342349594578 0 1 0
"345" 1 1 1 0.67207789927105 0.518826897386484 1.06685695114899 0.742148682837915 1 1 1
"346" 0 0 1 -0.41234200871631 -0.268815998433079 -0.197421923185473 -0.0108896851817359 0 0 1
"347" 1 1 1 1.34302533106036 0.742642559662416 1.36500847931683 1.32360933259114 1 1 1
"348" 0 0 0 -0.257617709662806 -0.258988941046701 -0.63428782521567 -0.713730560824368 1 0 0
"349" 0 0 1 -0.558684155294666 -0.847267669143556 -0.285259905605431 0.0417956983769691 0 0 1
"350" 1 0 1 -0.0637521560628026 -0.0295478425391262 0.487264914600401 0.733615478582004 1 0 0
"351" 1 1 0 0.778290312010032 0.324807872609086 0.220851451624019 0.603805660526585 0 1 1
"352" 1 0 1 0.231287160304136 0.0721074384646889 0.194539680602426 -0.126908680618658 0 1 1
"353" 0 1 1 -1.55081331122997 -1.38715162341954 -1.39351994207052 -1.61478966485295 1 0 1
"354" 0 0 0 0.75164658969447 0.127449340023239 0.198694352940405 -0.17682194019672 0 0 0
"355" 0 0 0 -1.23231081786797 -1.1088652491203 -1.22757567021765 -1.17912039528435 0 0 0
"356" 0 1 0 0.977893640121404 0.624219567792661 1.0699678482113 0.830170717833484 0 0 1
"357" 0 0 0 -1.55605885682616 -1.92398699790706 -1.14623827045051 -0.731374438055523 1 1 1
"358" 1 1 1 1.49974801519631 1.11834025140128 1.15776822816187 1.14016592858635 0 1 1
"359" 0 0 0 0.327540822299947 0.300277390523304 0.67767258980987 0.290341163035021 0 0 1
"360" 0 0 0 0.145979898913025 0.266834101528892 0.42705797280962 -0.017113311357414 1 1 0
"361" 0 0 0 0.386921565903462 -0.122930835124903 0.0954298101947875 0.116712536448298 0 0 1
"362" 0 0 0 0.835951715795215 1.13384468165208 0.903096470869043 0.740921215395065 1 1 1
"363" 0 0 1 -0.580736071247362 0.192245311404477 0.0308659318990797 -0.137910452542994 1 0 0
"364" 1 0 0 1.4740990904141 0.646928650778456 0.530095592030791 0.447804389882577 0 0 1
"365" 0 0 0 0.168450471585842 -0.518927378387095 0.318446747129729 -0.144571765794066 1 0 0
"366" 1 0 0 0.44632182346124 0.455621795912449 0.578268023902709 0.318243304827121 0 1 1
"367" 1 0 0 0.283380235778974 0.16680500653835 0.250685130010639 0.0810632556308072 0 0 1
"368" 1 0 0 -1.12999789916287 -0.361023617396229 -0.828323918837334 -0.117829863977865 1 1 1
"369" 1 1 1 0.71296792295506 0.374047174043343 1.19764235476191 0.531803488206734 1 0 1
"370" 1 1 1 -1.39520278994864 -0.460784117330853 -0.744040625693924 -0.878006005128427 0 1 1
"371" 1 1 1 -0.329896932495013 -0.596428394216005 -0.611420076372697 -0.0696170537016114 0 0 0
"372" 0 1 0 -0.543166712125521 -0.270487611444536 -0.546581986127454 -0.154213620959974 1 0 1
"373" 1 1 1 -0.310725460889126 0.0359346846609551 -1.29626499509402 -0.296423782453806 0 1 0
"374" 0 0 0 -1.43336903363316 -0.598062023052437 -1.5939956215974 -0.99459759595741 1 0 0
"375" 1 1 1 0.44822853521491 0.311290063776863 0.666145364581866 0.560690999562224 1 1 0
"376" 1 1 1 0.053358763023908 -0.142064230524342 -0.475894607431281 -0.442885791075665 0 1 1
"377" 0 0 0 -0.236328789379065 -0.0804093340513181 -0.305415384194621 -0.438275309617258 0 1 1
"378" 1 1 1 0.384586954570834 -0.0277894583616138 0.540016374669205 0.231283826628287 1 0 0
"379" 1 0 1 0.380941462468156 -0.313821383506876 -0.0451242486011515 0.0441390877083353 0 1 0
"380" 0 0 0 -0.135167315959703 -0.318610406331665 -0.763887450613004 -0.341023819350621 1 0 1
"381" 1 1 1 1.29373484522647 1.0107206859313 0.828164993439917 0.836327585561303 0 1 1
"382" 0 1 0 2.00122153372569 1.24469538263999 1.48693797932196 1.28897123026724 1 0 1
"383" 1 1 1 2.73810603477407 1.55677198120243 2.7647249900303 2.03517861317973 1 0 0
"384" 1 1 1 1.12838703258664 1.16236829093997 1.11013124907094 0.988587180337473 0 0 1
"385" 1 1 1 0.73537048744358 0.20971040435817 1.08336496007 0.299625936482346 0 0 0
"386" 1 0 0 -1.92866225538158 -1.21099906615674 -0.871471751424339 -0.864907686466316 0 0 1
"387" 0 0 0 -0.0130999594186683 0.231541190225836 0.264656020830115 -0.305921925049036 0 0 1
"388" 0 1 0 0.844812638607336 0.441667576579608 0.497864213074613 0.621458590448334 1 1 0
"389" 1 1 0 0.360628306737701 0.276472251599282 0.192598120262215 0.404312464943064 1 1 1
"390" 1 0 0 1.89425488852636 1.85490898108243 1.59975889840986 1.32311225678341 0 1 0
"391" 1 1 1 1.08334169177358 0.66351450689706 -0.0766713634167133 0.675950418738582 1 1 1
"392" 1 1 0 0.913819700719369 0.103401602649907 0.211684758328752 0.190090590157804 0 1 0
"393" 1 0 0 0.493071626232319 0.97038344383191 0.568847259471111 0.31152873022058 1 0 1
"394" 0 0 0 -1.72746008745978 -1.23958710560949 -1.10051257802873 -1.23483713035983 0 1 0
"395" 0 1 1 0.259180127921022 -0.0254354286536092 0.017554707970949 -0.102435425885697 0 0 1
"396" 1 1 1 2.48821818894002 1.62178814370758 1.91890668254099 1.33618860357824 1 0 1
"397" 1 1 1 -0.286873235870868 -0.156699950184907 -0.095782553049799 -0.35673111721497 0 1 0
"398" 0 1 0 0.596164166555727 -0.343599833946896 -0.70130900516477 -0.063407686049027 1 0 0
"399" 0 0 0 -0.521157947003933 0.259006284987932 -0.541472057688968 -0.357324323836574 0 0 1
"400" 0 0 0 0.100393166359412 0.316397173906826 0.151868349853149 0.120945973178738 0 0 0
"401" 0 0 0 -1.75691767071428 -0.879345911592642 -1.1654929534793 -1.23377154199777 0 1 0
"402" 0 0 1 0.509327013745773 -0.146874844349632 -0.111115735164607 0.053551776867314 0 0 0
"403" 0 1 1 -0.0110090542086771 0.0358379077280002 -0.0745504636843861 -0.0795484379924208 0 0 0
"404" 0 0 1 0.079338367687062 -0.589800746644613 -0.31904843048438 -0.540857806412575 1 1 0
"405" 0 0 0 1.10391319018422 0.21244421320601 0.215422769502907 0.028640235484255 0 1 1
"406" 0 1 0 -0.760115316552701 -1.21351662799612 -1.30231347005933 -0.42014821685939 0 1 0
"407" 0 0 1 0.894068280495741 0.57324793586158 0.871546856998092 0.686639167222103 1 0 1
"408" 0 0 1 0.406998709716384 0.453669691373411 0.722346095670765 0.64064711943308 1 1 1
"409" 1 1 0 0.46860245335352 0.285597579010257 0.997761864859833 0.567208145182954 0 1 0
"410" 0 1 0 -0.687529193584143 -0.45502753341867 -1.53984615221855 -0.541720679494387 0 0 0
"411" 0 1 1 2.2841607293953 1.53501358615907 1.596948799703 1.25102956425746 0 0 1
"412" 1 1 1 -0.430304100352172 -0.375097452983173 -0.809757727469683 -0.618431932228679 1 1 0
"413" 0 0 1 -0.594127372203842 -0.608288173074754 -0.419258465573894 -0.861134251679036 0 0 1
"414" 1 0 1 0.541080152676513 0.480063906618845 0.618502282643196 0.700290021540706 1 0 0
"415" 1 1 1 0.0175251399848185 -0.483649486143221 0.0939518689788158 -0.241351726256148 0 1 1
"416" 0 0 1 -1.65664513725543 -1.11715468682945 -1.4399743900997 -1.27653118708376 0 0 0
"417" 0 1 0 -0.119751280476157 -0.0412538925218546 0.0722986933826648 -0.312938660419261 1 0 1
"418" 0 1 1 0.858528946691106 0.44006362245817 0.455292786773868 0.391359714956991 1 0 1
"419" 0 0 0 0.333288658056855 0.33928132905478 0.150637694723191 0.283164858527606 0 0 0
"420" 1 0 1 0.681925711752817 0.185424169239789 0.8895054533781 0.693551884493732 1 1 1
"421" 1 1 0 1.19727384235716 0.754639331228313 1.34798687217288 0.714116486517494 1 0 1
"422" 1 0 0 -1.36682696288081 -1.0135329677906 -1.24461084316249 -1.12684760688373 0 0 0
"423" 0 1 0 -0.228760421009013 0.768240182931674 0.18755790538565 0.247432737897435 0 0 1
"424" 1 0 0 -0.938665296956916 -0.741796097560852 -0.816797292201013 -0.619688849463727 0 0 1
"425" 1 1 0 0.376189540133309 -0.535236992551474 -0.195205712772796 -0.553854356393604 1 1 1
"426" 0 0 0 -1.26609429273532 -0.743847490107821 -1.22113074763656 -1.00745570799136 0 1 0
"427" 1 0 0 -0.28233982600229 0.357970313190101 -0.560985886463658 -0.35579824389617 0 1 1
"428" 1 1 1 1.73633315824588 1.64464354874818 2.10622824227274 1.762022421655 0 1 1
"429" 1 1 1 2.25985061290587 1.24497356165448 1.90139277345543 1.49180309139029 1 0 1
"430" 0 0 1 0.130752817658372 0.459248419030889 0.0619569900718115 0.170990891178467 0 0 0
"431" 1 1 1 0.255781504450907 0.606905929082711 0.563464044402553 0.412182977820233 0 1 0
"432" 0 0 0 0.422956701915413 -0.419345110012968 -0.00447040060978116 0.0833901233043579 0 1 1
"433" 1 1 0 1.51432817520318 0.259700018666618 0.956170021556223 1.10688811535539 0 0 1
"434" 0 0 0 -1.18999498052371 0.17533661733627 -0.580469970483812 -0.145717845544273 1 1 1
"435" 1 1 1 2.56223698561809 2.24007669213129 2.88389873527752 2.28511713026252 1 0 0
"436" 0 1 0 -0.946054627572118 -1.19622259965195 -1.45048336483413 -0.862653722294197 1 1 1
"437" 0 0 1 -1.25134802442609 -0.853251579307014 -1.45953208999019 -0.900062909958844 0 0 0
"438" 1 0 0 -0.84170119703809 -0.639882602803536 -0.86113995287027 -1.1913879585771 1 1 1
"439" 0 0 1 -0.889934894892493 -0.247057891969856 -0.53616609935972 -0.159545368860947 0 0 1
"440" 0 0 1 0.231255029369989 0.0454894036753752 -0.172032116917692 0.212567559796171 0 0 0
"441" 0 1 1 -0.707479008609946 0.0375429175819051 0.00977934443893103 -0.197669971708301 1 0 1
"442" 1 1 1 1.04668114449128 0.353040587866679 0.72637855163744 0.828469347507967 0 1 1
"443" 0 0 0 -1.03298841501669 -0.516165099529257 -0.544699062379548 -0.887378346649613 0 0 0
"444" 0 1 1 -0.404818743631112 -0.227004332226802 -0.222147196513589 -0.198955471576471 1 1 1
"445" 1 1 1 -1.85492591409436 -1.34701913460367 -1.45461462418087 -1.13490830686724 1 0 1
"446" 1 0 0 -1.4283823869197 -0.585981612024024 -1.31383718494002 -0.540687689255882 0 1 0
"447" 1 1 1 -0.680370321305743 -0.542860952702151 -0.882464197949986 -0.857675188717628 1 1 1
"448" 1 1 1 -1.49354745686522 -1.3519266573189 -1.69470245222134 -0.846834259425469 1 1 0
"449" 0 1 0 0.886916995282293 0.665870990773736 0.989041391788634 0.714991431190938 1 0 0
"450" 1 1 1 1.94772821517652 0.865079118800782 1.69677502390314 0.927517025898317 0 1 0
"451" 0 1 0 0.105204346557319 0.215114757140933 0.175163218779085 -0.695721998509582 0 0 1
"452" 0 1 0 -0.339396922329398 -0.0641432484002735 0.26012511021679 0.126957291986626 1 1 0
"453" 1 1 1 0.127777984888648 0.955822957455578 0.46741326743372 0.658498300723341 1 1 1
"454" 0 0 0 -2.43681919829492 -2.21099759243883 -1.94808417566249 -1.88126038390229 0 0 0
"455" 1 1 1 -1.33289776463841 -0.352269798435227 -1.06117843707105 -0.336264676972685 0 0 0
"456" 1 0 0 0.716777332363029 0.349691211731007 0.554735527274535 0.229616398456079 0 0 0
"457" 0 0 0 -0.622248004674482 -0.109924370641092 -0.439535114023389 -0.56249482513927 1 0 0
"458" 1 1 1 1.79974617408092 0.980693526166538 1.44247738191961 0.726137735616562 1 0 1
"459" 1 1 1 0.0803549145548516 -0.0334274418824662 -0.189049097757328 -0.515956960500316 0 0 1
"460" 0 0 0 -1.4577997549813 -1.05070897184625 -0.704987170508664 -0.413731582515272 0 1 0
"461" 0 1 1 -2.97589569079059 -1.666422248952 -2.25487158869428 -2.00538492065599 0 1 1
"462" 1 1 1 0.26262354128971 0.358593022602517 0.690031676408015 0.521180758600806 1 1 1
"463" 0 0 1 -0.701756535797436 -0.134486867029335 -0.702135654387838 -0.153659188229654 1 1 1
"464" 1 0 0 0.372783017503451 0.193958419945303 0.455565202271566 0.212903901266467 0 0 0
"465" 0 1 0 -0.484182652886475 -0.414010237620066 -0.74309325308806 -0.628822938933016 0 1 1
"466" 0 1 1 2.19135868184932 1.79371693738308 1.9131233846825 1.64776473527004 1 1 1
"467" 1 1 0 0.368260336748241 0.49132599620433 0.486233468358611 0.0750783269678398 1 0 1
"468" 0 1 0 -0.654258013877142 -0.305341958130046 -0.53145073684771 -0.869816717404973 1 0 0
"469" 0 1 0 0.489919234024283 0.487509902562382 0.948765050902742 0.651802119226716 0 0 1
"470" 0 0 0 -1.80059260751231 -0.92286969979426 -1.34969112251929 -0.858628915722606 0 0 1
"471" 1 0 0 -0.63467736686965 -0.783317258960833 0.137654850009655 -0.231325496215457 0 0 0
"472" 1 0 1 0.730555334517253 0.541412600459298 1.4622275392106 0.883544626057898 1 0 1
"473" 1 0 1 -0.107367235612108 -0.412954728652891 -0.304057203837651 -0.290641254089779 0 0 1
"474" 0 1 0 -1.26462523777272 -1.4892615508753 -1.68593994230822 -0.753429468868983 1 0 1
"475" 1 1 1 1.40622135652133 0.94687158424011 1.37890461991939 0.792666869181001 0 1 1
"476" 1 1 0 0.166230739840939 -0.000250664192996811 0.00563239804080986 0.0742689055507244 0 0 1
"477" 1 1 1 0.888133319441763 0.943981303220261 1.14928024131354 0.700346268128785 0 0 0
"478" 1 1 1 0.145377662517498 0.686220313935416 0.303364440709242 0.442746806671302 1 1 1
"479" 0 1 0 0.777048442377976 0.964776331861574 0.867300920989581 0.421724052690004 0 0 0
"480" 1 1 1 0.0679520098283404 0.410850986312208 0.718597896648754 0.222242375509944 1 0 1
"481" 1 1 1 0.25929838702599 0.506826741446757 -0.205815817011903 0.114829281431029 1 1 0
"482" 1 1 1 0.273626737632145 0.44726332342263 0.262523635993958 -0.122031231367161 0 0 0
"483" 1 0 0 1.52242895699702 0.71527132247596 1.60041400757225 1.09350468339456 1 1 1
"484" 0 0 0 -0.833442283547184 -0.465326605934297 -1.02015036674137 -0.408190325584667 0 0 0
"485" 0 1 0 -0.000119629109785545 0.212059362192008 -0.423797343289894 0.128239484566876 0 0 0
"486" 0 0 0 -0.0818000680966713 -0.0310159171621358 -0.196867373287363 -0.262644622329159 0 1 1
"487" 0 0 0 0.41305635089155 0.903278098149398 1.13679942909546 0.619025723683837 0 0 1
"488" 1 1 1 1.36341952867066 1.26063368639942 1.35375106166022 1.3068546950354 1 0 1
"489" 0 0 0 -0.0397449282652629 0.552016941691749 -0.363385561270507 -0.810947513471239 1 1 1
"490" 1 1 1 1.28730017449047 0.484228642287516 1.18716608803492 0.772769476489706 0 0 1
"491" 1 1 1 -0.505176379228662 0.100024956289414 -0.302865897490833 -0.00238022732547447 1 1 1
"492" 1 0 0 0.436539584665736 0.0602190847531808 0.0851529827214802 0.305780051983284 0 1 0
"493" 1 1 0 0.341511779793666 0.56881588663616 0.0174781112064566 0.268685242672658 0 0 0
"494" 1 0 1 0.932813076714868 0.986258687888508 0.745562936999794 0.492983498681068 0 0 1
"495" 1 0 1 -1.5318331394912 -0.592859900136749 -0.979501591845589 -0.680511073488073 0 0 0
"496" 1 1 1 2.12937633093503 1.83197315660332 1.99466721903555 1.80552406686764 0 1 1
"497" 1 1 1 -0.501799723072544 -0.293228154652139 0.208364163096944 -0.0279707562055029 1 0 1
"498" 1 1 1 -0.450189029477046 -0.232588997267708 -0.562203977990805 -0.0684630963431604 0 0 1
"499" 1 0 0 -0.242783187119144 -0.0507956398412663 -0.0593528561161881 0.0166873961479235 1 1 0
"500" 1 1 1 -1.80201218142109 -1.42337186332032 -2.04839984046448 -1.25657172390185 0 0 0
