"V1" "V2" "V3" "V4" "V5" "V6" "V7" "V8" "V9" "V10"
"1" 1 1 0 0.543621486182737 0.379761120741568 0.912654537913574 0.716672335815198 0 0 1
"2" 0 0 1 -0.0785269714025986 0.346340204617396 0.229252893449097 0.0382809124507993 0 0 0
"3" 1 0 1 0.404143948760813 0.100908645834939 0.362081396147636 0.070311892677426 1 1 1
"4" 1 1 1 2.1937652677346 1.55486826425272 2.37117404435024 1.20825352939426 1 0 1
"5" 1 1 1 0.0181901172399416 0.630160440928799 0.578858084354555 0.267741563696816 0 0 0
"6" 0 0 1 0.580811245974587 -0.00827648162785914 0.196039181935315 -0.0523201824205673 1 1 1
"7" 1 1 1 2.36328125503141 1.93417193125773 2.29811998371945 1.64675123233533 1 0 0
"8" 1 1 1 -0.365623584004939 0.113062498238471 -0.252035348727901 -0.0874668138884883 0 1 1
"9" 1 1 1 1.4894195186627 0.61524760996913 1.11998571204806 0.629381799154829 0 1 0
"10" 0 0 0 -0.380167876034588 -0.402604800239129 -1.22402793897517 -0.710316961697296 0 1 1
"11" 1 0 1 -1.88301425642929 -0.591886671334977 -0.908223550081064 -0.671799147784563 0 1 0
"12" 0 0 0 0.159030664238334 0.0521364118152994 0.357386635019005 0.51206607769505 1 1 0
"13" 0 1 0 1.10843693525437 1.45541110807309 1.41056236157346 1.02584145293046 1 1 1
"14" 0 0 0 -0.78646652870713 -0.405528325003381 -0.836690121424605 -0.679078500604457 1 0 0
"15" 1 1 0 -0.952183312262779 0.473075523172181 -0.125651318145025 -0.0208748872903245 1 1 1
"16" 1 1 0 -0.195646604109637 0.603024865424626 0.565878772676759 0.212203278270688 0 1 0
"17" 1 0 0 0.397196991871607 0.301205214426274 0.570109803005468 0.255723086897813 1 1 1
"18" 1 1 1 1.04438188917472 0.861550338871777 1.29656441031796 0.999047666197489 0 1 1
"19" 1 1 1 -1.13726786420239 -0.266495958149857 -0.632884378448042 -0.476668854294751 1 0 0
"20" 0 0 1 -1.51404424363993 -1.28444579487004 -1.44439989942227 -0.87704368947442 0 0 0
"21" 0 1 0 -0.627347952518507 -0.845569652561386 -0.863059967528347 -0.51858705770988 0 0 0
"22" 1 1 1 1.55754585105243 0.796186411404903 1.61598647148141 1.10284696256913 0 0 1
"23" 1 0 0 0.659208838752684 0.827914438622818 0.899397084685351 0.555977273674272 0 1 1
"24" 1 0 1 -0.584966965331228 -0.314800635308866 -0.459951273799812 -0.0797689867412844 1 0 0
"25" 1 1 1 1.30091841109419 0.695163591310698 1.4733651559798 0.610701925701336 1 1 1
"26" 1 1 1 0.015255774697872 0.249978365443172 -0.219567111209836 -0.0803401488426649 1 0 1
"27" 1 0 1 0.443644249284528 0.510339335747028 0.199253445781837 0.0997043190534477 0 0 0
"28" 0 1 0 0.369913282731138 -0.488610641659595 -0.0337364357621234 -0.180201576941844 0 0 1
"29" 1 0 1 2.51922943291882 1.69378917002445 2.25131288376574 1.63161834185455 1 1 0
"30" 0 0 0 0.345774166391081 0.921670374123466 0.191392164234215 0.934669075542906 1 0 0
"31" 0 0 1 -0.404107848828959 -0.73943212982872 -0.409746229355035 -0.954993335248233 1 0 0
"32" 0 0 0 0.127407142876023 -0.239437177346898 -0.362093949860178 -0.401990296272495 0 0 0
"33" 0 0 0 -1.66291644562794 -1.27644628845778 -0.947319581951933 -1.61005181156799 0 0 0
"34" 0 1 0 0.152989634715347 0.35106779454342 0.197717676202695 0.171194568471919 0 1 1
"35" 1 1 1 -0.649773774781787 -0.805403286983394 -1.03563621229647 -0.525246336300917 1 1 0
"36" 1 0 1 -1.00831817170232 -0.85669464930013 -0.92041510803578 -0.683466264890241 1 1 1
"37" 0 0 0 -0.265518570394098 -0.470372181061044 -0.647079580959431 -0.705332109629543 1 0 1
"38" 1 0 1 0.125450738557428 0.870071796577528 0.0086488084307576 0.00385637870580215 1 1 1
"39" 0 0 1 -0.0415483454510789 0.600896381311299 -0.238964603275224 0.293792226515627 0 0 0
"40" 0 0 0 -1.34796894972582 -1.68615628248515 -0.918679871947924 -1.25225837938756 0 1 1
"41" 1 1 1 0.382806358351453 0.765246215997401 0.519623815447636 0.481071424888468 0 0 0
"42" 0 1 1 -0.296655710467097 0.184092998565181 0.372888447206936 0.608915503922819 0 0 0
"43" 1 1 1 0.911689245138012 1.1352595606381 1.2553248319844 1.07932111773253 1 0 1
"44" 0 0 0 -1.44427441580166 -1.27008599795448 -1.39872152349467 -0.918169105406768 0 0 1
"45" 1 0 1 -0.572033183155454 -0.287318173552969 -0.40569892512787 -0.166164214267094 1 0 1
"46" 1 1 1 0.0896879958430653 0.249046806119767 0.366858622094396 -0.168561181866023 0 1 1
"47" 1 0 0 -1.67449790439955 -1.32662079310654 -1.63189312985055 -1.28844919118436 1 0 0
"48" 0 1 1 -0.433742686873197 0.165406633612002 -0.550131761883491 -0.665932895733415 1 1 1
"49" 1 0 0 -0.595744466947135 -0.207328212378418 -0.218121204021691 -0.522707724027795 0 1 1
"50" 1 0 0 -0.00475837199923512 0.947965088041248 0.0870081427911537 -0.451490864227308 0 1 0
"51" 1 1 1 2.70538638688677 1.91256828410543 2.30316493989726 1.99048778105023 1 0 0
"52" 1 1 1 -1.5819215862508 -0.417711077184831 -1.06755705144489 -0.530096439070586 1 1 1
"53" 1 1 0 1.42007596192042 0.759210334040343 1.42595270563559 0.807580053447223 0 1 1
"54" 1 1 1 0.506788291366757 -0.0429072868710247 0.578190087310139 -0.32049990675917 1 1 1
"55" 0 0 1 1.14130831129567 0.893112397992113 0.830901301270913 1.04868263910938 1 0 1
"56" 1 1 1 0.0691761916921591 -0.0330925874596553 0.0744387707640846 0.0323651939772848 1 1 0
"57" 1 1 1 0.319565433283957 -0.0937205246759993 0.240172593623151 -0.270435571274461 0 0 0
"58" 0 1 1 2.26719188335897 1.61260154824841 1.82814821234413 1.89502873202477 1 1 1
"59" 0 0 0 0.464362321432325 0.123741919480596 0.242160673218826 0.0130201003235841 1 0 1
"60" 0 1 0 0.314869061522719 -0.315791607903553 -0.0213892641570383 0.355930714646618 1 1 1
"61" 0 0 0 1.14476195850986 0.293348030612284 0.740716311182202 0.809751256325044 1 1 0
"62" 1 1 1 0.134757795370662 0.295110155560758 0.203005546874148 -0.10208162544778 0 0 0
"63" 1 0 1 -0.110129308227855 -0.0647464539595073 -0.217908875784449 -0.504321057368241 0 0 1
"64" 1 1 0 0.254818854749854 0.368612257137271 -0.0560346203350039 0.323909151142686 1 1 1
"65" 0 1 1 0.389870900398966 0.78833085101388 0.715590299826816 0.500654465183097 1 1 0
"66" 1 1 1 2.0355193632219 1.08913479425867 1.79132556708915 1.2897031877007 0 1 0
"67" 0 1 1 -1.66919169488221 -0.634744783203581 -0.916398708254193 -0.836074566707942 1 0 1
"68" 0 0 1 -0.641200566717536 -1.30201089670757 -0.762730543113697 -0.709743844937448 0 0 0
"69" 0 1 0 -1.03504836696825 -0.135149423094314 -0.689595010872177 -0.370136225869705 1 0 1
"70" 1 0 1 1.42410599528679 1.00602340044814 1.23410320300462 0.603696373485624 1 0 0
"71" 0 0 0 -0.113036175170213 -0.163072542417114 -0.0746898105959628 -0.0244052269421877 1 0 1
"72" 1 0 1 -0.336269210910654 -0.336686833631848 -0.0167867024983717 -0.00476414242138762 0 1 1
"73" 1 0 0 0.875038608437563 0.170703378404191 0.486205807915526 0.0710440901523087 0 0 1
"74" 1 1 1 1.43586405182801 0.650569576858123 0.854860751100675 1.21978635214838 0 0 1
"75" 0 0 0 -1.93757603826549 -1.29784340939995 -1.04259752111793 -0.694495733640133 1 0 0
"76" 0 0 1 0.872786125394572 0.010091876698573 0.535293818157565 0.153943040970206 0 0 1
"77" 1 1 0 0.92342396693407 1.16824924465566 1.24213028046023 1.03663050177167 1 0 1
"78" 1 1 1 -0.418901703785793 0.501465492868917 -0.43891826522284 0.363377941790755 0 0 1
"79" 1 1 1 0.891412513744232 0.70478414281982 0.52933755814175 0.144303392758836 0 1 1
"80" 0 1 1 -0.351907525848389 0.0550955374802517 0.479147853453936 0.0335645237357513 1 1 1
"81" 0 0 0 -2.52575365374862 -2.17333824608943 -2.3659804424437 -1.73936740783803 1 1 1
"82" 0 0 1 -0.0852936653794785 0.215574286973975 -0.110862950268025 0.338490985643069 0 0 0
"83" 1 1 0 -0.711529299913173 -0.530845466041976 -0.427752571452589 -0.241288381461796 1 1 1
"84" 1 1 1 2.04282534486869 1.29173078668654 1.1199153266044 1.27748335738767 0 1 1
"85" 1 0 1 0.226043943801047 -0.0426558116842535 0.571240874016076 0.19453712402709 1 0 1
"86" 0 1 1 1.59022925562602 1.5146951787727 1.63335841032087 1.11203379183942 1 1 1
"87" 1 0 1 2.79028290352036 2.27434406511166 2.33257855026341 1.86491413733826 0 1 0
"88" 0 0 0 -0.18831059748564 -0.940448099791844 -0.743160513329601 -0.604320093230351 1 1 1
"89" 1 0 1 -0.794695406826376 -0.278559230039392 -0.294614512610001 -0.865985408796881 1 0 0
"90" 1 0 1 -1.41113384802355 -0.408975696162524 -0.98363536484963 -0.305118617316732 1 1 0
"91" 1 1 1 0.464137899187377 1.22612070966848 1.16307805814791 0.506195308142772 1 1 0
"92" 0 0 0 0.674555819343322 0.721949625071165 0.142536967061552 0.628718688307138 1 0 0
"93" 1 0 1 -0.56477682824239 -0.450787162450797 -0.754016407430272 -0.534908463019363 0 0 0
"94" 0 0 1 1.09315014409774 1.10869725731731 1.1897077040709 0.740495663997988 0 1 0
"95" 1 1 1 -0.133799561734913 -0.818613006711597 -0.330406336606954 -0.468623037205577 1 1 0
"96" 1 1 1 -3.12054289943188 -1.70546281063035 -2.55532613773636 -1.69977314060212 0 0 1
"97" 1 1 1 0.152402374656265 0.0447382313592976 0.300031197475762 0.258802198648474 1 0 1
"98" 1 0 0 -1.10719208421069 -1.15990617999068 -0.754121978573733 -0.998454282325014 1 0 1
"99" 1 0 1 0.541964787161905 0.462682972301195 0.529352637342484 0.430124296985395 0 0 1
"100" 1 1 0 -1.18086999464871 -0.795126965608519 -0.551421619954887 -0.122819561232095 1 1 1
"101" 0 1 0 -2.51382187755015 -1.72805294469625 -2.42584979986119 -1.50648085641201 0 0 0
"102" 0 1 0 0.391986650267851 0.640070085460079 0.640585067101463 0.885469535883174 1 1 1
"103" 1 1 0 1.25555956748159 0.894877646091944 0.776961237778926 0.357725374737598 0 1 1
"104" 1 0 0 0.399480474624144 0.278312512424825 -0.517646958144601 -0.365476891345015 0 0 1
"105" 0 0 0 0.0692217441435374 -0.0726546723543003 -0.0720622026544138 0.0951059947373682 0 0 1
"106" 0 0 0 0.286141917890216 0.225835164285089 0.101924881132514 0.313098400361588 0 0 0
"107" 1 1 0 0.146087616160407 -0.291263911230365 -0.00464227631712636 0.326428291995662 0 0 0
"108" 1 0 1 -0.910318829965838 -0.368049749576142 -0.461494756035332 -0.308690153959247 0 1 1
"109" 0 1 1 -0.899965462301015 -0.914305436409535 -0.015341975400184 -0.456771005312165 0 1 1
"110" 1 1 1 0.927139332948024 1.05110438198808 0.687839274301047 0.711619667191449 1 1 0
"111" 1 1 1 -0.0510174424284724 0.556558898390977 0.325379439925858 0.11381493318685 0 1 0
"112" 1 0 1 1.7927480245414 1.39750796635918 1.11499817431442 1.11450263996658 1 0 0
"113" 1 1 1 0.213879805745025 0.178316305886983 0.26738238108876 0.416718954943577 1 1 1
"114" 1 1 1 -0.522934054363648 -0.894771089104398 -0.783302278038137 -0.721450999058848 1 1 1
"115" 1 0 0 -2.02474787161399 -1.35388275879049 -1.47619598193223 -0.848499267137418 0 1 1
"116" 0 0 0 -2.07944618449028 -1.60906985785465 -1.50548826954949 -0.937027121070187 0 0 0
"117" 0 1 0 -0.644195173697658 -1.18156378694428 -0.839468230988287 -0.731982737223607 0 0 1
"118" 1 1 0 -2.07217278248028 -0.8776761547804 -2.07567480801426 -0.814123630034668 0 1 0
"119" 0 0 1 -0.571385840194315 -0.577393678241821 -0.616502694186867 -0.361331187580084 0 1 0
"120" 1 1 1 -1.32372907337354 -0.775607731426006 -0.564888559747537 -0.801555738927862 0 1 1
"121" 1 0 0 1.31134467257249 0.860583440163817 0.96916149063655 0.56998487255928 0 0 1
"122" 1 1 1 -0.134200943625187 0.303877241483747 -0.0700203259324657 0.0903046358474132 1 1 1
"123" 1 0 1 0.589759659835193 0.291644737895476 1.13676900521089 0.869905506304793 1 1 1
"124" 0 1 1 -0.868500669129104 -0.979789841516803 -0.804817655598772 -0.599250963622322 0 0 0
"125" 0 0 0 0.856847079040519 0.554163243869981 0.577067426556313 0.151659915687856 0 0 0
"126" 1 1 0 1.82615313266621 1.20612008610041 1.82687309137328 1.40383132484832 0 0 0
"127" 1 1 1 0.783535428003546 0.164042892508433 0.99732753659806 1.01786551289831 1 0 1
"128" 1 1 1 0.959808423010974 0.9803123096253 0.514395774883216 1.1619141230354 1 1 1
"129" 0 1 0 -0.879535332232432 -0.595679890572692 -0.264081081228547 -0.557663098418594 0 0 1
"130" 1 1 1 -0.228742024600076 0.433870857792787 -0.203608431843556 -0.0155986168491316 0 0 0
"131" 0 1 1 0.222629336498911 0.164694035539365 0.136631825921325 0.0997299203375075 0 1 0
"132" 1 0 1 -0.355259912813363 0.0782134920787331 -0.600355627460324 -0.244301976233459 0 0 1
"133" 0 1 0 0.367589165931293 0.134541789542791 0.532229300052544 0.403938844441456 1 1 1
"134" 1 1 1 -0.361043547844964 -0.719138885268323 -0.347980677079869 -0.368149930802518 1 0 1
"135" 1 1 1 0.240936826161004 0.312603254238703 0.247227037123943 0.553028736937772 1 0 1
"136" 1 0 1 2.1547717573805 0.941428809515054 1.4729848556831 1.11685928694781 0 0 0
"137" 0 1 0 -0.290592721457729 0.0756081037690317 -0.396149530847278 -0.387102261767657 1 1 1
"138" 0 0 0 -3.06794159178833 -2.34288598754727 -3.00478462995155 -2.35215173166278 1 1 1
"139" 0 0 1 1.15212643554574 0.430554525072749 0.875715441242676 0.445914490832125 0 0 1
"140" 0 1 1 0.352402089958431 -0.189889854030706 -0.114808547702561 0.257939360727249 0 1 0
"141" 1 1 1 0.10243899301595 0.401925533292582 0.438816715855562 0.323205118514019 0 0 1
"142" 0 1 1 0.158752147219183 0.547402459963024 0.0546188556740016 -0.106437869605986 1 0 0
"143" 1 1 0 -0.693161661460812 -0.271031044852788 -0.522012358633198 -0.486639729797606 0 1 1
"144" 0 1 1 -1.80608381991022 -1.21802920043209 -1.38710054122557 -0.658827508845835 1 1 1
"145" 1 0 1 1.38425242317717 0.825745768092592 1.24683315681156 0.914579725142004 0 1 1
"146" 1 1 1 0.180342455791306 0.0787566655972228 0.419649894161624 0.260839046890753 0 0 0
"147" 0 0 0 -2.48055789301934 -0.971594039824697 -2.47925481217628 -1.77021955316833 0 0 0
"148" 0 0 0 -0.341827653682583 -0.555988221878246 -0.189796649243906 0.212269309763507 0 0 0
"149" 0 0 0 0.125310629131393 0.508055135778034 -0.145576430684495 -0.538511363668598 0 0 1
"150" 1 0 0 -0.218212642230159 -0.562054188349528 -0.576617095256286 -0.236487853000015 1 1 1
"151" 0 1 0 1.75113883394802 0.866904048473052 1.08905719087094 0.757139326719736 1 1 1
"152" 0 1 1 -1.66384978365772 -1.43407569777153 -1.92857192105912 -1.23798505311368 0 1 0
"153" 0 1 0 -2.27596855086651 -1.70903051080195 -1.48674939054465 -1.32510407527594 0 0 0
"154" 1 1 1 -0.963580303794521 -0.0796047474909054 -0.0804304883701412 0.129005180956722 0 1 1
"155" 1 1 1 1.20598569935903 0.521800357139672 0.996397176170848 0.92315345761514 1 1 0
"156" 1 1 1 1.25963409620756 0.267143570083239 0.623452733512674 0.489853381697046 1 1 1
"157" 1 0 1 1.23414892095183 0.553735119677066 0.786976099285527 0.704671062984965 1 1 1
"158" 1 1 0 -0.287207893495705 -0.310754464577613 -0.31000976916924 -0.240913390147857 1 0 0
"159" 1 0 1 -1.33203993457464 -0.565358910387812 -1.05876518814288 -1.28275559643522 1 0 1
"160" 1 0 1 2.34721517892236 1.32703162300704 1.68260797151491 1.41418252879419 1 1 0
"161" 1 1 1 -0.752376455173518 -0.812825325133239 -0.814322367444944 -0.41805179242139 1 1 1
"162" 1 1 1 -0.306218365465985 -0.229645807655719 0.0571253420138691 0.237266853686893 1 1 0
"163" 1 1 1 0.755173277609963 0.756273271069237 0.746975203945157 0.970782068060263 1 1 1
"164" 1 0 1 -0.242722316870035 0.141481107534797 -0.0476207786202149 0.357605857788892 0 0 0
"165" 1 1 1 1.16138868251257 0.888909240574696 1.34094200028925 1.0931757317824 1 0 0
"166" 1 1 1 -0.25944615204264 -0.396002548785382 -0.395302017098757 -0.915724638791981 1 0 1
"167" 1 1 1 1.82576588700263 0.710985497753492 1.79009166397453 1.50668975163498 0 1 0
"168" 1 1 1 1.67166248203951 0.910682075469396 1.47554743193316 0.206711878976955 0 0 0
"169" 1 1 1 0.82649051931002 1.1482734395572 0.516610109633625 0.625622987641485 1 0 0
"170" 1 0 0 0.0776464750508372 -0.2160120160191 0.137484672392093 0.584552266281793 0 0 0
"171" 0 1 1 -0.38649877693174 0.373750269791433 -0.161989125465737 -0.12938034058718 1 1 0
"172" 1 1 1 -0.852301770264452 -0.981437353847922 -0.689506038229961 -0.834771040922001 0 0 1
"173" 0 0 0 0.0452393140900742 0.187972715517177 0.066542204067023 -0.17440047909335 0 0 1
"174" 1 0 1 0.15355251106001 0.204795232195843 0.113200344937316 0.256487792054047 1 0 0
"175" 0 0 0 -0.641608598179969 0.144239024646849 0.317469019878703 0.265471565090426 0 1 0
"176" 1 1 0 0.0854321579253034 -0.173306625110161 0.0341424942086854 -0.0700706726648081 0 0 0
"177" 1 1 0 1.04112101295837 0.797432047930821 1.21905815135325 0.847652824326286 1 0 0
"178" 0 0 1 -0.744687417465752 -0.507308215352511 -1.31653335821082 -0.338272240752613 1 0 0
"179" 0 0 0 -0.646208904816898 -0.812975267044499 -0.756371743090947 -0.226608503472164 0 1 0
"180" 1 1 0 -1.0053920772979 -0.964778439824197 -1.04904140354807 -0.77078284575605 0 1 1
"181" 0 0 0 -0.717872698113526 -0.0992158066527825 -0.770028122516895 -0.108981288424498 0 0 0
"182" 1 1 0 1.31901906852566 1.47320821263272 1.18915274346604 1.2608484710682 0 0 1
"183" 1 0 0 0.844687709922792 0.434855917580591 1.21066690753802 0.592647139426403 1 0 1
"184" 1 0 0 -0.99490919397588 -0.597852186660927 -0.632870536959437 -1.21967905314395 1 1 1
"185" 1 0 0 -0.834228421230773 -0.763418575258086 -0.556954314343874 -0.865521682256102 1 0 0
"186" 1 1 0 0.844180283175698 0.443262073928764 0.836193959914781 0.401629222875106 1 0 0
"187" 1 0 0 0.142152140301216 -0.299197600848749 0.286021352358077 0.786820222498978 0 1 0
"188" 1 1 1 1.08518589065714 0.565891700088369 0.878338074307112 1.10166838624535 1 1 1
"189" 1 1 1 0.694768500280327 0.438306110594598 0.254539999188787 -0.0488362805588518 1 1 0
"190" 0 0 0 -0.737700570760378 -0.920291985805946 -0.725419509138456 -0.876800076783785 0 0 0
"191" 1 1 0 0.381885424584991 -0.237767172760437 -0.282562250720209 -0.48324796332878 0 1 1
"192" 1 1 0 -0.472846622316345 -0.279691501949792 -0.107289395385623 -0.520174371079184 0 0 1
"193" 1 1 1 -0.0972730825837789 0.275669123402174 0.363594350844507 0.354242344363224 1 0 0
"194" 1 1 0 -1.17425757361661 -0.512676973130563 -0.788120559391531 -0.315530449257154 1 1 1
"195" 0 1 1 -0.863056876884707 -0.305388951233576 -1.18203940759885 -0.154745925005617 0 1 0
"196" 1 1 1 -1.25665849898067 -0.849678209164924 -1.30874559952612 -1.09685104842607 1 1 1
"197" 0 1 0 -2.05925231646565 -0.914263570261151 -1.945116878945 -1.09020311165801 1 0 0
"198" 1 1 1 1.03566593038175 0.944532518645884 1.56334510638461 0.413749989323372 0 0 1
"199" 1 1 1 0.921698933448109 0.589993324914148 1.37768026201132 0.905078537832842 1 0 1
"200" 1 1 1 -0.301806588585253 0.0706402823384095 0.37096861023915 -0.162249404995953 1 0 1
"201" 1 0 0 0.704365596140618 0.311781368922024 0.251152826866098 0.66241322817184 0 1 1
"202" 0 0 0 0.446010267695139 0.762710068595836 0.459570653221974 0.352821728862377 1 0 0
"203" 1 1 0 1.72968773120575 1.36250532368807 1.01501953199031 1.12506575181725 0 0 1
"204" 1 1 0 0.715478144547393 0.165957787412859 0.725010368124825 0.397672319993304 0 1 1
"205" 1 0 0 -1.6686948866928 -0.885312227957813 -1.39814275725174 -1.48069196530378 0 1 1
"206" 1 1 0 0.504556075553174 1.01943942795768 0.493525362878418 0.298164901468884 1 0 1
"207" 1 1 0 -0.144917688992064 0.472908082843865 0.227154302514934 -0.28820861886142 1 0 1
"208" 1 0 1 0.917802117534251 1.08717576965409 1.03134345161139 0.92839448239026 1 1 1
"209" 1 1 1 0.663848507339798 0.63457102531784 0.149685323008526 0.140922752583324 0 0 1
"210" 0 0 0 -2.56576169780307 -2.04483034777721 -2.62249268583394 -1.57967710804175 1 0 0
"211" 1 1 0 -1.28454027179858 -0.282627907060608 -0.7644687270417 -0.527272016899215 1 0 0
"212" 1 1 0 2.01533479964395 0.821080983007499 1.15906704256852 0.932746339430911 1 1 1
"213" 1 0 0 -0.262331944871562 0.0559655546251906 -0.297270550006645 -0.696509312444397 1 0 1
"214" 1 1 0 1.76347907469648 1.73172562460852 1.62899799260967 1.44745253433107 0 0 1
"215" 1 1 1 0.445361256799788 -0.520686624696924 -0.156831386588638 0.373315707600501 1 1 1
"216" 1 1 1 0.19039485774506 -0.430342860434845 0.567978349022106 0.14940072284085 1 1 0
"217" 0 0 0 -0.0865386737839672 -0.425332197112533 -0.0461424271213147 -0.177594182450446 0 1 0
"218" 0 0 1 0.719987855655492 0.866147436686646 0.462486069141123 0.454919807683475 0 1 1
"219" 1 1 1 1.24604318869138 1.3703187538538 1.02375580968191 1.25140042048339 1 1 0
"220" 1 1 0 -0.65513920411796 -0.0945831056634139 -0.440439159453288 -0.392880680300986 0 0 0
"221" 1 0 0 0.38383042652049 0.464694442397726 0.828934409987139 0.687877124094248 0 0 0
"222" 0 0 1 -0.278729955900945 -0.348446500713846 -0.606145473848886 -0.720490817973867 1 0 1
"223" 1 1 1 -0.0335237953903287 0.0242850115633877 -0.21293720328819 -0.48263212732196 0 0 1
"224" 0 1 0 -0.0480258609500734 0.128156272192583 0.52342340031377 0.348320319752185 1 0 1
"225" 0 1 0 1.40473999821215 1.25721428263668 1.45907229540749 0.985027662908447 0 0 1
"226" 1 1 1 -0.209942369011155 -0.494154850030165 -0.0486310141311668 0.430938531872589 1 1 1
"227" 0 0 0 -1.5256333252547 -1.10723494664237 -1.39259507823518 -0.729429044838235 0 0 1
"228" 0 0 0 -0.483587231222864 -0.0451711431941333 0.22225944891153 0.0303042361787244 1 1 0
"229" 0 0 0 -0.346751552482531 -0.795563640782005 -0.943256800888123 -0.506757559354392 1 0 1
"230" 1 1 0 -2.28576488842123 -1.49073603434988 -1.6204517778436 -1.16274005534276 1 1 0
"231" 1 0 1 -0.0105843130556032 -0.407141740729564 -0.122554245031213 -0.03458414616336 1 1 1
"232" 0 1 0 -0.783178819200722 -1.1613139433122 -0.982937508652834 -1.14182746840509 0 1 1
"233" 1 1 1 1.68987930938156 0.841231478682055 1.28026597622908 1.09538170011284 1 0 1
"234" 0 0 0 -0.665048022254192 -0.818553763627093 -1.27159312297919 -0.730815877861291 0 0 0
"235" 1 1 1 1.9148008053982 2.25271266919207 2.38350648396119 2.04771732866784 1 1 1
"236" 0 1 0 -1.91227075525368 -1.43555646101204 -1.86892469516276 -1.49718159108757 1 1 0
"237" 1 1 1 -0.689321560242119 -0.455305717927877 0.127191987605561 -0.0573329900238071 0 1 0
"238" 1 0 0 0.25242856685309 0.110899658649679 -0.37644744984481 -0.168377931792757 1 0 1
"239" 0 0 1 -0.505659039609027 -0.384671172055251 -1.03457125935257 -0.729599161728397 1 0 0
"240" 1 1 1 0.995731179208685 0.381377636307089 0.903789372203477 0.610115077436255 1 1 1
"241" 0 0 1 0.0573445791352942 -0.190593183487834 -0.519477621444377 -0.643431728891857 1 0 0
"242" 0 1 0 -0.553961910097002 0.0494584940325478 -0.591908449979936 -0.385952919508512 1 0 0
"243" 1 1 0 0.668447188421957 0.0139925665739329 0.29640262497814 0.538449861918878 1 1 1
"244" 1 0 0 -0.883735959041666 -0.0417245085172825 -0.671191361525118 -0.868271198893127 1 0 0
"245" 1 0 1 -1.13836338836438 -0.610851375601546 -0.761551180213019 -0.808427402412471 0 0 0
"246" 1 1 1 0.171947962822047 0.0983738471080816 -0.199689590203594 -0.0688439908269899 1 1 0
"247" 0 0 0 -0.0645008629277571 -0.363129794579395 -0.0561694569645813 -0.306382773730623 0 0 1
"248" 0 1 1 0.978710769378716 1.11105784415236 0.809649803499721 0.895844054595475 0 1 1
"249" 1 1 1 1.3124191865411 0.510179266136606 1.44855598482263 1.07353214713613 0 1 0
"250" 1 0 0 -0.364975635937839 -0.169377011003104 0.0478271851396324 0.0309912407445164 1 1 0
"251" 0 0 0 0.606537728619145 0.139383387786447 -0.0148307887234915 0.0399242849235522 0 0 1
"252" 0 0 1 0.741882113064454 0.361693849641344 0.182499251571284 -0.0227900448247254 0 1 0
"253" 0 0 0 -0.929702914659447 -1.00528108322105 -0.578976881542849 -0.804498878951716 1 1 1
"254" 1 1 1 0.390070570639028 0.478955485577526 0.596932571348937 0.595727586319285 0 0 0
"255" 1 1 0 1.29866646458614 0.556250484210779 0.989515154904601 0.963754511964772 0 0 0
"256" 0 1 0 -0.0312905640259742 0.170573593802809 0.283391046160212 0.187832825713564 1 0 1
"257" 1 1 1 1.83569576538975 1.1005832419325 1.79195828220121 1.23894211036896 0 0 1
"258" 0 1 0 -0.558834102443999 -0.448140365573019 -0.627639038014834 -0.520138918203739 0 0 1
"259" 1 0 1 -1.46997358687919 -0.746496460688899 -1.1633404847358 -0.387082524757778 1 0 0
"260" 0 0 0 -0.0451733068476112 0.308771892127374 -0.348809729405824 0.296644108967892 1 0 1
"261" 0 1 1 -0.0992211944281695 -0.206933144060999 0.297877358949317 -0.0155942633393641 1 1 1
"262" 0 0 0 0.67931999995481 0.484357890296307 0.948175903559001 0.426928665074285 0 0 1
"263" 1 1 0 -0.901065894016658 -0.483724819891177 -0.882792402394963 -0.474446853887741 1 1 1
"264" 0 1 0 -0.61731130685286 -0.613505508156701 -0.168152283416461 -0.251014101092833 1 1 1
"265" 0 0 0 -0.390600384196363 -0.699225798332041 -0.907532690739065 -0.74846207828515 1 0 1
"266" 0 1 0 -1.48773183142157 -0.542975166814228 -1.31316228358078 -0.762361981902228 0 0 0
"267" 0 0 0 -1.31544163271039 -0.810057615461122 -0.693661235069218 -0.760603818313327 1 0 0
"268" 1 1 1 -2.15948683105734 -2.13535573749907 -1.97207191903526 -1.20523676223263 0 1 1
"269" 0 0 0 -1.73586756601949 -1.47467802564511 -1.5918082696156 -1.59980309412356 1 1 0
"270" 0 0 1 0.295168834858665 -0.231491328810024 0.136847839583981 -0.0649176480143693 0 1 0
"271" 1 0 1 -1.03254067852809 -0.718049625771407 -0.436476595363437 -0.614345083463065 0 0 0
"272" 0 1 1 -1.16416521888888 -0.664848692718763 -0.866144904451414 -0.521095450307247 0 0 1
"273" 1 1 0 0.320094700459898 0.618760180822901 0.648895889658481 0.632857656060522 1 1 0
"274" 1 1 1 0.725392273260018 0.312791473624675 0.095983697679758 0.29236619129447 1 1 1
"275" 1 0 1 0.0654794661669382 -0.0963261030344281 -0.223253577007346 -0.206274141965606 0 1 0
"276" 1 0 0 -1.64505476073407 -1.30708556603326 -1.44767792159204 -1.35747992770869 1 0 1
"277" 1 0 0 0.620259766688088 0.151022449141487 0.239452399641285 0.644053698276136 0 0 1
"278" 1 1 1 0.0314971507584102 -0.246888578610131 -0.043897371617007 -0.131578189796086 0 1 1
"279" 0 1 0 -0.546491170365343 0.124856093750627 -0.35717599107757 -0.354492573958302 1 0 0
"280" 1 0 0 -1.50496858364514 -0.993882487834644 -0.996941673223352 -0.962428132624447 1 0 1
"281" 0 1 0 -0.112596567333338 0.0432330745065156 -0.528160686259102 -0.519548972220262 0 1 0
"282" 1 1 1 0.886500149635876 0.494595865522034 1.01088879009772 0.702431058532229 1 1 1
"283" 1 1 1 0.572564972067476 0.75913208810694 0.401857173633928 0.27163792841459 0 0 1
"284" 0 0 0 -1.16455060721891 -0.603967216292616 -1.2910557863237 -1.05793489630497 0 0 1
"285" 0 0 1 -0.0975983425332132 -0.269635519109612 0.318379017258678 0.405386692144764 0 0 0
"286" 0 1 0 -0.237905142832759 0.519834359004076 -0.136898450012584 -0.215621768537708 1 1 1
"287" 0 1 0 -1.23307075917468 -0.512136058499133 -1.00960245704625 -0.879239691616517 0 1 0
"288" 0 1 0 -1.11070079748467 -0.639805819604774 -0.368231473677358 -0.403912683240114 0 1 1
"289" 1 0 1 -0.716895208243858 0.0103080326936131 -0.104102198943137 -0.363479050279015 1 1 0
"290" 1 0 0 -1.1541429527462 -0.705711823238942 -0.66149346057857 -0.240126757378792 0 0 1
"291" 1 1 1 1.04551886652177 0.61978515041945 1.24284732342521 0.84038469513513 1 1 1
"292" 0 0 0 -0.601355745960997 -0.0891419482491491 -0.347419700379823 -0.223790316203098 1 0 0
"293" 1 1 1 1.83928759306122 1.54826790365011 1.31860005971208 1.11029234868252 1 1 1
"294" 1 0 1 -1.14820850425443 -0.546139341202099 -0.803203521265701 -0.382336915941969 1 1 0
"295" 1 1 0 -0.924700199772732 -1.06846593445787 -0.751529724104112 -0.720657390216412 1 1 1
"296" 0 1 0 -1.76490586716845 -1.92658771870913 -2.39773198226197 -1.01337154407899 1 1 1
"297" 1 1 1 -0.609278753868132 -1.14341924920743 -0.504677346315871 -0.696674286567123 1 0 1
"298" 1 1 1 1.01154940786874 0.932120467269332 0.184422306386635 0.227968429995726 0 1 1
"299" 1 1 1 1.54389475521673 0.36553468705411 0.583807705912015 0.261039770927268 1 1 0
"300" 0 0 0 0.448759263657742 -0.211879024801058 -0.189744101245167 -0.248615692046081 1 0 0
"301" 1 0 1 -0.117106576415 -0.202560694947443 -0.521962389636554 -0.106084731266564 0 0 0
"302" 1 0 0 -0.859566183501693 -0.321003412022245 -0.246790515438298 -0.331617335748981 1 1 0
"303" 0 1 0 0.97789926899178 0.691954643960319 0.72852347692133 0.600491992119688 0 0 1
"304" 0 0 0 -0.535180356774784 -0.207515667418802 -1.25499452201936 -0.392849386454915 1 0 0
"305" 0 0 0 -0.698918428114907 -0.581689232478057 -0.893658864325149 -0.563017370790762 1 0 0
"306" 1 1 0 -1.17601614487877 -0.901276710067268 -0.87503380108549 -0.745239275856363 0 1 1
"307" 1 0 1 0.420038391191732 0.0373925081939488 0.272263472663239 0.264763737506334 1 0 0
"308" 0 1 0 -2.08636894647283 -2.15596837022863 -2.23282067773907 -1.86611318121534 1 1 1
"309" 1 1 0 0.217799442824296 0.197145904693748 0.675486687070479 0.344743333562982 1 0 1
"310" 0 0 1 -1.35822362905995 -1.08962350121226 -1.31903540067801 -0.729207027313719 1 0 0
"311" 0 0 0 -2.19327508762039 -1.36611121543545 -2.3177638955691 -1.33023158745142 1 0 1
"312" 0 0 0 -1.68831195433873 -1.19866278103391 -1.32571930373777 -1.31449414195672 0 1 0
"313" 1 1 1 -1.26591039435943 -0.698220210322111 -1.07958158339919 -0.793434021565692 1 1 1
"314" 1 0 0 -0.884135960224641 -0.00792351534875591 -0.161862982867553 -0.69437218458903 1 1 1
"315" 0 1 1 0.807807339207412 0.693880804327965 0.520218795069566 0.818735125765167 1 0 1
"316" 0 1 1 2.27040257181927 1.55729502176623 1.87767238345186 1.28287857239683 0 0 0
"317" 1 1 1 0.0651587633354563 0.305360860209956 -0.213846729499299 0.150213140279603 1 1 1
"318" 1 1 0 0.787494280989525 0.20734300236757 1.66316121271211 0.156317780182274 1 1 0
"319" 0 1 1 -1.0698228721399 -0.871160216194488 -1.15930697010489 -0.687191424708728 1 0 0
"320" 0 1 0 -0.907322634546033 -0.597503550455316 -0.835519862175736 -0.343905541916008 1 1 1
"321" 0 1 1 0.156834184104123 0.383035374348042 0.345458038835517 0.0771732528820767 1 0 1
"322" 1 1 1 -0.105042818431953 -0.672344070136767 -0.966189050277238 -0.117468184015405 0 1 0
"323" 0 0 1 0.0776083067834116 -0.520637259371877 -0.584056978684103 -0.0943938814349141 0 0 0
"324" 1 0 0 -0.767628774168859 -1.36321443345128 -1.06206091759988 -0.982231553431939 0 0 0
"325" 1 1 1 2.41956213043361 1.07871292990213 1.81866548023859 1.02608643549742 1 0 1
"326" 0 1 0 -0.887686342075466 0.0174315517098755 -0.581539871244464 -0.065798991155286 1 0 1
"327" 0 0 0 -0.316270578964831 0.404623665523728 -0.282040964688841 -0.362875081288619 1 1 1
"328" 1 0 0 0.267129514358442 -0.490524633828216 0.678779943899667 0.00735492828440928 0 1 0
"329" 1 1 0 2.26726669195696 1.5488976995663 1.87436957720104 1.46855920197226 1 1 0
"330" 1 1 1 -0.250231178867252 -0.0152022973669129 -0.20006848687519 -0.259238319402352 1 1 1
"331" 1 0 1 -0.364693331007629 0.011182012432534 -0.394770490693634 -0.665734787240202 1 1 1
"332" 0 1 1 1.30250836710507 1.13617791153497 1.30498625482231 1.05068885761754 1 0 0
"333" 0 1 1 -1.57585610652405 -1.34619851096165 -1.51681371078196 -1.15114640003451 0 0 0
"334" 1 1 0 0.217527149385692 0.197817010584985 -0.135253687160922 0.398411463797602 0 0 1
"335" 1 0 1 0.468120073559583 0.151457436213912 1.04024875687613 0.486338990431229 0 1 1
"336" 0 1 1 1.32652660434858 0.600246245198984 0.938177352953881 0.634882579884221 1 0 1
"337" 0 1 0 -0.978759099512779 -1.80985030547293 -1.40100964333857 -0.890333748313569 1 1 1
"338" 0 1 1 0.760347071825612 0.327603947233987 0.597432432555443 0.265812049930322 1 1 1
"339" 1 1 1 1.36259773008459 0.637607971157378 1.04848383526293 0.997916968970754 0 1 1
"340" 1 0 0 0.405667436227275 0.377546021811679 0.110816155968238 0.128732075773519 0 0 0
"341" 1 0 1 0.549215579983463 0.900547723651565 0.709374213642235 0.725377328842721 1 1 0
"342" 1 1 1 0.164344616102782 -0.245051537031009 0.0463579764181772 -0.386084433667015 0 1 1
"343" 1 1 1 -0.256728985106124 0.190624075597316 -0.203991070971038 0.0846129866138242 0 1 0
"344" 0 1 0 -0.584513668667917 -0.138855190933072 -0.0748923694619542 -0.0351797296118833 0 1 1
"345" 0 0 0 -0.669706127873198 -0.329819810537357 -0.777391320590823 -0.489922433162135 1 0 0
"346" 0 0 1 -1.13561640340179 -1.31209097968356 -1.73317718616861 -1.35669974181767 1 1 0
"347" 1 1 1 2.60998275746682 1.32977410674015 2.04149769425125 1.44695257313746 1 1 1
"348" 0 0 0 -0.0713228360658502 0.654375152221667 0.13034739485992 0.467272397147891 0 0 0
"349" 0 0 1 -0.682598458770913 -0.0325963495240117 -0.166211967920037 -0.810304307669386 1 0 0
"350" 1 1 1 1.48843798473199 0.862007000997925 1.44994365107834 0.938760312884755 0 1 1
"351" 1 1 0 -0.206729037958054 0.67621723586533 0.200240775814084 0.0359294038007836 1 1 0
"352" 0 0 0 -0.927709981627869 -0.490909309923883 -0.992988710910117 -0.9003339188139 1 0 0
"353" 0 0 1 0.70402453962967 0.144725949493621 1.10150010687105 0.677535169185993 1 1 1
"354" 1 1 1 0.364844449446578 0.275077241092018 0.622432582465902 0.110066078548354 0 1 1
"355" 1 0 1 -0.569733717659396 -0.3321458012253 -0.344354446508341 -0.222961749281297 1 0 1
"356" 0 1 0 0.414955470632289 0.0972989250104172 -0.0264989818543637 0.159868060046371 1 1 1
"357" 1 1 1 1.90581186825405 1.04479239705162 1.15863221516081 0.87017981867651 1 1 1
"358" 1 1 0 0.650958942627896 0.468675485098113 0.75943691581891 0.583849035923041 1 0 0
"359" 0 0 0 0.0995091493028057 0.0955651941557124 0.261733150478127 0.314442476308944 0 0 0
"360" 0 0 0 -0.321815648272542 -0.150253117622912 -0.213294099568481 -0.452427919787591 0 0 0
"361" 1 1 1 -0.0519996412648779 -0.301067603447027 -0.0064490604100283 0.0862215858674131 1 1 1
"362" 0 0 0 0.221576359024099 0.381112102990285 0.181895107921986 0.459661094139525 0 0 0
"363" 1 1 0 -0.810644317715026 -0.903007218476196 -0.984991530180743 -0.608493949540551 0 0 1
"364" 1 0 0 -0.961216365993364 -0.787789311683709 -0.6042007208542 -0.363095417139373 0 0 0
"365" 1 0 1 -1.41122203920022 -0.61802210467636 -0.644253828817322 -1.29586407246115 1 1 0
"366" 0 0 1 -1.51716672918994 -1.04674002660925 -1.34348496565035 -1.03984692287752 1 0 1
"367" 0 1 1 1.40325999911794 1.52041996781199 0.738645546547135 0.704974543378861 1 0 1
"368" 1 1 0 1.10957813686007 0.162308679520843 0.947017148025694 0.42944300874666 1 1 0
"369" 0 0 0 -1.83825337121989 -0.979013130417951 -0.929467194213239 -0.744458727286466 1 1 1
"370" 1 1 1 2.20834891465575 1.17495677120691 2.08238703312428 1.47797397923057 1 1 1
"371" 0 0 0 -0.894018599230223 -0.564818526568168 -0.51927168938506 -0.46577023961428 0 0 0
"372" 0 1 0 0.504361034631685 0.349660093857584 0.445264129889133 0.123940616744789 1 1 1
"373" 1 1 1 -0.468819118837559 0.208946718268488 -0.530769050748681 -0.167051219462336 1 1 1
"374" 1 0 0 0.732349846818844 0.125431439875714 0.194835137656651 0.556708989024732 1 0 0
"375" 0 0 0 0.0862965728609957 0.097058571917597 0.232520461829078 0.101755512263382 0 0 0
"376" 1 1 1 -0.138063541777085 0.144064138263914 0.0790309360498676 -0.554595964615121 1 0 1
"377" 1 1 1 1.39097899562792 0.724497231582432 0.933821949581833 0.703032976193712 0 1 1
"378" 1 1 1 -0.5678753233367 -0.0929260584675503 0.0204471894336329 0.130485213040641 0 0 1
"379" 1 1 1 1.17321734009853 0.998594533001515 1.34371399664419 0.679473796959652 1 1 0
"380" 0 0 1 0.674963282958164 0.206978224717149 0.132284855636437 0.388174761523868 0 1 0
"381" 1 1 1 2.02286167151822 1.09152301318239 1.98781732679817 1.78291113481899 0 0 1
"382" 1 1 1 0.287723221264344 0.536305686010347 0.491018072904515 0.0287650814863982 0 0 0
"383" 1 1 1 0.397228325809758 0.44986996238591 0.786705199162881 0.421209543610483 0 1 1
"384" 1 1 1 0.448474861047103 -0.217618851866414 0.443964892165271 0.555910636008006 0 1 0
"385" 1 1 0 -1.36904395580403 -1.36180843503431 -1.29992509934383 -1.72429355882671 0 0 0
"386" 1 1 1 -0.271933196347355 -0.282758840288047 -0.0545921520200595 0.177382815706893 0 1 0
"387" 0 0 1 -0.358768259517883 0.796444382354012 0.059701110283538 0.057981992251524 1 1 0
"388" 1 1 1 -0.991075335982664 -0.236084547478674 -0.345988570697988 -0.622302272124878 1 0 1
"389" 1 0 1 0.253100450749792 0.488368913194493 -0.228793055346735 0.0446325175961376 1 1 0
"390" 1 0 0 -0.256333738040351 0.112969788412579 -0.356182953662777 -0.142972267055664 1 1 0
"391" 1 0 0 0.0614005551427884 0.0334398892823589 -0.434861100016124 -0.00813408019858722 1 1 1
"392" 0 0 0 -0.240256154075638 -0.20377285532913 -1.19520063512883 -0.532096099235941 0 0 0
"393" 1 1 1 0.953275663295488 0.208585444809354 0.554479257525875 0.466481718786131 0 0 1
"394" 1 0 1 -0.790873136314747 -0.807141281557513 -0.109191326900421 -0.390711992865171 0 0 0
"395" 0 0 0 0.999238901132964 0.207550338737138 0.376910632128137 0.421710917945373 1 0 0
"396" 1 1 1 0.711684870514002 0.528782634994305 0.415393821578626 0.545608950588978 0 1 1
"397" 0 1 1 -1.01503339707315 -0.459086371215699 -0.829012364236338 -0.638450466234147 1 1 0
"398" 1 1 1 1.1644641460709 1.01482218933406 1.17865951537096 0.918929036330524 0 1 1
"399" 1 0 0 -1.00070078798429 -0.172891700080627 -0.2498376892631 -0.255407538084288 0 1 0
"400" 1 1 1 1.21989502466313 1.15742430112411 1.14179883519831 0.442747823483997 1 1 1
"401" 0 1 0 0.227022041623452 0.308482526415448 0.34486619450655 0.464159236244397 0 0 1
"402" 0 0 0 -0.994099355045403 -0.894247044488627 -0.975920595979201 -0.984137351983394 0 0 1
"403" 0 1 1 -1.94712190437908 -1.11763039858871 -1.3588763927095 -1.2301820522154 1 1 1
"404" 0 0 1 -2.90054755262309 -2.00001530543618 -1.78484134106672 -2.04886141438123 0 0 1
"405" 0 0 0 -0.652113215134159 -0.141754283599108 -1.01089602460023 -0.575738088093045 1 1 0
"406" 0 0 0 -2.13347432023652 -0.685377622523509 -1.72854944433586 -1.46348202495489 0 1 1
"407" 1 1 1 0.716392793797892 0.72696845220698 1.26180398023714 0.873561065511658 1 1 0
"408" 1 1 1 0.365767353763518 0.634123056242206 1.11751171149092 0.183913056452329 1 1 1
"409" 0 1 1 -0.719119116469701 -0.177011457650548 -0.591204287352732 -0.205006202315625 0 1 0
"410" 0 1 0 -2.51981255331846 -1.58964392282741 -1.69287451708116 -1.80127199306254 1 0 0
"411" 0 1 1 0.0599383064460738 -0.066301532720541 -0.00765511216171916 0.130291439460118 0 0 1
"412" 0 0 0 0.233611608245651 -0.0100862291640625 -0.0118785853672414 -0.147781154761637 1 0 1
"413" 0 1 1 1.00242805547151 1.1015080897371 1.11698125672592 0.6244947599605 0 1 0
"414" 0 0 1 -0.227988927831099 -0.23217199347264 -0.485213416829464 -0.185582232350762 0 1 0
"415" 1 1 1 0.349481289407906 0.769950640115458 1.18130241723607 0.53243939949268 0 0 0
"416" 0 1 1 0.355566870433215 -0.00906853944772706 -0.19835828603849 -0.0500924859827167 1 0 1
"417" 1 1 0 -1.24226435139679 -1.30029453823384 -1.12608347927946 -1.24115542832041 0 0 0
"418" 1 1 1 -0.370011353918105 0.291058287750008 -0.170095138771456 -0.06535532966144 1 1 1
"419" 1 1 1 2.42395296642174 2.17829482695039 1.93225207016292 1.26286276191823 1 0 1
"420" 0 0 0 -0.811291249790363 -0.529205314438315 -0.758032711081813 -0.485023589284274 0 0 0
"421" 1 0 1 0.96513772335391 0.47141717462809 0.732593783553582 0.656152387061601 1 0 0
"422" 1 0 0 0.120000456704418 0.372352192275817 0.503581069464172 0.446237266436627 0 1 0
"423" 0 0 0 -2.21071039496145 -0.671788377032916 -1.88359215721773 -1.45054285190131 0 0 0
"424" 1 0 1 0.647817728355799 0.00901606560040957 0.680612399581227 0.48227109101692 1 1 1
"425" 1 1 1 -0.115308376965434 0.122192714888627 0.0664682558786252 0.447807836084269 1 0 1
"426" 0 0 0 -1.06156772911468 -0.873663567479272 -0.897895282401691 -0.892004434758425 0 0 0
"427" 0 0 1 -0.40137820668861 -0.103426944877181 0.00924222780684136 -0.230761285532359 1 1 0
"428" 1 1 1 0.769884434127584 0.187430368226794 0.273942881762319 1.15152491068182 1 0 0
"429" 0 0 0 -0.632947240656859 -0.0965508136608716 -0.159343186094986 -0.0976398695727694 1 0 0
"430" 1 0 1 -0.299971414229102 -0.203562733355508 -0.421199381883308 0.0351990986236187 0 0 0
"431" 0 1 0 0.523964592577213 0.499129600708686 -0.0594482383156842 0.405344308772329 0 1 0
"432" 0 1 1 -0.381091682732427 -0.182634808923325 -0.228395893857223 -0.525008062390008 0 0 0
"433" 1 1 0 0.916810575294023 1.39631533425985 1.02534945561535 1.16189078664563 0 1 0
"434" 0 0 1 0.0455544086439557 0.0639227130528752 0.00140567652146563 -0.149457877475551 1 1 0
"435" 0 0 0 -1.58413689594973 -0.954122518280918 -1.35433702619052 -0.571872340519892 0 1 1
"436" 0 0 1 -0.24969210219265 -1.22924216324571 -1.36241400027184 -1.07595691701513 1 1 1
"437" 1 1 1 0.0391866998266357 -0.0668028519551276 0.23182700588954 -0.495443510137544 1 1 1
"438" 0 0 0 -0.928959207424835 -0.637051464339738 -0.90461029702106 -0.810628752421976 0 0 1
"439" 1 1 1 -1.04560493495513 -0.990451893490986 -0.827709444847451 -0.15274437165745 1 1 1
"440" 1 1 1 0.840725436008693 0.863005135982842 0.762851136487078 0.601462447293899 0 1 1
"441" 0 0 0 -2.14349623151559 -1.24933282568527 -1.78920591882943 -1.38085929884593 1 0 0
"442" 1 0 1 -0.15984240976694 0.494426244260464 0.244714802827731 0.549375401224082 0 0 0
"443" 0 0 0 -1.24032922404629 -0.407546615278928 -0.632725569747455 -0.864879974402463 0 1 0
"444" 0 1 1 -0.381908295025346 -0.328328983046333 -0.604429010636861 -0.55875288661229 1 1 0
"445" 0 0 0 -2.32343236613498 -1.92141255306253 -1.68131469436992 -1.41427760677695 0 0 1
"446" 0 0 1 -1.89572981063324 -0.70318789793485 -1.5131260210053 -0.956581388137317 1 1 1
"447" 1 1 1 -0.0427354509599161 0.0811218617833361 0.0518956940535425 0.204743032566755 0 0 0
"448" 1 0 1 -0.213484030043757 -0.365635569682057 -0.230335033968163 -0.79938326373368 0 1 0
"449" 0 0 1 -1.85918909917905 -1.2455422820737 -1.97779701083649 -1.11132876183199 1 1 0
"450" 1 1 1 1.27397463475705 0.626278037223956 0.507835041700709 0.388093591082248 0 1 0
"451" 0 1 0 -0.0375126767951244 -0.381336325337865 -0.163350333745078 -0.431559293970796 0 1 1
"452" 1 0 1 0.554895229939924 1.10005652840469 0.0303336725951893 0.380189823306886 0 0 0
"453" 1 0 1 0.613891734012236 0.118530324866216 0.183994373663481 0.799431352236206 1 1 1
"454" 1 0 0 0.792450182682338 -0.534285189411485 -0.117097302090474 -0.375894510589703 1 0 1
"455" 0 1 0 -1.07260918751266 -0.976227022428469 -1.38365763357925 -0.85747215097341 0 0 0
"456" 1 1 1 0.522181075160871 0.993054127015363 1.11643508793089 0.758078305158828 1 0 0
"457" 1 1 0 0.0190786084093351 0.398236827438625 -0.0502107338604396 0.142850989418172 0 0 0
"458" 0 0 1 -0.274545051503313 -0.294464388534903 0.0174619450459451 -0.0701474056715607 0 0 0
"459" 1 1 0 -1.53500599968824 -0.817873669156528 -2.03072780963492 -1.16650435161664 0 1 1
"460" 0 0 1 -1.67930828457809 -1.60280925396099 -1.25382701339864 -1.0138318154499 1 0 0
"461" 1 1 1 0.547522530804259 0.10539820659941 0.15679017723209 0.422096272097207 1 0 0
"462" 0 1 1 -1.04537525892799 -0.388323731124591 -0.101598511941261 -0.278910361156319 1 0 1
"463" 1 1 1 1.19287562210119 1.50070233634937 1.50216090748225 1.26570104863472 0 0 0
"464" 1 1 1 0.342564645802892 0.339913778431839 0.676756122778549 0.405314108088446 0 1 1
"465" 0 1 0 -0.563421792979127 -0.62771560125206 -0.559095683548161 -0.469272546203146 1 1 1
"466" 0 0 1 0.00656131427022147 0.375968694745947 0.392185744298834 0.0361256680604642 1 0 0
"467" 0 1 0 -0.33790855051599 0.191758574472517 -0.0655553336157865 -0.241692127955696 0 0 0
"468" 0 0 0 -0.437476360748104 -0.494501033473702 -0.34075466404711 -0.0307144507745911 0 1 0
"469" 0 0 0 -0.309679012442205 -0.704202685009116 -0.314057084275095 -0.355902690827662 1 0 1
"470" 1 1 1 1.28403700679563 1.00414245951888 0.69885227410611 0.748284565716942 0 1 0
"471" 1 0 1 0.794700424282554 1.47036742751203 0.802587171844236 0.726666098256103 0 1 1
"472" 1 1 0 0.135598832431299 -0.167247642049862 -0.0224839605458003 0.000682332794751959 0 0 0
"473" 1 1 1 -0.403142386438857 -0.376238047700394 -0.63701462351262 -0.483238215705603 1 1 1
"474" 1 1 1 0.345255886638814 0.573113596618804 0.117486686899461 0.0833806521707543 1 0 1
"475" 0 1 0 -2.49467083056326 -0.963986114960448 -1.81595786341103 -1.31562737741674 0 0 0
"476" 1 0 1 0.0254593921027697 0.824695645938868 0.295772500255417 0.0534121595612535 0 1 0
"477" 1 1 1 -1.40953049009304 -0.86795061920482 -0.953770954598706 -1.08887957541055 1 0 0
"478" 0 0 0 -0.765349807573097 0.0499799986526264 -0.344622078421586 -0.583420131725888 1 1 0
"479" 1 0 0 0.0704345146205023 -0.246283222260049 0.611841196195746 0.108698788262017 1 0 0
"480" 1 1 1 1.7087879381767 0.640060787112127 1.22617817188655 1.06784654653425 1 0 1
"481" 1 1 1 0.806523215413157 0.429837235267327 0.638638781413208 0.472592661656585 1 1 1
"482" 1 1 0 0.683924835525765 -0.0161512522163094 -0.343797492564524 0.38773539472332 1 0 1
"483" 1 0 1 -0.950271035098059 -0.580746323074405 -0.843754452393033 -0.179741689943318 0 0 0
"484" 0 1 0 0.779596844378424 0.884621473239324 0.773324524344759 0.488429933998043 0 0 0
"485" 0 0 1 0.134828323613421 -0.118500088500553 -0.380350363621586 0.146784303927065 0 1 0
"486" 0 0 1 1.27649653804512 0.582894022548506 0.947883903639046 1.08446365433527 1 0 1
"487" 0 0 0 0.607301435916158 0.242242795275117 0.775673529119046 0.279276172811885 1 0 0
"488" 1 1 1 -0.464825119485169 0.20005027577976 -0.226723887897226 -0.461269093601391 1 1 0
"489" 1 1 1 0.973848583132522 0.653221414131135 1.09856939034276 0.93703000268951 1 1 1
"490" 0 1 1 -1.04715493862625 -0.890925011946712 -1.17078060516426 -0.995687151340773 1 0 1
"491" 1 0 0 2.15313708658721 1.58686808115003 2.332256970945 1.64798585919523 0 0 0
"492" 1 0 1 0.309946270206323 -0.281094824482156 0.079225612998978 -0.241798125015882 1 0 1
"493" 0 1 1 -0.56972278737262 -0.620872941148971 -0.900591688185378 -0.43001307061748 0 0 1
"494" 1 1 1 0.902371391591517 0.116794550588367 0.765160447348714 0.376196419445404 0 0 0
"495" 1 0 1 1.05353546266769 1.2512232524976 0.28867847859007 0.856659390857671 0 0 0
"496" 0 1 0 0.166455926685318 -0.432348881580914 -0.317227017610472 -0.471829282734271 0 0 0
"497" 1 1 0 0.986084189194446 0.846610674534427 0.974396851125165 0.97326692387321 1 1 0
"498" 1 1 1 -0.749510498847538 -0.225312389101124 -0.507606933347814 -0.590174931540595 1 1 1
"499" 1 1 1 0.239825160505572 0.380711536863519 0.0976272131845163 0.0950785956626105 1 1 1
"500" 0 0 0 -1.11284316761143 -1.02103562316239 -1.24390858996318 -1.10689131709073 1 0 0
