1001	8519.0
1002	8474.0
1003	8374.0
1004	8363.0
1005	8306.0
1006	8294.0
1007	8338.0
1008	8405.0
1009	8418.0
1010	8480.0
1011	8503.0
1012	8508.0
1013	8510.0
1014	8498.0
1015	8437.0
1016	8531.0
1017	8475.0
1018	8543.0
1019	8425.0
1020	8491.0
1021	8463.0
1022	8403.0
1023	8441.0
1024	8517.0
1025	8454.0
1026	8457.0
1027	8485.0
1028	8500.0
1029	8507.0
1030	8494.0
1031	8543.0
1032	8530.0
1033	8600.0
1034	8490.0
1035	8595.0
1036	8663.0
1037	8662.0
1038	8501.0
1039	8524.0
1040	8567.0
1041	8551.0
1042	8551.0
1043	8538.0
1044	8624.0
1045	8620.0
1046	8625.0
1047	8716.0
1048	8719.0
1049	8601.0
1050	8642.0
1051	8620.0
1052	8638.0
1053	8526.0
1054	8535.0
1055	8543.0
1056	8595.0
1057	8504.0
1058	8584.0
1059	8635.0
1060	8551.0
1061	8544.0
1062	8497.0
1063	8521.0
1064	8605.0
1065	8457.0
1066	8297.0
1067	8314.0
1068	8312.0
1069	8329.0
1070	8202.0
1071	8283.0
1072	8398.0
1073	8394.0
1074	8437.0
1075	8325.0
1076	8351.0
1077	8423.0
1078	8507.0
1079	8460.0
1080	8375.0
1081	8383.0
1082	8384.0
1083	8438.0
1084	8461.0
1085	8492.0
1086	8471.0
1087	8518.0
1088	8534.0
1089	8461.0
1090	8527.0
1091	8494.0
1092	8525.0
1093	8535.0
1094	8455.0
1095	8395.0
1096	8399.0
1097	8511.0
1098	8501.0
1099	8467.0
1100	8461.0
1101	8385.0
1102	8373.0
1103	8382.0
1104	8508.0
1105	8396.0
1106	8442.0
1107	8457.0
1108	8507.0
1109	8402.0
1110	8458.0
1111	8444.0
1112	8451.0
1113	8433.0
1114	8393.0
1115	8402.0
1116	8375.0
1117	8432.0
1118	8563.0
1119	8458.0
1120	8425.0
1121	8407.0
1122	8501.0
1123	8486.0
1124	8447.0
1125	8554.0
1126	8537.0
1127	8401.0
1128	8359.0
1129	8436.0
1130	8503.0
1131	8580.0
1132	8592.0
1133	8478.0
1134	8468.0
1135	8480.0
1136	8455.0
1137	8442.0
1138	8344.0
1139	8533.0
1140	8582.0
1141	8508.0
1142	8490.0
1143	8473.0
1144	8453.0
1145	8455.0
1146	8536.0
1147	8589.0
1148	8590.0
1149	8451.0
1150	8387.0
1151	8431.0
1152	8539.0
1153	8522.0
1154	8538.0
1155	8504.0
1156	8413.0
1157	8467.0
1158	8504.0
1159	8456.0
1160	8494.0
1161	8513.0
1162	8457.0
1163	8542.0
1164	8562.0
1165	8570.0
1166	8578.0
1167	8450.0
1168	8518.0
1169	8518.0
1170	8530.0
1171	8477.0
1172	8524.0
1173	8497.0
1174	8471.0
1175	8477.0
1176	8440.0
1177	8503.0
1178	8379.0
1179	8378.0
1180	8364.0
1181	8317.0
1182	8421.0
1183	8448.0
1184	8443.0
1185	8410.0
1186	8484.0
1187	8418.0
1188	8544.0
1189	8574.0
1190	8608.0
1191	8679.0
1192	8711.0
1193	8686.0
1194	8592.0
1195	8632.0
1196	8620.0
1197	8509.0
1198	8549.0
1199	8508.0
1200	8476.0
1201	8541.0
1202	8628.0
1203	8529.0
1204	8481.0
1205	8460.0
1206	8522.0
1207	8528.0
1208	8491.0
1209	8450.0
1210	8497.0
1211	8382.0
1212	8415.0
1213	8494.0
1214	8453.0
1215	8360.0
1216	8305.0
1217	8334.0
1218	8432.0
1219	8456.0
1220	8442.0
1221	8400.0
1222	8459.0
1223	8455.0
1224	8475.0
1225	8501.0
1226	8517.0
1227	8611.0
1228	8587.0
1229	8526.0
1230	8448.0
1231	8518.0
1232	8532.0
1233	8450.0
1234	8483.0
1235	8520.0
1236	8458.0
1237	8455.0
1238	8534.0
1239	8617.0
1240	8507.0
1241	8562.0
1242	8608.0
1243	8576.0
1244	8548.0
1245	8555.0
1246	8517.0
1247	8541.0
1248	8547.0
1249	8480.0
1250	8507.0
1251	8525.0
1252	8391.0
1253	8425.0
1254	8402.0
1255	8340.0
1256	8401.0
1257	8514.0
1258	8444.0
1259	8524.0
1260	8458.0
1261	8492.0
1262	8483.0
1263	8435.0
1264	8416.0
1265	8378.0
1266	8288.0
1267	8294.0
1268	8327.0
1269	8370.0
1270	8384.0
1271	8416.0
1272	8377.0
1273	8306.0
1274	8350.0
1275	8338.0
1276	8457.0
1277	8378.0
1278	8423.0
1279	8480.0
1280	8445.0
1281	8483.0
1282	8456.0
1283	8468.0
1284	8520.0
1285	8558.0
1286	8563.0
1287	8481.0
1288	8458.0
1289	8478.0
1290	8460.0
1291	8447.0
1292	8410.0
1293	8458.0
1294	8494.0
1295	8514.0
1296	8467.0
1297	8390.0
1298	8438.0
1299	8407.0
1300	8473.0
1301	8449.0
1302	8376.0
1303	8374.0
1304	8360.0
1305	8378.0
1306	8338.0
1307	8342.0
1308	8371.0
1309	8398.0
1310	8428.0
1311	8435.0
1312	8490.0
1313	8538.0
1314	8462.0
1315	8492.0
1316	8490.0
1317	8454.0
1318	8468.0
1319	8491.0
1320	8494.0
1321	8508.0
1322	8474.0
1323	8478.0
1324	8427.0
1325	8412.0
1326	8448.0
1327	8451.0
1328	8444.0
1329	8521.0
1330	8513.0
1331	8538.0
1332	8649.0
1333	8575.0
1334	8510.0
1335	8453.0
1336	8469.0
1337	8556.0
1338	8577.0
1339	8567.0
1340	8586.0
1341	8640.0
1342	8653.0
1343	8684.0
1344	8562.0
1345	8430.0
1346	8520.0
1347	8447.0
1348	8443.0
1349	8383.0
1350	8441.0
1351	8408.0
1352	8393.0
1353	8302.0
1354	8309.0
1355	8313.0
1356	8337.0
1357	8373.0
1358	8397.0
1359	8497.0
1360	8341.0
1361	8309.0
1362	8350.0
1363	8350.0
1364	8336.0
1365	8365.0
1366	8487.0
1367	8428.0
1368	8432.0
1369	8468.0
1370	8482.0
1371	8536.0
1372	8485.0
1373	8446.0
1374	8526.0
1375	8588.0
1376	8508.0
1377	8575.0
1378	8515.0
1379	8521.0
1380	8484.0
1381	8447.0
1382	8409.0
1383	8418.0
1384	8472.0
1385	8517.0
1386	8481.0
1387	8476.0
1388	8435.0
1389	8450.0
1390	8526.0
1391	8534.0
1392	8460.0
1393	8481.0
1394	8380.0
1395	8501.0
1396	8490.0
1397	8437.0
1398	8530.0
1399	8553.0
1400	8569.0
1401	8560.0
1402	8526.0
1403	8530.0
1404	8464.0
1405	8376.0
1406	8457.0
1407	8471.0
1408	8548.0
1409	8477.0
1410	8471.0
1411	8540.0
1412	8462.0
1413	8439.0
1414	8402.0
1415	8444.0
1416	8302.0
1417	8399.0
1418	8392.0
1419	8424.0
1420	8450.0
1421	8444.0
1422	8372.0
1423	8419.0
1424	8352.0
1425	8426.0
1426	8449.0
1427	8456.0
1428	8453.0
1429	8550.0
1430	8522.0
1431	8492.0
1432	8471.0
1433	8472.0
1434	8458.0
1435	8542.0
1436	8413.0
1437	8515.0
1438	8503.0
1439	8464.0
1440	8461.0
1441	8431.0
1442	8487.0
1443	8464.0
1444	8506.0
1445	8383.0
1446	8362.0
1447	8369.0
1448	8386.0
1449	8445.0
1450	8485.0
1451	8427.0
1452	8455.0
1453	8433.0
1454	8423.0
1455	8446.0
1456	8507.0
1457	8521.0
1458	8589.0
1459	8462.0
1460	8476.0
1461	8451.0
1462	8438.0
1463	8401.0
1464	8403.0
1465	8419.0
1466	8462.0
1467	8492.0
1468	8460.0
1469	8412.0
1470	8483.0
1471	8469.0
1472	8403.0
1473	8519.0
1474	8534.0
1475	8518.0
1476	8481.0
1477	8470.0
1478	8450.0
1479	8486.0
1480	8453.0
1481	8503.0
1482	8466.0
1483	8432.0
1484	8453.0
1485	8428.0
1486	8480.0
1487	8460.0
1488	8474.0
1489	8442.0
1490	8533.0
1491	8593.0
1492	8599.0
1493	8661.0
1494	8557.0
1495	8536.0
1496	8482.0
1497	8468.0
1498	8451.0
1499	8428.0
1500	8395.0
1501	8462.0
1502	8624.0
1503	8571.0
1504	8562.0
1505	8599.0
1506	8624.0
1507	8594.0
1508	8546.0
1509	8478.0
1510	8464.0
1511	8541.0
1512	8557.0
1513	8514.0
1514	8423.0
1515	8463.0
1516	8451.0
1517	8533.0
1518	8556.0
1519	8523.0
1520	8484.0
1521	8433.0
1522	8464.0
1523	8521.0
1524	8446.0
1525	8463.0
1526	8498.0
1527	8542.0
1528	8501.0
1529	8364.0
1530	8401.0
1531	8371.0
1532	8386.0
1533	8355.0
1534	8441.0
1535	8500.0
1536	8491.0
1537	8548.0
1538	8552.0
1539	8577.0
1540	8559.0
1541	8473.0
1542	8539.0
1543	8494.0
1544	8470.0
1545	8467.0
1546	8391.0
1547	8447.0
1548	8475.0
1549	8493.0
1550	8419.0
1551	8360.0
1552	8416.0
1553	8381.0
1554	8460.0
1555	8398.0
1556	8393.0
1557	8331.0
1558	8348.0
1559	8472.0
1560	8482.0
1561	8393.0
1562	8529.0
1563	8608.0
1564	8562.0
1565	8579.0
1566	8502.0
1567	8474.0
1568	8523.0
1569	8484.0
1570	8465.0
1571	8575.0
1572	8492.0
1573	8516.0
1574	8560.0
1575	8589.0
1576	8617.0
1577	8646.0
1578	8577.0
1579	8505.0
1580	8543.0
1581	8534.0
1582	8473.0
1583	8372.0
1584	8459.0
1585	8454.0
1586	8425.0
1587	8452.0
1588	8471.0
1589	8561.0
1590	8565.0
1591	8516.0
1592	8401.0
1593	8448.0
1594	8439.0
1595	8349.0
1596	8287.0
1597	8370.0
1598	8372.0
1599	8330.0
1600	8328.0
1601	8335.0
1602	8390.0
1603	8364.0
1604	8452.0
1605	8432.0
1606	8395.0
1607	8404.0
1608	8466.0
1609	8447.0
1610	8524.0
1611	8525.0
1612	8525.0
1613	8502.0
1614	8483.0
1615	8534.0
1616	8486.0
1617	8530.0
1618	8518.0
1619	8475.0
1620	8506.0
1621	8441.0
1622	8484.0
1623	8437.0
1624	8474.0
1625	8457.0
1626	8449.0
1627	8359.0
1628	8457.0
1629	8570.0
1630	8428.0
1631	8509.0
1632	8467.0
1633	8435.0
1634	8513.0
1635	8514.0
1636	8527.0
1637	8502.0
1638	8588.0
1639	8504.0
1640	8642.0
1641	8539.0
1642	8590.0
1643	8668.0
1644	8663.0
1645	8628.0
1646	8511.0
1647	8529.0
1648	8452.0
1649	8480.0
1650	8429.0
1651	8433.0
1652	8388.0
1653	8358.0
1654	8341.0
1655	8361.0
1656	8400.0
1657	8445.0
1658	8451.0
1659	8428.0
1660	8387.0
1661	8491.0
1662	8470.0
1663	8484.0
1664	8331.0
1665	8476.0
1666	8553.0
1667	8543.0
1668	8476.0
1669	8418.0
1670	8386.0
1671	8424.0
1672	8349.0
1673	8488.0
1674	8456.0
1675	8491.0
1676	8467.0
1677	8440.0
1678	8527.0
1679	8471.0
1680	8454.0
1681	8387.0
1682	8442.0
1683	8385.0
1684	8344.0
1685	8364.0
1686	8422.0
1687	8441.0
1688	8440.0
1689	8468.0
1690	8410.0
1691	8424.0
1692	8485.0
1693	8465.0
1694	8421.0
1695	8397.0
1696	8410.0
1697	8336.0
1698	8339.0
1699	8354.0
1700	8354.0
1701	8493.0
1702	8406.0
1703	8476.0
1704	8535.0
1705	8565.0
1706	8497.0
1707	8450.0
1708	8544.0
1709	8450.0
1710	8470.0
1711	8547.0
1712	8502.0
1713	8515.0
1714	8622.0
1715	8604.0
1716	8529.0
1717	8554.0
1718	8467.0
1719	8500.0
1720	8484.0
1721	8497.0
1722	8458.0
1723	8528.0
1724	8470.0
1725	8500.0
1726	8470.0
1727	8433.0
1728	8511.0
1729	8575.0
1730	8551.0
1731	8471.0
1732	8477.0
1733	8382.0
1734	8365.0
1735	8399.0
1736	8420.0
1737	8471.0
1738	8409.0
1739	8459.0
1740	8435.0
1741	8369.0
1742	8421.0
1743	8481.0
1744	8435.0
1745	8443.0
1746	8560.0
1747	8485.0
1748	8459.0
1749	8477.0
1750	8392.0
1751	8404.0
1752	8406.0
1753	8554.0
1754	8529.0
1755	8578.0
1756	8564.0
1757	8441.0
1758	8449.0
1759	8456.0
1760	8471.0
1761	8497.0
1762	8481.0
1763	8459.0
1764	8409.0
1765	8407.0
1766	8428.0
1767	8468.0
1768	8436.0
1769	8496.0
1770	8444.0
1771	8518.0
1772	8437.0
1773	8505.0
1774	8566.0
1775	8561.0
1776	8601.0
1777	8553.0
1778	8516.0
1779	8515.0
1780	8488.0
1781	8426.0
1782	8527.0
1783	8604.0
1784	8586.0
1785	8587.0
1786	8625.0
1787	8580.0
1788	8521.0
1789	8482.0
1790	8424.0
1791	8487.0
1792	8453.0
1793	8507.0
1794	8480.0
1795	8468.0
1796	8399.0
1797	8525.0
1798	8439.0
1799	8411.0
1800	8435.0
1801	8488.0
1802	8546.0
1803	8612.0
1804	8517.0
1805	8520.0
1806	8493.0
1807	8549.0
1808	8566.0
1809	8456.0
1810	8442.0
1811	8479.0
1812	8558.0
1813	8638.0
1814	8605.0
1815	8552.0
1816	8535.0
1817	8550.0
1818	8518.0
1819	8502.0
1820	8457.0
1821	8457.0
1822	8475.0
1823	8450.0
1824	8436.0
1825	8370.0
1826	8341.0
1827	8382.0
1828	8460.0
1829	8328.0
1830	8435.0
1831	8457.0
1832	8452.0
1833	8463.0
1834	8530.0
1835	8558.0
1836	8542.0
1837	8605.0
1838	8665.0
1839	8631.0
1840	8668.0
1841	8705.0
1842	8602.0
1843	8558.0
1844	8618.0
1845	8493.0
1846	8521.0
1847	8530.0
1848	8521.0
1849	8516.0
1850	8536.0
1851	8539.0
1852	8580.0
1853	8677.0
1854	8660.0
1855	8627.0
1856	8543.0
1857	8575.0
1858	8531.0
1859	8475.0
1860	8583.0
1861	8589.0
1862	8501.0
1863	8516.0
1864	8435.0
1865	8433.0
1866	8556.0
1867	8530.0
1868	8502.0
1869	8541.0
1870	8489.0
1871	8504.0
1872	8484.0
1873	8496.0
1874	8493.0
1875	8472.0
1876	8499.0
1877	8428.0
1878	8523.0
1879	8520.0
1880	8491.0
1881	8550.0
1882	8535.0
1883	8460.0
1884	8471.0
1885	8378.0
1886	8286.0
1887	8365.0
1888	8319.0
1889	8383.0
1890	8500.0
1891	8437.0
1892	8446.0
1893	8474.0
1894	8403.0
1895	8424.0
1896	8480.0
1897	8450.0
1898	8384.0
1899	8433.0
1900	8370.0
1901	8454.0
1902	8544.0
1903	8578.0
1904	8527.0
1905	8483.0
1906	8438.0
1907	8319.0
1908	8430.0
1909	8391.0
1910	8427.0
1911	8455.0
1912	8446.0
1913	8407.0
1914	8456.0
1915	8512.0
1916	8481.0
1917	8461.0
1918	8525.0
1919	8521.0
1920	8479.0
1921	8478.0
1922	8539.0
1923	8507.0
1924	8536.0
1925	8390.0
1926	8399.0
1927	8444.0
1928	8577.0
1929	8455.0
1930	8445.0
1931	8408.0
1932	8368.0
1933	8346.0
1934	8388.0
1935	8439.0
1936	8374.0
1937	8313.0
1938	8330.0
1939	8368.0
1940	8426.0
1941	8361.0
1942	8409.0
1943	8362.0
1944	8468.0
1945	8531.0
1946	8483.0
1947	8414.0
1948	8439.0
1949	8397.0
1950	8452.0
1951	8508.0
1952	8425.0
1953	8429.0
1954	8449.0
1955	8513.0
1956	8553.0
1957	8495.0
1958	8454.0
1959	8466.0
1960	8517.0
1961	8496.0
1962	8456.0
1963	8481.0
1964	8452.0
1965	8465.0
1966	8527.0
1967	8471.0
1968	8414.0
1969	8430.0
1970	8413.0
1971	8459.0
1972	8499.0
1973	8513.0
1974	8475.0
1975	8497.0
1976	8453.0
1977	8448.0
1978	8536.0
1979	8499.0
1980	8639.0
1981	8522.0
1982	8551.0
1983	8538.0
1984	8483.0
1985	8507.0
1986	8601.0
1987	8609.0
1988	8527.0
1989	8567.0
1990	8520.0
1991	8513.0
1992	8469.0
1993	8430.0
1994	8348.0
1995	8389.0
1996	8501.0
1997	8427.0
1998	8500.0
1999	8489.0
2000	8426.0
2001	8474.0
2002	8486.0
2003	8558.0
2004	8562.0
2005	8615.0
2006	8663.0
2007	8683.0
2008	8690.0
2009	8677.0
2010	8648.0
2011	8608.0
2012	8596.0
2013	8577.0
2014	8637.0
2015	8583.0
2016	8595.0
2017	8476.0
2018	8491.0
2019	8517.0
2020	8494.0
2021	8500.0
2022	8429.0
2023	8472.0
2024	8453.0
2025	8478.0
2026	8514.0
2027	8409.0
2028	8486.0
2029	8587.0
2030	8539.0
2031	8495.0
2032	8610.0
2033	8478.0
2034	8433.0
2035	8393.0
2036	8366.0
2037	8355.0
2038	8439.0
2039	8430.0
2040	8396.0
2041	8436.0
2042	8403.0
2043	8483.0
2044	8390.0
2045	8508.0
2046	8453.0
2047	8491.0
2048	8546.0
2049	8498.0
2050	8465.0
2051	8449.0
2052	8451.0
2053	8433.0
2054	8436.0
2055	8513.0
2056	8537.0
2057	8582.0
2058	8442.0
2059	8462.0
2060	8415.0
2061	8406.0
2062	8417.0
2063	8423.0
2064	8387.0
2065	8426.0
2066	8464.0
2067	8451.0
2068	8455.0
2069	8489.0
2070	8461.0
2071	8454.0
2072	8519.0
2073	8489.0
2074	8557.0
2075	8600.0
2076	8616.0
2077	8479.0
2078	8485.0
2079	8393.0
2080	8489.0
2081	8396.0
2082	8309.0
2083	8373.0
2084	8367.0
2085	8444.0
2086	8473.0
2087	8490.0
2088	8517.0
2089	8555.0
2090	8528.0
2091	8517.0
2092	8484.0
2093	8389.0
2094	8405.0
2095	8466.0
2096	8562.0
2097	8563.0
2098	8518.0
2099	8427.0
2100	8533.0
2101	8479.0
2102	8414.0
2103	8421.0
2104	8394.0
2105	8360.0
2106	8441.0
2107	8450.0
2108	8395.0
2109	8351.0
2110	8439.0
2111	8369.0
2112	8441.0
2113	8525.0
2114	8461.0
2115	8471.0
2116	8477.0
2117	8470.0
2118	8336.0
2119	8315.0
2120	8301.0
2121	8341.0
2122	8319.0
2123	8315.0
2124	8278.0
2125	8480.0
2126	8464.0
2127	8390.0
2128	8456.0
2129	8354.0
2130	8346.0
2131	8426.0
2132	8395.0
2133	8389.0
2134	8378.0
2135	8396.0
2136	8406.0
2137	8413.0
2138	8428.0
2139	8428.0
2140	8565.0
2141	8556.0
2142	8539.0
2143	8466.0
2144	8515.0
2145	8477.0
2146	8498.0
2147	8512.0
2148	8484.0
2149	8470.0
2150	8424.0
2151	8361.0
2152	8405.0
2153	8445.0
2154	8420.0
2155	8481.0
2156	8428.0
2157	8479.0
2158	8517.0
2159	8408.0
2160	8410.0
2161	8383.0
2162	8412.0
2163	8390.0
2164	8468.0
2165	8534.0
2166	8438.0
2167	8446.0
2168	8425.0
2169	8498.0
2170	8638.0
2171	8546.0
2172	8664.0
2173	8517.0
2174	8481.0
2175	8492.0
2176	8415.0
2177	8405.0
2178	8444.0
2179	8515.0
2180	8436.0
2181	8498.0
2182	8563.0
2183	8545.0
2184	8570.0
2185	8553.0
2186	8462.0
2187	8431.0
2188	8336.0
2189	8363.0
2190	8514.0
2191	8567.0
2192	8479.0
2193	8540.0
2194	8525.0
2195	8598.0
2196	8546.0
2197	8651.0
2198	8546.0
2199	8603.0
2200	8576.0
2201	8593.0
2202	8542.0
2203	8524.0
2204	8540.0
2205	8480.0
2206	8505.0
2207	8515.0
2208	8527.0
2209	8533.0
2210	8687.0
2211	8663.0
2212	8731.0
2213	8599.0
2214	8650.0
2215	8577.0
2216	8507.0
2217	8548.0
2218	8471.0
2219	8419.0
2220	8384.0
2221	8377.0
2222	8470.0
2223	8453.0
2224	8482.0
2225	8454.0
2226	8465.0
2227	8493.0
2228	8345.0
2229	8350.0
2230	8417.0
2231	8419.0
2232	8410.0
2233	8346.0
2234	8401.0
2235	8397.0
2236	8348.0
2237	8299.0
2238	8432.0
2239	8403.0
2240	8513.0
2241	8453.0
2242	8444.0
2243	8473.0
2244	8428.0
2245	8395.0
2246	8455.0
2247	8460.0
2248	8468.0
2249	8477.0
2250	8468.0
2251	8492.0
2252	8518.0
2253	8423.0
2254	8517.0
2255	8510.0
2256	8480.0
2257	8439.0
2258	8394.0
2259	8450.0
2260	8462.0
2261	8507.0
2262	8503.0
2263	8490.0
2264	8496.0
2265	8514.0
2266	8538.0
2267	8599.0
2268	8625.0
2269	8613.0
2270	8596.0
2271	8453.0
2272	8500.0
2273	8567.0
2274	8536.0
2275	8498.0
2276	8534.0
2277	8427.0
2278	8496.0
2279	8466.0
2280	8456.0
2281	8408.0
2282	8455.0
2283	8553.0
2284	8468.0
2285	8522.0
2286	8505.0
2287	8454.0
2288	8405.0
2289	8373.0
2290	8345.0
2291	8483.0
2292	8446.0
2293	8448.0
2294	8405.0
2295	8416.0
2296	8419.0
2297	8415.0
2298	8496.0
2299	8498.0
2300	8411.0
2301	8368.0
2302	8393.0
2303	8444.0
2304	8484.0
2305	8502.0
2306	8551.0
2307	8504.0
2308	8516.0
2309	8393.0
2310	8357.0
2311	8324.0
2312	8417.0
2313	8411.0
2314	8389.0
2315	8372.0
2316	8406.0
2317	8356.0
2318	8402.0
2319	8435.0
2320	8395.0
2321	8496.0
2322	8506.0
2323	8553.0
2324	8570.0
2325	8637.0
2326	8667.0
2327	8612.0
2328	8527.0
2329	8448.0
2330	8451.0
2331	8492.0
2332	8404.0
2333	8393.0
2334	8402.0
2335	8457.0
2336	8363.0
2337	8341.0
2338	8410.0
2339	8449.0
2340	8436.0
2341	8504.0
2342	8478.0
2343	8426.0
2344	8520.0
2345	8469.0
2346	8450.0
2347	8427.0
2348	8399.0
2349	8374.0
2350	8409.0
2351	8443.0
2352	8398.0
2353	8431.0
2354	8316.0
2355	8379.0
2356	8446.0
2357	8477.0
2358	8447.0
2359	8460.0
2360	8467.0
2361	8467.0
2362	8494.0
2363	8482.0
2364	8550.0
2365	8577.0
2366	8491.0
2367	8458.0
2368	8535.0
2369	8442.0
2370	8565.0
2371	8532.0
2372	8493.0
2373	8507.0
2374	8523.0
2375	8561.0
2376	8664.0
2377	8645.0
2378	8702.0
2379	8590.0
2380	8591.0
2381	8581.0
2382	8583.0
2383	8557.0
2384	8627.0
2385	8508.0
2386	8478.0
2387	8488.0
2388	8458.0
2389	8487.0
2390	8545.0
2391	8522.0
2392	8528.0
2393	8449.0
2394	8464.0
2395	8444.0
2396	8448.0
2397	8451.0
2398	8529.0
2399	8516.0
2400	8523.0
2401	8506.0
2402	8492.0
2403	8440.0
2404	8380.0
2405	8405.0
2406	8422.0
2407	8418.0
2408	8495.0
2409	8407.0
2410	8441.0
2411	8437.0
2412	8372.0
2413	8383.0
2414	8518.0
2415	8580.0
2416	8585.0
2417	8501.0
2418	8539.0
2419	8512.0
2420	8448.0
2421	8513.0
2422	8525.0
2423	8524.0
2424	8484.0
2425	8475.0
2426	8465.0
2427	8466.0
2428	8453.0
2429	8444.0
2430	8491.0
2431	8593.0
2432	8479.0
2433	8526.0
2434	8559.0
2435	8466.0
2436	8464.0
2437	8387.0
2438	8552.0
2439	8511.0
2440	8445.0
2441	8484.0
2442	8606.0
2443	8554.0
2444	8455.0
2445	8482.0
2446	8521.0
2447	8474.0
2448	8470.0
2449	8519.0
2450	8492.0
2451	8550.0
2452	8502.0
2453	8425.0
2454	8490.0
2455	8459.0
2456	8449.0
2457	8423.0
2458	8525.0
2459	8423.0
2460	8399.0
2461	8486.0
2462	8499.0
2463	8498.0
2464	8413.0
2465	8356.0
2466	8368.0
2467	8338.0
2468	8331.0
2469	8337.0
2470	8367.0
2471	8468.0
2472	8410.0
2473	8457.0
2474	8403.0
2475	8425.0
2476	8411.0
2477	8396.0
2478	8423.0
2479	8438.0
2480	8418.0
2481	8458.0
2482	8313.0
2483	8336.0
2484	8403.0
2485	8456.0
2486	8509.0
2487	8414.0
2488	8453.0
2489	8407.0
2490	8524.0
2491	8473.0
2492	8423.0
2493	8482.0
2494	8420.0
2495	8407.0
2496	8441.0
2497	8470.0
2498	8476.0
2499	8582.0
2500	8585.0
2501	8523.0
2502	8428.0
2503	8509.0
2504	8459.0
2505	8420.0
2506	8406.0
2507	8458.0
2508	8506.0
2509	8547.0
2510	8456.0
2511	8440.0
2512	8492.0
2513	8436.0
2514	8511.0
2515	8476.0
2516	8408.0
2517	8438.0
2518	8448.0
2519	8470.0
2520	8471.0
2521	8425.0
2522	8356.0
2523	8417.0
2524	8475.0
2525	8472.0
2526	8527.0
2527	8478.0
2528	8365.0
2529	8383.0
2530	8461.0
2531	8433.0
2532	8429.0
2533	8430.0
2534	8361.0
2535	8471.0
2536	8505.0
2537	8414.0
2538	8378.0
2539	8506.0
2540	8523.0
2541	8573.0
2542	8557.0
2543	8550.0
2544	8480.0
2545	8495.0
2546	8457.0
2547	8509.0
2548	8492.0
2549	8488.0
2550	8512.0
2551	8488.0
2552	8480.0
2553	8465.0
2554	8413.0
2555	8421.0
2556	8534.0
2557	8488.0
2558	8515.0
2559	8485.0
2560	8469.0
2561	8439.0
2562	8422.0
2563	8385.0
2564	8404.0
2565	8491.0
2566	8501.0
2567	8568.0
2568	8503.0
2569	8461.0
2570	8514.0
2571	8639.0
2572	8572.0
2573	8547.0
2574	8598.0
2575	8619.0
2576	8572.0
2577	8616.0
2578	8568.0
2579	8581.0
2580	8578.0
2581	8475.0
2582	8516.0
2583	8434.0
2584	8582.0
2585	8558.0
2586	8568.0
2587	8610.0
2588	8616.0
2589	8492.0
2590	8533.0
2591	8474.0
2592	8524.0
2593	8555.0
2594	8472.0
2595	8452.0
2596	8461.0
2597	8544.0
2598	8551.0
2599	8395.0
2600	8429.0
2601	8468.0
2602	8507.0
2603	8560.0
2604	8546.0
2605	8543.0
2606	8579.0
2607	8586.0
2608	8518.0
2609	8483.0
2610	8500.0
2611	8462.0
2612	8492.0
2613	8459.0
2614	8487.0
2615	8450.0
2616	8615.0
2617	8492.0
2618	8456.0
2619	8468.0
2620	8464.0
2621	8541.0
2622	8457.0
2623	8458.0
2624	8450.0
2625	8483.0
2626	8501.0
2627	8569.0
2628	8501.0
2629	8357.0
2630	8339.0
2631	8333.0
2632	8314.0
2633	8370.0
2634	8403.0
2635	8553.0
2636	8445.0
2637	8395.0
2638	8386.0
2639	8441.0
2640	8360.0
2641	8386.0
2642	8408.0
2643	8534.0
2644	8554.0
2645	8506.0
2646	8519.0
2647	8440.0
2648	8502.0
2649	8509.0
2650	8607.0
2651	8550.0
2652	8501.0
2653	8566.0
2654	8546.0
2655	8589.0
2656	8525.0
2657	8609.0
2658	8663.0
2659	8551.0
2660	8511.0
2661	8636.0
2662	8678.0
2663	8625.0
2664	8586.0
2665	8608.0
2666	8624.0
2667	8644.0
2668	8578.0
2669	8641.0
2670	8628.0
2671	8668.0
2672	8628.0
2673	8499.0
2674	8477.0
2675	8467.0
2676	8505.0
2677	8495.0
2678	8405.0
2679	8445.0
2680	8470.0
2681	8378.0
2682	8359.0
2683	8370.0
2684	8440.0
2685	8565.0
2686	8556.0
2687	8591.0
2688	8534.0
2689	8511.0
2690	8501.0
2691	8500.0
2692	8515.0
2693	8391.0
2694	8387.0
2695	8455.0
2696	8552.0
2697	8534.0
2698	8576.0
2699	8489.0
2700	8472.0
2701	8512.0
2702	8482.0
2703	8478.0
2704	8498.0
2705	8508.0
2706	8411.0
2707	8414.0
2708	8427.0
2709	8516.0
2710	8416.0
2711	8384.0
2712	8455.0
2713	8473.0
2714	8575.0
2715	8537.0
2716	8591.0
2717	8598.0
2718	8485.0
2719	8480.0
2720	8437.0
2721	8488.0
2722	8476.0
2723	8441.0
2724	8469.0
2725	8468.0
2726	8449.0
2727	8392.0
2728	8404.0
2729	8440.0
2730	8357.0
2731	8243.0
2732	8292.0
2733	8317.0
2734	8388.0
2735	8475.0
2736	8449.0
2737	8446.0
2738	8480.0
2739	8539.0
2740	8579.0
2741	8596.0
2742	8537.0
2743	8456.0
2744	8441.0
2745	8435.0
2746	8484.0
2747	8468.0
2748	8510.0
2749	8467.0
2750	8568.0
2751	8570.0
2752	8513.0
2753	8558.0
2754	8494.0
2755	8487.0
2756	8540.0
2757	8556.0
2758	8523.0
2759	8508.0
2760	8546.0
2761	8527.0
2762	8595.0
2763	8534.0
2764	8514.0
2765	8551.0
2766	8549.0
2767	8444.0
2768	8532.0
2769	8347.0
2770	8412.0
2771	8471.0
2772	8471.0
2773	8567.0
2774	8498.0
2775	8540.0
2776	8488.0
2777	8525.0
2778	8391.0
2779	8448.0
2780	8355.0
2781	8440.0
2782	8557.0
2783	8455.0
2784	8451.0
2785	8396.0
2786	8436.0
2787	8410.0
2788	8389.0
2789	8413.0
2790	8417.0
2791	8498.0
2792	8513.0
2793	8534.0
2794	8520.0
2795	8426.0
2796	8413.0
2797	8353.0
2798	8370.0
2799	8425.0
2800	8477.0
2801	8475.0
2802	8448.0
2803	8469.0
2804	8483.0
2805	8526.0
2806	8465.0
2807	8451.0
2808	8349.0
2809	8434.0
2810	8425.0
2811	8475.0
2812	8485.0
2813	8569.0
2814	8505.0
2815	8426.0
2816	8487.0
2817	8404.0
2818	8484.0
2819	8431.0
2820	8457.0
2821	8466.0
2822	8544.0
2823	8553.0
2824	8603.0
2825	8515.0
2826	8527.0
2827	8548.0
2828	8585.0
2829	8525.0
2830	8541.0
2831	8557.0
2832	8519.0
2833	8471.0
2834	8492.0
2835	8402.0
2836	8508.0
2837	8468.0
2838	8398.0
2839	8506.0
2840	8468.0
2841	8404.0
2842	8483.0
2843	8495.0
2844	8493.0
2845	8449.0
2846	8513.0
2847	8520.0
2848	8451.0
2849	8425.0
2850	8405.0
2851	8411.0
2852	8428.0
2853	8433.0
2854	8397.0
2855	8337.0
2856	8401.0
2857	8407.0
2858	8465.0
2859	8464.0
2860	8479.0
2861	8456.0
2862	8492.0
2863	8386.0
2864	8480.0
2865	8529.0
2866	8389.0
2867	8511.0
2868	8494.0
2869	8589.0
2870	8497.0
2871	8474.0
2872	8510.0
2873	8573.0
2874	8555.0
2875	8510.0
2876	8475.0
2877	8514.0
2878	8465.0
2879	8417.0
2880	8514.0
2881	8390.0
2882	8489.0
2883	8459.0
2884	8450.0
2885	8403.0
2886	8513.0
2887	8478.0
2888	8474.0
2889	8416.0
2890	8494.0
2891	8479.0
2892	8455.0
2893	8419.0
2894	8456.0
2895	8452.0
2896	8401.0
2897	8518.0
2898	8511.0
2899	8456.0
2900	8410.0
2901	8397.0
2902	8364.0
2903	8345.0
2904	8363.0
2905	8410.0
2906	8518.0
2907	8451.0
2908	8445.0
2909	8443.0
2910	8407.0
2911	8447.0
2912	8477.0
2913	8417.0
2914	8561.0
2915	8516.0
2916	8452.0
2917	8430.0
2918	8422.0
2919	8386.0
2920	8501.0
2921	8531.0
2922	8606.0
2923	8506.0
2924	8486.0
2925	8453.0
2926	8466.0
2927	8457.0
2928	8456.0
2929	8480.0
2930	8404.0
2931	8415.0
2932	8471.0
2933	8393.0
2934	8490.0
2935	8446.0
2936	8409.0
2937	8429.0
2938	8362.0
2939	8464.0
2940	8541.0
2941	8514.0
2942	8529.0
2943	8397.0
2944	8447.0
2945	8463.0
2946	8514.0
2947	8506.0
2948	8438.0
2949	8470.0
2950	8471.0
2951	8510.0
2952	8479.0
2953	8431.0
2954	8304.0
2955	8372.0
2956	8364.0
2957	8271.0
2958	8339.0
2959	8316.0
2960	8376.0
2961	8396.0
2962	8408.0
2963	8360.0
2964	8396.0
2965	8418.0
2966	8437.0
2967	8448.0
2968	8471.0
2969	8525.0
2970	8534.0
2971	8420.0
2972	8505.0
2973	8546.0
2974	8461.0
2975	8583.0
2976	8587.0
2977	8643.0
2978	8636.0
2979	8525.0
2980	8608.0
2981	8549.0
2982	8655.0
2983	8625.0
2984	8621.0
2985	8591.0
2986	8559.0
2987	8576.0
2988	8498.0
2989	8475.0
2990	8465.0
2991	8425.0
2992	8412.0
2993	8427.0
2994	8326.0
2995	8414.0
2996	8401.0
2997	8415.0
2998	8425.0
2999	8508.0
3000	8529.0
1001	-9.025
1002	25.5
1003	6.903
1004	15.49
1005	-2.401
1006	-0.7805
1007	-9.384
1008	1.43
1009	11.55
1010	-6.106
1011	18.55
1012	-1.032
1013	-30.93
1014	5.894
1015	-10.49
1016	39.47
1017	30.24
1018	-4.088
1019	-17.07
1020	1.315
1021	8.229
1022	5.261
1023	-19.9
1024	-3.518
1025	-0.2388
1026	7.294
1027	16.61
1028	-7.931
1029	-18.85
1030	21.66
1031	1.394
1032	-22.15
1033	-3.252
1034	5.917
1035	10.77
1036	-34.67
1037	-19.44
1038	-16.89
1039	-4.936
1040	31.97
1041	-42.23
1042	-48.76
1043	-21.15
1044	-17.33
1045	-24.32
1046	24.95
1047	4.933
1048	0.6593
1049	-18.11
1050	-12.0
1051	17.99
1052	-5.923
1053	-26.94
1054	8.939
1055	-11.84
1056	-12.48
1057	-13.94
1058	-12.56
1059	4.593
1060	4.458
1061	-5.086
1062	-28.6
1063	6.026
1064	-17.01
1065	0.1692
1066	33.62
1067	-32.61
1068	4.04
1069	-4.01
1070	7.717
1071	21.03
1072	-1.638
1073	1.557
1074	-4.946
1075	-41.62
1076	-15.16
1077	-29.89
1078	-15.26
1079	2.047
1080	-3.019
1081	9.038
1082	20.51
1083	20.77
1084	6.382
1085	10.48
1086	-7.445
1087	3.676
1088	-9.445
1089	15.07
1090	5.216
1091	17.47
1092	-28.73
1093	37.68
1094	5.119
1095	-22.56
1096	-6.464
1097	-4.808
1098	-8.51
1099	-11.91
1100	-14.35
1101	11.14
1102	14.17
1103	6.188
1104	-42.44
1105	-1.304
1106	-31.3
1107	17.85
1108	-8.397
1109	12.21
1110	-13.61
1111	-21.74
1112	6.147
1113	-30.99
1114	-3.749
1115	-9.779
1116	20.48
1117	-0.3327
1118	4.486
1119	15.57
1120	6.953
1121	12.49
1122	-15.51
1123	-56.48
1124	0.6826
1125	8.592
1126	-7.384
1127	-44.0
1128	-46.92
1129	-12.14
1130	-35.15
1131	2.257
1132	-3.319
1133	-11.54
1134	11.24
1135	-6.235
1136	0.5455
1137	30.72
1138	-7.404
1139	-0.1535
1140	-0.6681
1141	32.74
1142	-23.99
1143	12.13
1144	13.05
1145	-0.3488
1146	-35.85
1147	12.83
1148	-5.738
1149	21.65
1150	24.68
1151	16.4
1152	-2.636
1153	6.37
1154	-15.9
1155	-10.29
1156	-45.24
1157	-7.236
1158	21.92
1159	-44.9
1160	6.729
1161	-18.0
1162	13.96
1163	8.286
1164	0.5054
1165	-5.369
1166	-17.75
1167	-2.858
1168	3.549
1169	-9.094
1170	-9.66
1171	9.595
1172	-6.398
1173	9.726
1174	-5.797
1175	-9.258
1176	-5.225
1177	-1.368
1178	14.87
1179	-2.15
1180	4.418
1181	-14.06
1182	-17.97
1183	-34.15
1184	-23.56
1185	10.22
1186	28.28
1187	12.1
1188	-9.524
1189	11.42
1190	21.26
1191	19.12
1192	9.776
1193	27.35
1194	13.04
1195	-11.67
1196	15.79
1197	-12.68
1198	-23.86
1199	29.75
1200	13.83
1201	-11.48
1202	13.32
1203	25.55
1204	0.2598
1205	-19.44
1206	12.31
1207	-19.25
1208	10.51
1209	34.39
1210	-38.27
1211	6.083
1212	-13.69
1213	-3.429
1214	7.132
1215	10.55
1216	-3.373
1217	-38.45
1218	-5.321
1219	16.91
1220	-15.52
1221	-34.76
1222	-27.33
1223	5.975
1224	-6.316
1225	-5.742
1226	-23.17
1227	10.58
1228	24.65
1229	-14.16
1230	3.899
1231	9.365
1232	7.741
1233	19.6
1234	-0.726
1235	8.551
1236	-5.185
1237	-13.39
1238	-5.283
1239	30.68
1240	2.993
1241	14.21
1242	-9.086
1243	-3.193
1244	-10.34
1245	9.01
1246	-19.69
1247	13.22
1248	-4.423
1249	-10.38
1250	-4.142
1251	4.67
1252	-8.683
1253	-28.42
1254	26.1
1255	-22.26
1256	-19.02
1257	-19.03
1258	-9.155
1259	7.739
1260	7.19
1261	4.619
1262	-38.08
1263	-44.73
1264	-21.63
1265	13.55
1266	1.344
1267	14.31
1268	2.814
1269	12.73
1270	-2.226
1271	-18.53
1272	4.983
1273	37.2
1274	-8.458
1275	-22.68
1276	6.467
1277	-10.33
1278	19.79
1279	3.912
1280	16.61
1281	0.1418
1282	9.307
1283	-0.9292
1284	8.678
1285	-0.7714
1286	5.172
1287	-22.48
1288	12.91
1289	4.073
1290	-2.975
1291	-2.693
1292	4.149
1293	0.525
1294	25.89
1295	-44.37
1296	0.6065
1297	-30.07
1298	8.529
1299	-36.17
1300	3.876
1301	-21.0
1302	0.739
1303	19.02
1304	11.46
1305	-8.818
1306	-2.837
1307	16.34
1308	-12.06
1309	-11.27
1310	31.76
1311	-4.189
1312	0.2988
1313	4.403
1314	-14.51
1315	-16.43
1316	-16.29
1317	-29.85
1318	11.73
1319	-25.73
1320	-1.63
1321	21.96
1322	-11.41
1323	0.4238
1324	2.347
1325	25.77
1326	19.19
1327	9.947
1328	19.02
1329	29.31
1330	-4.022
1331	12.83
1332	27.58
1333	-23.32
1334	9.311
1335	2.337
1336	20.55
1337	16.82
1338	1.358
1339	8.235
1340	-7.005
1341	19.24
1342	13.05
1343	-14.12
1344	21.83
1345	-26.45
1346	13.64
1347	-5.254
1348	-16.2
1349	-8.325
1350	30.85
1351	30.86
1352	26.03
1353	10.88
1354	2.39
1355	-26.64
1356	22.4
1357	-51.71
1358	-8.103
1359	6.111
1360	-7.128
1361	23.92
1362	10.27
1363	-22.29
1364	20.24
1365	-7.349
1366	-42.74
1367	-32.52
1368	6.388
1369	25.01
1370	33.54
1371	-4.346
1372	-27.88
1373	3.579
1374	6.998
1375	-0.5283
1376	-12.92
1377	13.51
1378	1.007
1379	7.103
1380	3.57
1381	-31.31
1382	13.77
1383	6.553
1384	14.79
1385	26.67
1386	11.73
1387	-6.296
1388	46.99
1389	-3.756
1390	-13.13
1391	23.74
1392	3.969
1393	20.42
1394	-2.33
1395	-12.21
1396	13.06
1397	0.7957
1398	-0.3253
1399	6.338
1400	20.2
1401	5.705
1402	18.02
1403	-32.22
1404	-16.9
1405	11.88
1406	2.02
1407	21.62
1408	13.59
1409	-25.4
1410	-32.52
1411	-38.37
1412	13.83
1413	3.209
1414	-27.33
1415	3.207
1416	-5.179
1417	-4.087
1418	12.43
1419	-17.7
1420	7.484
1421	-16.36
1422	20.76
1423	-9.455
1424	-0.01813
1425	18.24
1426	-6.416
1427	-14.26
1428	1.66
1429	3.942
1430	-3.12
1431	5.219
1432	16.25
1433	14.01
1434	-12.23
1435	-17.6
1436	4.766
1437	9.257
1438	-13.35
1439	-29.62
1440	31.93
1441	-9.588
1442	-11.94
1443	-18.08
1444	19.86
1445	15.27
1446	-6.881
1447	-13.72
1448	25.21
1449	-14.99
1450	-3.776
1451	-19.19
1452	-0.7854
1453	-36.18
1454	-26.92
1455	-4.124
1456	-30.19
1457	-17.61
1458	-4.731
1459	3.325
1460	-2.933
1461	-7.06
1462	9.877
1463	13.18
1464	24.78
1465	-1.655
1466	0.9577
1467	-2.575
1468	-19.74
1469	4.088
1470	48.6
1471	6.157
1472	3.71
1473	24.12
1474	-22.91
1475	-15.02
1476	-5.905
1477	-11.51
1478	17.57
1479	0.3303
1480	18.94
1481	-11.26
1482	-7.679
1483	-5.859
1484	20.53
1485	-29.64
1486	1.874
1487	-12.36
1488	11.42
1489	-17.0
1490	10.75
1491	13.35
1492	5.947
1493	-3.584
1494	-0.4031
1495	15.08
1496	-33.93
1497	-0.2913
1498	39.06
1499	-3.03
1500	12.34
1501	-17.68
1502	-36.97
1503	-26.97
1504	19.48
1505	-15.93
1506	-30.47
1507	15.77
1508	-31.5
1509	0.7574
1510	-1.337
1511	26.69
1512	-0.727
1513	34.8
1514	-28.87
1515	-3.319
1516	-2.279
1517	-23.34
1518	-6.793
1519	5.677
1520	11.5
1521	12.92
1522	4.345
1523	-22.17
1524	-2.16
1525	-9.345
1526	0.5256
1527	-3.665
1528	-8.095
1529	6.705
1530	11.97
1531	-20.44
1532	-9.708
1533	-16.09
1534	-32.54
1535	52.21
1536	-4.948
1537	-2.375
1538	-10.45
1539	18.13
1540	-21.38
1541	0.3482
1542	-2.195
1543	-7.058
1544	-8.796
1545	26.63
1546	-35.89
1547	11.5
1548	-6.27
1549	-17.41
1550	-23.3
1551	-4.722
1552	14.42
1553	-16.1
1554	-2.683
1555	-11.04
1556	-39.72
1557	13.55
1558	26.15
1559	17.31
1560	0.5194
1561	-15.76
1562	2.47
1563	-3.088
1564	13.64
1565	32.61
1566	17.14
1567	-14.23
1568	-17.88
1569	10.4
1570	-3.673
1571	0.404
1572	-8.879
1573	20.07
1574	-21.85
1575	15.47
1576	-10.17
1577	26.55
1578	19.79
1579	10.09
1580	-13.99
1581	-19.9
1582	10.78
1583	38.76
1584	-46.98
1585	5.841
1586	-6.676
1587	-15.98
1588	8.153
1589	22.17
1590	-11.32
1591	21.71
1592	17.03
1593	15.71
1594	4.826
1595	-24.23
1596	-1.569
1597	11.27
1598	23.38
1599	-13.94
1600	-6.998
1601	-17.28
1602	7.541
1603	-1.318
1604	-1.639
1605	2.381
1606	-34.29
1607	5.91
1608	-15.61
1609	-1.022
1610	-22.86
1611	0.1257
1612	-4.394
1613	-3.591
1614	11.89
1615	-25.32
1616	5.394
1617	-15.5
1618	-13.19
1619	-9.455
1620	31.67
1621	-29.41
1622	10.07
1623	21.58
1624	33.77
1625	9.825
1626	13.55
1627	-11.02
1628	19.48
1629	11.85
1630	17.23
1631	-3.08
1632	21.61
1633	27.55
1634	-5.267
1635	-13.32
1636	0.9126
1637	11.4
1638	-7.629
1639	-43.27
1640	-10.88
1641	29.09
1642	7.944
1643	16.8
1644	0.5484
1645	14.62
1646	-11.82
1647	-5.741
1648	-7.592
1649	-4.586
1650	25.23
1651	20.23
1652	1.985
1653	2.999
1654	-3.349
1655	4.439
1656	8.092
1657	-30.0
1658	-17.33
1659	22.85
1660	-25.73
1661	9.887
1662	14.88
1663	-9.756
1664	11.91
1665	18.87
1666	14.3
1667	-5.992
1668	-24.09
1669	18.5
1670	-28.84
1671	-6.421
1672	-2.339
1673	0.6384
1674	4.3
1675	2.4
1676	21.72
1677	9.344
1678	-63.89
1679	-4.649
1680	22.29
1681	-4.037
1682	10.99
1683	21.53
1684	3.576
1685	-4.337
1686	6.312
1687	9.782
1688	24.31
1689	-24.85
1690	-25.67
1691	-48.22
1692	-10.22
1693	0.4901
1694	-6.022
1695	20.14
1696	6.108
1697	-9.074
1698	3.216
1699	5.397
1700	-13.88
1701	13.02
1702	16.51
1703	0.08518
1704	13.97
1705	7.824
1706	6.132
1707	-10.41
1708	-19.26
1709	3.594
1710	-6.22
1711	4.905
1712	-15.78
1713	14.84
1714	-22.83
1715	19.29
1716	-27.92
1717	1.057
1718	5.3
1719	13.4
1720	24.64
1721	11.13
1722	-9.82
1723	17.59
1724	12.64
1725	1.068
1726	24.91
1727	16.53
1728	-45.35
1729	11.79
1730	35.49
1731	7.171
1732	12.95
1733	-20.31
1734	16.13
1735	11.83
1736	27.85
1737	26.52
1738	10.21
1739	-11.09
1740	13.74
1741	-10.78
1742	-1.718
1743	-23.94
1744	18.17
1745	1.1
1746	-18.05
1747	-19.09
1748	10.94
1749	5.96
1750	0.2501
1751	-9.21
1752	6.26
1753	13.01
1754	-22.71
1755	-0.9607
1756	15.53
1757	-3.608
1758	-8.745
1759	-19.81
1760	-19.84
1761	10.25
1762	-15.85
1763	14.08
1764	-7.725
1765	-4.262
1766	-56.84
1767	28.1
1768	13.57
1769	-21.55
1770	-15.64
1771	-3.163
1772	-12.81
1773	-51.57
1774	-19.35
1775	19.16
1776	-25.59
1777	9.412
1778	6.209
1779	-14.93
1780	25.41
1781	7.152
1782	-16.01
1783	14.63
1784	-23.11
1785	-7.729
1786	21.43
1787	-2.097
1788	10.27
1789	-3.558
1790	-3.174
1791	-7.246
1792	5.745
1793	-2.277
1794	4.269
1795	13.0
1796	25.9
1797	4.152
1798	21.56
1799	-2.898
1800	-9.206
1801	-26.91
1802	37.71
1803	2.995
1804	14.15
1805	11.73
1806	-22.38
1807	12.63
1808	18.4
1809	28.2
1810	0.8735
1811	-13.18
1812	-17.86
1813	-12.63
1814	1.32
1815	16.93
1816	15.4
1817	2.032
1818	24.8
1819	21.79
1820	25.76
1821	-12.31
1822	-28.59
1823	1.96
1824	16.98
1825	-17.45
1826	12.43
1827	0.3109
1828	-22.85
1829	-28.24
1830	-48.88
1831	4.302
1832	-15.51
1833	1.062
1834	-6.988
1835	-5.283
1836	-36.45
1837	-31.5
1838	8.646
1839	-39.78
1840	-11.64
1841	-11.82
1842	6.53
1843	8.168
1844	2.05
1845	1.833
1846	-28.67
1847	-34.64
1848	15.06
1849	-15.1
1850	32.33
1851	21.06
1852	-26.21
1853	-24.03
1854	0.3737
1855	2.738
1856	0.1271
1857	-12.11
1858	-18.64
1859	-4.891
1860	9.642
1861	2.348
1862	-15.52
1863	-17.07
1864	-3.011
1865	-13.39
1866	6.484
1867	-8.887
1868	13.28
1869	-4.935
1870	-18.42
1871	-27.21
1872	-4.8
1873	0.576
1874	-30.28
1875	16.37
1876	4.506
1877	10.92
1878	-11.99
1879	20.58
1880	11.59
1881	-30.44
1882	6.574
1883	-12.3
1884	2.998
1885	-3.706
1886	-16.12
1887	6.456
1888	4.077
1889	14.12
1890	25.87
1891	-1.504
1892	14.22
1893	-2.905
1894	17.67
1895	16.23
1896	-8.749
1897	3.386
1898	-9.318
1899	19.89
1900	-18.74
1901	-16.29
1902	-12.48
1903	22.64
1904	-3.71
1905	-3.06
1906	-9.159
1907	-25.58
1908	-18.16
1909	-0.8123
1910	-5.018
1911	8.4
1912	16.28
1913	-0.05508
1914	-42.49
1915	-6.268
1916	2.009
1917	14.2
1918	-13.98
1919	2.957
1920	-1.402
1921	-9.407
1922	3.799
1923	-18.19
1924	-0.5301
1925	23.79
1926	17.74
1927	-8.534
1928	-27.73
1929	0.05041
1930	-0.9653
1931	18.82
1932	-31.65
1933	9.522
1934	-3.76
1935	-9.866
1936	-12.41
1937	30.33
1938	-2.113
1939	-4.136
1940	-10.62
1941	25.21
1942	-18.03
1943	-12.61
1944	0.06585
1945	2.019
1946	5.939
1947	-16.2
1948	-12.15
1949	-38.38
1950	-19.3
1951	-5.582
1952	23.15
1953	5.641
1954	25.53
1955	-12.41
1956	0.8709
1957	-29.25
1958	-6.014
1959	-20.77
1960	-1.457
1961	-63.9
1962	-12.32
1963	9.699
1964	-2.065
1965	-3.597
1966	5.81
1967	3.037
1968	-22.84
1969	-8.015
1970	-30.62
1971	-11.78
1972	7.722
1973	9.13
1974	2.509
1975	-24.31
1976	-36.02
1977	-2.834
1978	21.77
1979	11.96
1980	-15.74
1981	-17.21
1982	22.22
1983	15.75
1984	24.63
1985	-4.488
1986	4.924
1987	15.87
1988	-2.059
1989	-30.44
1990	-6.198
1991	-10.56
1992	3.517
1993	11.16
1994	-1.63
1995	-36.77
1996	-20.25
1997	-3.154
1998	-1.644
1999	-54.57
2000	-29.43
2001	-1.301
2002	6.685
2003	-2.007
2004	37.55
2005	9.571
2006	10.33
2007	21.31
2008	-18.79
2009	-33.17
2010	32.57
2011	-26.43
2012	2.666
2013	0.5428
2014	-3.375
2015	1.077
2016	17.94
2017	12.42
2018	-7.499
2019	5.194
2020	24.64
2021	2.572
2022	17.64
2023	30.55
2024	-10.67
2025	24.12
2026	5.759
2027	-5.151
2028	15.71
2029	-24.93
2030	13.19
2031	7.059
2032	18.74
2033	-11.44
2034	14.95
2035	-1.524
2036	20.36
2037	9.108
2038	3.967
2039	15.91
2040	-4.135
2041	6.983
2042	7.264
2043	20.08
2044	-4.447
2045	-15.99
2046	-13.37
2047	6.159
2048	-28.91
2049	19.43
2050	-24.37
2051	1.064
2052	8.588
2053	23.29
2054	-39.75
2055	-8.102
2056	13.97
2057	-34.64
2058	-1.635
2059	18.85
2060	20.9
2061	-6.434
2062	31.27
2063	1.638
2064	-13.94
2065	-6.254
2066	2.485
2067	3.523
2068	-15.11
2069	5.843
2070	6.03
2071	-17.03
2072	-2.664
2073	-1.197
2074	-18.95
2075	16.79
2076	9.628
2077	-14.79
2078	9.506
2079	3.615
2080	-15.41
2081	-43.28
2082	-13.22
2083	-18.24
2084	15.8
2085	-0.812
2086	-36.34
2087	-2.213
2088	0.1735
2089	13.09
2090	-6.894
2091	-12.7
2092	7.137
2093	28.88
2094	2.663
2095	-2.137
2096	3.004
2097	13.12
2098	8.359
2099	17.68
2100	19.48
2101	-8.925
2102	-21.8
2103	-17.63
2104	-7.505
2105	13.34
2106	15.4
2107	-13.07
2108	7.56
2109	12.25
2110	11.59
2111	26.47
2112	20.56
2113	1.31
2114	3.308
2115	-19.2
2116	10.62
2117	15.28
2118	23.11
2119	-24.08
2120	-6.594
2121	-37.66
2122	4.185
2123	-21.52
2124	-9.641
2125	5.283
2126	-10.87
2127	-5.956
2128	36.42
2129	-1.12
2130	9.393
2131	10.21
2132	19.48
2133	1.731
2134	-38.39
2135	3.429
2136	0.5841
2137	2.78
2138	-33.92
2139	-9.686
2140	7.746
2141	18.27
2142	-1.237
2143	-9.466
2144	-18.29
2145	9.71
2146	1.281
2147	13.19
2148	16.52
2149	16.36
2150	-1.467
2151	4.052
2152	-15.71
2153	-2.426
2154	6.509
2155	14.71
2156	11.63
2157	18.91
2158	-11.01
2159	-4.868
2160	7.325
2161	-15.09
2162	-13.27
2163	25.58
2164	8.235
2165	7.409
2166	31.4
2167	-44.86
2168	10.99
2169	-0.7558
2170	-23.79
2171	-18.63
2172	-6.583
2173	21.89
2174	-9.103
2175	21.95
2176	-7.224
2177	-19.19
2178	-0.7352
2179	16.31
2180	4.935
2181	25.93
2182	-23.14
2183	-18.51
2184	13.26
2185	-41.89
2186	3.044
2187	-12.48
2188	12.05
2189	1.458
2190	-35.1
2191	40.23
2192	-47.75
2193	3.5
2194	-24.16
2195	36.1
2196	33.58
2197	-41.03
2198	-5.509
2199	11.94
2200	23.68
2201	-8.086
2202	-37.36
2203	-16.87
2204	-38.23
2205	-21.59
2206	-12.15
2207	-8.335
2208	-60.8
2209	6.196
2210	0.7723
2211	15.8
2212	28.34
2213	-10.89
2214	11.48
2215	-12.66
2216	-4.033
2217	-13.97
2218	-22.36
2219	-11.01
2220	5.876
2221	-21.74
2222	6.726
2223	3.012
2224	-14.98
2225	23.05
2226	-14.15
2227	-26.34
2228	9.817
2229	2.771
2230	1.269
2231	13.85
2232	-4.444
2233	0.1736
2234	-5.836
2235	24.16
2236	-2.138
2237	-3.583
2238	-19.26
2239	9.79
2240	14.36
2241	16.27
2242	-29.03
2243	10.43
2244	9.591
2245	11.18
2246	5.223
2247	29.46
2248	-14.36
2249	-4.881
2250	-14.77
2251	-44.65
2252	-39.18
2253	18.49
2254	-3.744
2255	-18.58
2256	16.42
2257	-44.26
2258	24.72
2259	5.17
2260	-20.34
2261	11.74
2262	-7.802
2263	3.545
2264	13.06
2265	-12.23
2266	-10.8
2267	30.54
2268	-8.931
2269	-6.63
2270	4.195
2271	-5.538
2272	-16.41
2273	4.351
2274	10.68
2275	-39.07
2276	-4.443
2277	13.86
2278	-19.89
2279	-22.04
2280	4.033
2281	-5.177
2282	-5.327
2283	19.73
2284	-3.892
2285	-7.09
2286	-23.99
2287	4.974
2288	1.26
2289	-29.14
2290	7.042
2291	-12.55
2292	21.33
2293	15.93
2294	-11.23
2295	-16.93
2296	-27.18
2297	-17.53
2298	18.93
2299	6.624
2300	-18.88
2301	-12.1
2302	26.71
2303	9.76
2304	10.89
2305	-3.808
2306	14.49
2307	-17.32
2308	0.2163
2309	19.94
2310	-15.71
2311	-40.1
2312	-13.77
2313	-2.129
2314	-7.085
2315	17.01
2316	19.75
2317	13.98
2318	32.67
2319	-12.97
2320	-5.469
2321	5.569
2322	-18.87
2323	-8.589
2324	-21.72
2325	-21.7
2326	5.572
2327	-3.433
2328	-11.86
2329	-34.87
2330	36.85
2331	-7.174
2332	-22.53
2333	3.745
2334	2.151
2335	-0.3207
2336	25.76
2337	8.996
2338	2.916
2339	-9.467
2340	2.825
2341	-0.6879
2342	-16.38
2343	-1.813
2344	16.14
2345	-14.41
2346	26.4
2347	-51.42
2348	17.54
2349	11.69
2350	2.722
2351	-6.707
2352	11.45
2353	7.174
2354	-24.48
2355	-0.1755
2356	-47.19
2357	-20.58
2358	21.71
2359	-9.1
2360	-10.78
2361	-16.27
2362	3.543
2363	-11.81
2364	25.74
2365	13.83
2366	20.36
2367	-31.13
2368	-7.299
2369	10.62
2370	18.74
2371	-1.506
2372	19.24
2373	-10.53
2374	19.37
2375	-10.11
2376	25.41
2377	-10.62
2378	17.34
2379	-7.554
2380	-12.85
2381	-3.432
2382	-23.58
2383	-3.615
2384	-24.29
2385	-3.091
2386	1.257
2387	-14.34
2388	-18.24
2389	-14.42
2390	-5.059
2391	2.199
2392	16.64
2393	5.553
2394	17.55
2395	25.2
2396	-2.908
2397	13.12
2398	10.02
2399	-4.652
2400	8.308
2401	-7.205
2402	2.797
2403	-5.349
2404	13.11
2405	17.77
2406	-0.3089
2407	-6.32
2408	4.706
2409	16.95
2410	9.435
2411	19.76
2412	19.76
2413	-17.49
2414	36.83
2415	18.3
2416	3.47
2417	-20.03
2418	-20.3
2419	13.88
2420	-18.52
2421	-2.418
2422	13.76
2423	11.93
2424	25.56
2425	-2.33
2426	-15.5
2427	-11.1
2428	-15.55
2429	-0.2994
2430	-11.94
2431	-2.856
2432	37.66
2433	15.4
2434	-11.27
2435	-10.41
2436	0.7469
2437	-5.884
2438	-19.9
2439	-17.35
2440	-30.4
2441	14.08
2442	-7.14
2443	-3.273
2444	-27.13
2445	7.113
2446	29.64
2447	-5.342
2448	15.14
2449	-1.107
2450	-7.322
2451	-5.651
2452	15.01
2453	17.52
2454	-8.131
2455	-40.82
2456	12.97
2457	-50.89
2458	-32.27
2459	-5.427
2460	-4.068
2461	13.12
2462	-6.218
2463	-33.9
2464	-12.17
2465	-9.805
2466	-40.34
2467	-3.783
2468	3.356
2469	2.429
2470	2.42
2471	-8.2
2472	28.25
2473	4.509
2474	-15.14
2475	17.4
2476	-18.75
2477	6.114
2478	-17.79
2479	4.391
2480	11.95
2481	17.19
2482	-33.02
2483	-9.033
2484	-9.339
2485	17.96
2486	-13.49
2487	13.44
2488	-46.22
2489	-27.66
2490	8.252
2491	-21.08
2492	-20.95
2493	8.558
2494	-5.895
2495	4.287
2496	8.594
2497	20.51
2498	3.481
2499	-31.5
2500	15.75
2501	9.965
2502	25.34
2503	7.869
2504	31.99
2505	-7.018
2506	20.89
2507	9.934
2508	3.843
2509	-7.532
2510	6.971
2511	-0.995
2512	-2.188
2513	7.907
2514	20.97
2515	-20.68
2516	4.491
2517	19.4
2518	-4.002
2519	8.669
2520	-6.976
2521	-28.79
2522	21.08
2523	24.75
2524	-14.32
2525	-13.9
2526	-27.44
2527	-34.87
2528	-10.35
2529	-4.567
2530	-17.09
2531	-33.66
2532	-27.49
2533	-21.03
2534	13.82
2535	-16.64
2536	11.67
2537	15.57
2538	10.1
2539	-5.418
2540	9.612
2541	-31.31
2542	-19.76
2543	17.06
2544	-10.36
2545	9.141
2546	-17.6
2547	34.68
2548	-9.701
2549	14.53
2550	2.992
2551	-6.065
2552	9.563
2553	23.91
2554	-9.339
2555	-9.872
2556	6.013
2557	23.9
2558	-25.18
2559	11.06
2560	2.746
2561	7.014
2562	-45.55
2563	-6.299
2564	2.042
2565	-7.48
2566	-11.4
2567	-5.394
2568	-9.427
2569	23.19
2570	13.04
2571	-57.55
2572	-8.843
2573	-6.281
2574	-4.793
2575	-14.83
2576	-22.39
2577	1.461
2578	-33.36
2579	-18.07
2580	-3.284
2581	0.646
2582	10.82
2583	-2.684
2584	24.62
2585	7.747
2586	15.17
2587	5.733
2588	-26.21
2589	18.58
2590	-2.427
2591	-23.93
2592	20.13
2593	29.67
2594	11.69
2595	2.818
2596	2.942
2597	-2.826
2598	-19.76
2599	-24.89
2600	-4.023
2601	1.316
2602	2.132
2603	-11.33
2604	-2.533
2605	-18.23
2606	-4.866
2607	-53.22
2608	15.09
2609	0.282
2610	-18.06
2611	9.675
2612	0.9012
2613	-9.19
2614	0.7728
2615	-0.6105
2616	0.9951
2617	-7.876
2618	1.397
2619	-14.46
2620	12.28
2621	15.33
2622	8.582
2623	15.61
2624	-3.31
2625	24.57
2626	-28.54
2627	14.03
2628	-7.263
2629	-9.255
2630	9.071
2631	-27.65
2632	-2.223
2633	-20.2
2634	17.46
2635	-35.54
2636	-2.057
2637	-4.303
2638	12.29
2639	11.51
2640	-17.74
2641	-28.04
2642	3.537
2643	-12.15
2644	-15.84
2645	9.374
2646	3.361
2647	15.13
2648	0.6735
2649	1.028
2650	10.21
2651	-39.07
2652	-23.17
2653	14.49
2654	17.65
2655	-21.82
2656	0.1314
2657	23.78
2658	6.585
2659	12.8
2660	8.411
2661	11.42
2662	0.9948
2663	-14.98
2664	12.19
2665	-41.17
2666	8.104
2667	7.201
2668	11.31
2669	3.936
2670	-28.95
2671	10.62
2672	14.79
2673	8.843
2674	-27.47
2675	-4.423
2676	-4.918
2677	20.97
2678	28.47
2679	21.02
2680	8.772
2681	20.59
2682	-5.894
2683	1.785
2684	-15.69
2685	-10.22
2686	22.12
2687	-6.723
2688	-5.446
2689	1.067
2690	14.88
2691	-22.43
2692	12.77
2693	17.89
2694	3.062
2695	-2.493
2696	-3.447
2697	22.41
2698	-40.71
2699	18.87
2700	-9.726
2701	-7.543
2702	-2.53
2703	-11.63
2704	-22.25
2705	32.4
2706	-15.72
2707	-37.97
2708	23.38
2709	21.18
2710	-9.252
2711	23.6
2712	-23.62
2713	8.308
2714	-34.77
2715	-17.98
2716	-2.857
2717	1.719
2718	-15.04
2719	11.91
2720	16.16
2721	-2.424
2722	-5.585
2723	9.132
2724	-0.7292
2725	-24.98
2726	-35.01
2727	-1.402
2728	-1.608
2729	13.59
2730	-0.4733
2731	-0.3971
2732	-17.19
2733	-10.84
2734	16.55
2735	-3.943
2736	-10.08
2737	27.43
2738	-3.758
2739	-18.37
2740	6.147
2741	24.53
2742	6.053
2743	20.63
2744	-36.02
2745	-6.314
2746	19.64
2747	-15.19
2748	22.57
2749	-22.19
2750	6.521
2751	22.63
2752	8.252
2753	3.275
2754	8.527
2755	10.91
2756	11.57
2757	-8.104
2758	-26.99
2759	8.255
2760	6.451
2761	0.8913
2762	-2.999
2763	-0.6298
2764	-14.41
2765	-16.11
2766	18.76
2767	32.91
2768	3.322
2769	-38.11
2770	-25.38
2771	12.32
2772	-6.86
2773	-24.8
2774	20.05
2775	19.57
2776	-16.8
2777	-1.651
2778	-9.954
2779	0.5067
2780	15.39
2781	1.024
2782	-0.2792
2783	11.57
2784	-5.896
2785	-16.09
2786	8.443
2787	3.649
2788	-13.38
2789	23.62
2790	4.999
2791	-22.79
2792	-17.31
2793	4.902
2794	-19.25
2795	2.858
2796	5.101
2797	30.06
2798	-7.293
2799	34.43
2800	18.27
2801	5.5
2802	19.42
2803	-5.324
2804	-9.678
2805	-21.93
2806	10.46
2807	-21.14
2808	-2.942
2809	22.9
2810	-28.13
2811	-30.73
2812	11.64
2813	6.041
2814	24.26
2815	12.16
2816	8.089
2817	-8.352
2818	-7.966
2819	5.836
2820	-19.97
2821	0.03177
2822	-12.46
2823	7.882
2824	28.21
2825	-0.4133
2826	3.745
2827	-3.632
2828	-46.64
2829	-13.94
2830	7.243
2831	-3.994
2832	6.737
2833	10.38
2834	2.345
2835	2.521
2836	4.921
2837	-23.3
2838	2.801
2839	2.144
2840	5.583
2841	-19.06
2842	4.334
2843	-14.58
2844	14.7
2845	-39.31
2846	-11.41
2847	2.526
2848	22.97
2849	-10.11
2850	-11.44
2851	-28.56
2852	-9.99
2853	-32.77
2854	-10.3
2855	-5.075
2856	-44.0
2857	21.73
2858	-0.5723
2859	-20.72
2860	-19.93
2861	-15.22
2862	20.93
2863	24.31
2864	-1.197
2865	-10.28
2866	-9.53
2867	-2.356
2868	24.25
2869	11.78
2870	19.72
2871	22.68
2872	-10.04
2873	-24.32
2874	-16.48
2875	-4.809
2876	-3.465
2877	-12.65
2878	-35.52
2879	0.4433
2880	13.58
2881	1.245
2882	-15.94
2883	23.2
2884	19.51
2885	0.122
2886	-9.512
2887	-11.27
2888	-18.36
2889	6.832
2890	-27.54
2891	8.283
2892	-31.4
2893	-7.133
2894	-47.55
2895	11.58
2896	27.3
2897	-0.9755
2898	-6.38
2899	-3.6
2900	-3.053
2901	-13.65
2902	30.36
2903	24.17
2904	9.248
2905	-7.01
2906	4.516
2907	0.9828
2908	-5.004
2909	3.786
2910	4.836
2911	-44.48
2912	21.69
2913	4.885
2914	-18.78
2915	2.333
2916	-19.75
2917	3.558
2918	-10.25
2919	-31.55
2920	-19.34
2921	15.87
2922	19.81
2923	-2.958
2924	9.788
2925	-31.91
2926	-0.655
2927	3.955
2928	-18.33
2929	-27.59
2930	0.4208
2931	6.584
2932	20.97
2933	-7.385
2934	-14.47
2935	-29.57
2936	29.59
2937	-1.291
2938	5.938
2939	33.89
2940	31.38
2941	3.512
2942	-34.79
2943	-25.93
2944	2.19
2945	10.11
2946	-5.119
2947	2.064
2948	4.634
2949	14.4
2950	-6.529
2951	11.52
2952	28.68
2953	-9.103
2954	-32.57
2955	-14.44
2956	4.849
2957	9.6
2958	19.45
2959	5.979
2960	28.33
2961	6.493
2962	-4.385
2963	13.75
2964	-6.075
2965	-17.8
2966	3.025
2967	-17.26
2968	-13.36
2969	15.31
2970	-5.502
2971	20.73
2972	14.0
2973	-6.983
2974	22.1
2975	9.024
2976	-33.26
2977	9.271
2978	29.83
2979	-15.84
2980	-2.302
2981	5.858
2982	-16.15
2983	-2.823
2984	-23.18
2985	15.73
2986	-29.42
2987	4.019
2988	-16.0
2989	3.142
2990	16.57
2991	29.0
2992	-10.49
2993	-53.7
2994	21.33
2995	-6.848
2996	-20.45
2997	-10.07
2998	-1.152
2999	16.07
3000	-6.968
