"V1" "V2" "V3" "V4" "V5" "V6" "V7" "V8" "V9"
"1" -2.28278310268552 -2.1304425074654 -0.98823222057019 -0.530964162249175 0.460995776377331 0.811472792450165 -0.638018980461303 0.284878678125278 -0.556634745651053
"2" -0.525205987212011 -1.82488367986162 -0.545743401637258 -2.44866276688146 -1.97763437937597 -1.30855733965655 -0.321923668801398 0.0811106356540103 0.625820678437108
"3" -0.106227392887621 0.755808944601207 -1.06531541873551 0.26708333769354 0.861213695704713 0.787142336493807 0.309743806090008 -0.306474829772785 1.0170736152384
"4" 1.89796855221249 1.05324568420842 0.606558571712098 -0.00261964741029802 -0.0266432469398148 -0.0517893722976802 0.365593716232673 0.197314191374784 0.257888875161227
"5" 1.65997199890045 0.736293989991851 1.97477069791497 -0.676098399710553 -1.24793842133393 -0.594995442646881 -0.284188624536351 -0.910750560127734 0.738147339760898
"6" 1.09447711717672 -0.25302964422192 1.02013103785228 2.79737796379605 -0.381272192008527 1.98457440057327 1.13086852034104 -1.43059209455918 0.112965726003401
"7" -2.56656875440514 -2.63839543602372 -0.925396968639183 0.122445985994111 -1.3822551775637 0.382051436324779 0.298465908766013 -0.654160849746266 -1.24474370658511
"8" 0.695544078183826 1.08874262121678 -0.623553038694064 3.59704294823949 2.01002406212341 1.9014010195039 0.248418876738757 -0.911458458905911 -0.864357292388885
"9" -0.774070719229349 -0.120731121751572 -0.887404574518186 -1.68600992972662 0.15538433931667 0.105417945437034 -0.100326821152148 -0.42068674333634 -0.0539520888888814
"10" 0.748045741733256 0.785509620351074 -0.16691831722179 -0.0332318385104766 -0.310409394201375 0.249895888134283 0.268152326709181 0.607815220789412 0.777379770350345
"11" 0.596214224380882 0.318194713368316 0.346858269938393 -1.77351294159633 -0.579665305505201 -0.200928023040307 -0.543505519719073 1.22209987655261 1.34531761327163
"12" -1.26219269135391 0.314988235263706 -1.11087845316898 -0.555819743545182 2.00703349292277 -0.262918650031101 -1.22469244211638 0.117430231533676 -0.896682360656845
"13" 0.741738730890906 0.623794172220631 1.07035921529439 -0.00809632235335012 -0.139929348507116 0.0627746129547881 1.9939552119961 -0.10570243125062 0.655706845112613
"14" 0.576981059494815 0.682940068125709 -0.749054934204866 -1.00146081433504 -0.0175605471636342 -0.2020689580208 -0.660505472026325 -0.0609232130943322 -0.92698134593671
"15" 0.160193686444543 0.774901323584254 0.197184056817956 -0.245160042819888 -0.621137329527742 -0.234788828129397 2.42995374657431 -0.191342030603788 1.48158029573011
"16" -1.29890368652399 -1.41481910196245 -0.930654373540213 -0.0834129955852008 -1.6919124968329 -1.24329168367403 -0.247800460616449 -1.74879284201465 0.34635270840451
"17" -0.464007696984854 -0.919530916623151 -0.0345240119471905 0.818455669919502 -0.0525218838496313 1.93352430067087 1.17961428636577 0.933872090131314 -0.592414665028899
"18" 1.01709533292289 0.254302866161978 0.466718322541275 -1.79441030092867 -1.39533834848387 -1.40206679491039 1.31373677544833 -1.30179097431168 0.44300804198837
"19" 1.90160718654082 -0.55423770678194 1.31488891630033 2.40192148875938 0.934848063536427 2.57268522266926 1.28914464020675 -0.270283634591112 -0.450496709748253
"20" -0.836043919263937 -0.295127282359648 0.17401900909796 -2.27349921396491 -0.545784652446398 -0.947760733159318 0.334817522594533 -1.30333855664889 -0.138998442835551
"21" 0.347217335840729 -1.26917235014691 -0.402889669751626 1.55896263407689 -1.02203748443303 0.313147046563791 1.76516987870757 1.18145952054924 0.493525367014025
"22" 1.17568730769596 0.226605061115371 0.165783244261064 2.78500413096046 0.192154965674438 1.74626721470887 0.53484533222751 -0.720291101045459 0.225994952732962
"23" -2.29958109393405 -0.215908231024949 -0.326652112145364 -0.85219020857102 -0.679886008179228 -2.53558484680634 0.0978624612124317 0.19322251280123 -0.0479646170875958
"24" 3.07565159099665 0.68319417059796 3.27181808378096 2.54285789785742 -1.00459183807255 2.46783785626509 4.98844935187547 -0.854184772284471 2.61543402913884
"25" 1.01523372112213 -0.185090724475748 0.820424641634378 1.23452168042027 1.13142439164117 0.947699061754938 -0.0408969243575152 -2.56034546808664 0.175054601375879
"26" 1.27414742767486 0.713542859722603 0.119014532818525 0.427485923609914 -0.77188999689825 0.549927921346694 2.7549409636206 0.91865658192147 0.680500323759081
"27" -0.351392285901555 -0.274093345681269 -1.80446793986535 -1.65355233317988 -0.222525990002056 -2.03974462112754 -1.57547588026366 0.244948402026076 -2.3984528639045
"28" -0.285437098000041 -0.599197550634568 -0.0816099366809777 1.37054509316819 1.060409120021 1.36716652217313 1.19373322663273 1.55428288694071 0.367680995729323
"29" -0.56798064121709 -0.62679528496596 -0.506992993953033 0.228751754768777 -0.455031231981495 -0.12352938616974 0.148814674118355 0.302593175392915 1.15742536827528
"30" -2.66944061136172 -0.512166026999154 -1.82518258151983 -0.126637251666007 -0.0645955228095956 -1.57003261316246 -0.80212130503947 0.244530318220657 0.0885102626614553
"31" -0.724948113204129 0.0540809915747843 -0.705085235091592 -0.976892563770957 0.640095631454074 -0.822612436994122 -1.15854852305871 -1.151363439421 -1.4508168182608
"32" -0.581756275100333 0.856694650263757 -0.574599316192274 1.2301008453981 0.949479976112146 0.466851782526701 -0.192800725337565 -2.01965637557764 -0.830477263449883
"33" -0.830803772235903 -0.758565882237954 -0.693670046319159 -0.950216450865365 0.702538163443943 -0.123014181903532 -1.08796999382272 0.120276086777732 -0.806780008582657
"34" -2.9066714757745 -1.6848762958247 -0.64779530445371 -0.733218866945722 -0.0515550276880116 -2.20467138622055 -0.938336313112108 -0.223048106729287 -0.845902550836432
"35" -0.479780066245233 -0.828532179624047 -0.448444459654841 0.968730375240924 -0.640087096943641 0.533768927313733 -0.189580673153581 -0.388783373225944 1.03282567825398
"36" 1.26840223237263 0.912684616614181 -0.720583680752277 0.174140379632349 -0.0395030228926528 -0.958366603513378 -0.580635033099306 1.87542332053522 -0.900836449099832
"37" 3.0499338024913 1.60551598703291 -0.0632694212822655 -2.10828126699382 -1.69095735383845 -1.02643804227361 -0.0991327656719278 0.184452402356517 -0.022960424235046
"38" 1.08710621096708 0.78486391163745 0.0976364992597357 -1.61005430569841 -0.00676944842227983 -1.63797024738915 -0.227606449067717 -0.333079809971667 0.383163856439869
"39" 1.57939197126622 0.975187471786311 -0.389489928704027 -1.31373859224362 0.836042133373291 -0.630267036897596 -0.8668734782544 0.374543633969181 -0.886440355234451
"40" -1.26371432149364 -0.95224582330456 -0.60847531813453 -0.0695709325212892 -0.839466584383758 -0.732385656320669 -1.45478965707897 -0.421095050386834 -1.29703560376535
"41" -0.4984065752547 -0.102353546717818 0.735246629501378 0.000760905917612964 -2.05329616352816 1.19605690934735 2.98887475152966 0.0109135078498642 0.329580172596434
"42" -0.339853159375243 0.51378868117839 -0.0166349794600464 -1.65866270482268 1.22046201352368 -0.125524850335972 -0.0457918205581602 0.558675309204432 -1.21869264477019
"43" 0.480856834305201 1.51074168288277 -0.0136738312179966 0.803456876262952 1.07611822030969 -0.349682831783464 0.399030577448034 0.691454455365317 -0.57727278422676
"44" -0.170617422896789 -1.88234570047532 1.05695793869676 0.197515954574839 0.155540588693733 0.89789058964 -2.74825061418746 -2.85551399457034 -0.228902957011929
"45" -3.93712895973334 -3.3788138482326 -3.8702276593504 -2.10083938350592 -0.394312976332183 -2.34815850062544 -2.95957192908248 -2.40157951174663 -0.276018664490772
"46" 1.20050344567648 0.456626309779537 0.80640319097879 -0.562314260414965 -0.566561416482651 -1.4761855410069 1.68361948042431 0.75616394576282 0.596510626521579
"47" 0.458678280805859 0.470799305104483 -0.190823678325048 0.203570392258217 0.1372910685326 1.20774571434055 -0.899467735971753 -0.37077299108047 -0.0799527068876026
"48" -2.96926025246753 -2.34844072890906 -2.43912743429996 -1.33180124846032 -1.14164039863403 -1.95997887981461 -0.769016467068339 -1.04350745241374 0.667457579392206
"49" -1.53163594796668 0.148033904717818 -0.717105849815268 -0.728541544552609 0.152925975601514 -1.90746372715594 -0.545978025062183 2.01988741593809 -1.3170448745877
"50" -3.32584222098926 -3.24168759469537 -2.9293357385678 2.07771288593473 0.697964763121401 0.746623381714111 1.20142476407677 -0.165223209789356 0.418301016919987
"51" -0.479225588718512 0.0946520993417573 0.820952171112296 -1.06114161936014 -0.949016914567779 -0.488030040618466 -0.179490695619271 0.516678385728096 1.22012682557604
"52" 0.248095391044266 -1.04255666387211 -0.126101426639124 -0.300758796379088 -0.88478454500535 -0.90298433875442 1.68255429352221 1.52914530821103 1.49463532913133
"53" 0.225694215732538 -2.09225801875731 0.0107148277835792 0.462588069359918 -0.28743261757315 1.34528393419133 1.68344302190512 -0.554855468167356 0.793680281569486
"54" 2.52596113470226 0.44024559619868 0.289811403162946 0.365942343974191 0.807617779363152 0.641851995470048 0.467870891477633 -0.729998614568104 0.51012322234842
"55" 0.791312527646612 0.523415542123795 -0.00285950077721342 0.0403353027615739 1.28349297131998 -0.334670595435023 -0.736039593298156 0.266312750212033 0.266679891047858
"56" 0.715410147436356 1.56207148859078 0.293175263315723 0.0117951698936313 -0.0179405590301286 0.30817311377113 -0.985761106151116 1.08567415052578 0.697854957646552
"57" 0.846894694444809 2.22917809717969 0.431877702850049 0.529925713336565 0.978536882497051 -0.212953757433833 0.728247971560948 0.483207553089944 -1.33573812548474
"58" -1.05643709376548 -1.27545294632841 -1.31669416836612 0.766760079860637 -0.551647629567688 -0.550935266542082 -0.0492769446044729 0.887456743986819 -2.0590048022705
"59" 1.61080897216895 -0.0889239534371907 1.65638654229616 0.0133479402912926 1.29597575644227 1.63083261083928 2.1502589625933 1.10859287920457 1.44039852248823
"60" -3.25767031310251 -3.07927153890041 -1.84694733764768 -2.80700340702908 -0.848254908879338 -1.77080228875418 -3.20067912846369 -0.770451566197582 -1.42015016787157
"61" 0.572452395993618 -0.0779376758286763 -0.0691421881476024 -0.0197098532323791 0.579214884616321 0.440720127784775 0.783579871258823 -0.881224830615999 -2.38812579827546
"62" 0.485944306763452 0.165926400750472 -0.118730067769591 1.6053091007422 0.650327954228855 2.25113553086328 -0.0243803848721856 1.07601051748961 -0.215622603386229
"63" 1.97982620010177 2.01529431453276 1.81725465393461 -0.756748151632144 -0.225974375494175 -0.594226105500929 -1.12723054838328 0.0780908635592001 -0.383478889752321
"64" 2.32187318631943 2.28414770663772 2.38594207508325 1.19122985406507 -0.628900644253968 1.09106163869528 1.15514430030864 0.478551739893739 3.71308576567314
"65" -0.283386396244449 0.846450170022646 0.321236013139958 0.366579993114243 -0.026945555689235 -0.362057300274053 -0.9556665742836 -0.971359827965797 -0.480902783362824
"66" 1.15808398383854 2.65833597089947 1.34102180377415 -0.277386465915859 1.21262398934061 -0.379885876232474 2.24218506987936 3.03337142078273 1.14119996310026
"67" -1.41332798351828 -2.27882352737311 -1.02744697679407 -2.60968959244415 -0.45021230624175 -2.0985688773721 -2.49473647324362 -1.88814654796515 -1.39169313618957
"68" 0.0603257676152114 1.34031220302784 0.344559995275157 0.490295765630634 0.0855250513314955 -0.452084694719643 1.30525881131881 0.167509110565311 1.07334136395099
"69" -0.947107898328061 -1.17687234205289 -0.937642080675843 0.547529491577334 1.70665346266952 1.41255127420279 2.33074406821953 1.77853511753269 1.15068704450922
"70" 0.243266860552375 -0.698675785911892 0.711221414843196 0.127192237517277 -1.05687104745991 0.718187735359302 0.701999158431309 -1.87456708367279 0.569470663512641
"71" -1.22990928942482 -1.58363499449567 -0.724165353116338 0.41237774444154 0.465536581044558 1.07374390153795 -0.410743913699855 -0.084273280675306 0.806315775055853
"72" -0.88523733456697 -0.373826764495089 -0.369455179362536 0.671935297853418 0.60854900555531 0.836444627840062 0.376696042021162 0.527611364495018 0.829864334444874
"73" 0.855576142820376 0.514528463086021 0.725660413159344 -0.475699324779072 0.342506766000844 -0.252319261356773 0.894487027503087 -0.164064967384909 0.750509154766101
"74" -0.606204136639532 0.726190790302549 -0.324305302438511 0.844500739104092 -0.0921459214897996 0.435350517857838 0.368097570408735 0.632529944574277 1.72473034030632
"75" -0.361285842333393 0.578450785184526 0.687706714034163 1.21174745176123 -1.84119130220106 0.310590795627923 2.02629347001398 0.621155475964508 1.91730762822437
"76" 2.8081500145301 1.57975874963669 2.34325362364831 0.302987898805718 0.157554588243873 -0.145435418452584 2.47237815656148 1.02596389570983 1.80060415336126
"77" -0.100615968441794 0.170685269465955 0.577842395305764 -1.08965890487689 -1.67097624587821 0.506114662585167 0.0777161878468204 -0.164754053934945 0.414157130821073
"78" 1.46934252430833 0.414413602576414 1.28404465468948 2.12114361367714 0.735556132774599 2.22062196400165 0.761990940586214 -0.259289994872587 1.37735344908366
"79" -0.156278305752633 -1.69717274917088 0.319651011590679 -1.38764725200475 -2.1934119431711 -1.54134872203551 0.209447519131121 0.355510267340353 -0.665741083271375
"80" 0.549021849868917 0.276837582969089 0.526187223503425 0.886851020688886 -1.49669942482194 0.0430505335397486 0.72716643958934 -1.68034859579339 0.212445026830417
"81" -2.40851527800724 -0.77827749656109 -0.442541311237767 0.732319422863286 -0.747582479567321 -0.746202747912182 0.558274359634084 0.215543161479979 -0.195869690725352
"82" 0.365943022468484 -1.24615757386972 0.294832186466302 0.940433321056722 0.413217043608563 2.4163760900005 -0.539058574944949 -1.34503945863529 -0.0787636627632481
"83" 0.438352713338466 0.763070371298407 0.842655520175773 0.369644528045433 -0.227931725000478 -0.0980952455768583 -1.62162143607514 0.472668860366326 0.929760918716408
"84" -0.535797592873727 -0.669592417867519 -0.510791842752909 -1.09167043210229 0.705175596188258 -1.31606001626468 -1.20329775188163 2.63239042417793 -0.387656469457502
"85" -0.791663018724418 -1.02591371858057 -0.928480226183285 -0.646924093454959 0.137025092583656 -0.890727286823966 0.500247631786194 -0.0259582080859714 0.767979301766028
"86" 0.548739519175241 1.00467532197329 0.198432942175711 0.659495232776277 0.524202460566197 -0.54658809811051 -1.80597020945238 1.54386759486251 -1.40268619318826
"87" -0.684703011458361 0.144360014117257 0.0850334929608982 1.729354245882 0.679131593608802 0.250536708874571 0.140417046654701 2.22477522366303 -0.671725242034749
"88" 1.31287265118542 -2.13098273646222 1.05119090204809 2.46361231601022 -0.878145700421005 2.33885388696088 2.39987792867481 -2.58088351871736 1.35909926653454
"89" 0.0667580821309079 0.270006417691723 0.0529657558169391 0.177873407671825 -0.312753931976581 -0.427511073530804 0.533833196658014 -0.103496633835563 -0.502823083643952
"90" -0.95933509880352 -0.272996731977115 -0.656361470002819 1.58525477196338 1.23007470245379 1.76726039235987 -1.51388795101047 0.87970853845795 -1.93990042242154
"91" -0.661216855988184 -0.277517958463371 -0.532938726877328 -0.52942216001785 0.32120951013509 0.323253104987514 -0.457600680179702 0.030241758686073 0.614339338600958
"92" 0.513677200413145 -0.269911978764433 0.385552960797435 -0.180801196231184 -0.454880119530146 0.262036283743776 1.06706432729176 -1.66638729544018 -0.869290851451416
"93" -0.241048307877906 0.273096119198185 -0.164280263224904 0.260011288013225 1.88125211334243 0.91746797586499 -0.872359117246282 -0.929249568418192 -0.493916448025264
"94" -1.83644585029531 -0.563062281456044 -1.15466277532323 -0.435675255197307 -0.566428656390109 -0.77474385715987 -2.50821920046864 -0.894336750540122 -1.87162164628253
"95" -1.69566635777613 -1.37714944414358 -1.91159046989109 -1.37240405312081 0.144194006729414 -1.53733003215078 -0.891014502815338 0.534911691078206 -0.499385127523484
"96" 1.43379193648788 2.36249776779805 1.47246832614162 0.670523803237851 1.14229760611598 1.20914460480774 1.25298842276112 2.10860641367247 0.0980010345589873
"97" 0.947471771757151 0.639472447078635 0.701112619117008 1.32175360102134 0.535576871118406 0.406722779031654 0.0697400283467773 1.56681732676145 1.57776229277804
"98" 1.89966353231597 2.01822834361141 1.07432519969576 0.0573703344205695 -0.789997203866336 -0.152376239203629 0.652087006480785 0.912270673396091 0.790810761855042
"99" 1.10423318884541 1.39835903814615 0.00460618713565569 0.0844093127279459 0.0263129366255959 0.0691068659442857 1.27793493277859 1.45525028687738 0.360097513984218
"100" -2.16713325845191 -1.20389816329598 -1.75431322390092 -0.281461665482399 0.321150277525322 -0.0847324603818378 -2.88412159978942 -1.387767071537 -2.91839526547315
"101" 1.16810373908731 0.876988768819642 -1.18232569273621 -0.848062644346125 -0.266905314574733 -0.740843886063986 1.97545414098971 0.906922856699808 0.979938000376695
"102" -0.909976409015061 0.302336640166545 -0.627302655474204 -0.3108108198306 0.494004868843097 -0.635259132265249 0.0973261504812469 -0.359399359461884 0.203980048062213
"103" -2.07597844093195 -0.472124800966919 -2.25601734743849 -0.0286980603964164 0.317963402914331 0.703633583063442 -1.15604175616682 -0.580287235933247 -1.52189245911759
"104" 0.740603940437889 0.445835613884991 0.388207147317614 -1.2055701126306 0.515962954050543 0.246076217779164 1.01461861577906 0.231619465131177 -1.03502111059192
"105" -0.857956706507423 -0.587764921202599 0.0278420791314346 -0.103192114974396 0.852413839814396 0.574719818466034 -0.915080932625773 -1.24741812715499 -0.488922368587359
"106" 1.50230490268814 1.87434378231131 1.02703596200938 0.810029121430872 0.88387642782801 1.20896619836186 -0.402187857393541 0.692162514015041 -1.03508430663026
"107" 0.46103834110699 -0.218490614275044 -0.747886611385461 -0.112162987521185 0.461621115557563 0.0770774699769098 -1.21707434658387 -0.656319775519959 -0.950791093187697
"108" -1.03042064627236 0.277174141338503 -0.0629625622407411 -0.595718171289128 -0.287904283358984 -0.932345120088188 -0.210833211489166 -0.787494637808805 -0.778239491957505
"109" -1.16147154325805 -1.11115128869623 -0.949789401133764 -2.4721087734149 -0.272893845646085 -0.622108460252826 -1.57211160966323 0.917584258582865 0.785529831910716
"110" -0.547544856382603 0.898441519366625 -0.700754660914636 -1.58534024379517 -0.322576782474076 -0.414244085848493 0.756935751532953 1.33687830511541 0.0105079897208525
"111" -0.963956148401339 -1.72531335317674 -1.07208783579786 2.12462064300658 1.91254989078104 2.79305591905704 3.48865438641507 2.76773835310658 1.87275606492591
"112" -0.467280166444827 -1.33747658678049 0.300957758198765 -0.632613319664991 -0.802280418518802 -1.32057539240065 0.812496615682475 -0.803773798367637 0.0588872692503509
"113" 0.0790972615880003 0.156452959391765 0.275109688084338 -0.0295522842045087 0.370614196368564 -1.48960048467193 -0.00984974807937718 1.42781694702733 1.93017597985019
"114" -0.587883122999517 -1.28711341553657 -0.738116169996998 1.08123831388982 1.41059590273256 1.76958705664368 0.0979277719282427 0.315764112937565 0.304417810892088
"115" 0.128417752533497 0.43469034308337 0.499534188906722 1.12975392247544 0.60666163694167 1.07478658102386 -0.67983008895156 -0.682639221360386 0.580215795854874
"116" -1.17820835758127 -1.68346522858076 -0.556637061933891 1.54496274041302 0.00815195188725238 0.588634840167529 1.41144170195927 0.607568254367447 1.73828884737729
"117" -0.740487722136533 -0.385343794978007 -1.76419229976229 -2.28373056801611 -0.46574844191785 -1.85932940504219 -2.74275747523335 -0.503470375176992 -1.55749959506325
"118" -0.655197148432779 1.44463185602848 0.868025768834964 -0.723823174616871 -1.0505564519507 -0.774388901583802 2.33056059647956 0.638614781328991 -0.0334309353510813
"119" -0.409139348430961 -1.42663718445609 0.362901448558072 0.364576798563909 1.15335534247939 1.45433810605771 0.576614806175201 -1.72027275844944 0.0838217635097574
"120" 1.38250551228464 1.44601541588928 0.596693877292745 0.0307498888200836 0.896052359288103 0.797792121822638 -1.75259648814358 0.65167006053896 1.16827052676138
"121" 0.585130408833258 -0.125244980543047 1.55944849790125 1.14584715112214 0.843245197318358 0.857188559149419 1.67171175995403 -0.458331269157496 2.06144932774493
"122" 0.120205157238864 0.084838691985581 -0.77891036590565 0.522387098872458 -0.0351390085309969 1.51382593748767 0.911664425106971 0.865206719617099 0.52745718901348
"123" 1.02245445853732 0.354428996445882 -0.803974967895972 -1.03058988861393 -1.2640257523536 -1.82721595565805 0.479788864680621 -0.786881018184145 0.0126750715339818
"124" 1.6636561305804 2.76639418660039 0.950659873513102 -0.656665294394767 0.169482776647079 -0.717071587831419 -0.361170403112319 2.4174855804657 0.528738914245229
"125" -0.0262846768211223 0.94788324989669 -0.634361657235912 0.508178333882559 0.536861898166732 0.305888008269367 -0.0932094345303687 0.0642975758916342 -1.04724597419886
"126" -2.21767440292725 -1.63875602814663 -2.40121391682754 0.296989583393426 0.640776207116905 -0.124886757013036 -1.88871560862075 -1.10440431963539 -1.3876854038445
"127" 0.24858752916819 -0.760253013614382 -1.2112212850602 -1.71872260019198 0.223296761406492 -1.77087187932994 -2.19768469001182 0.473263652980371 -0.744181616753731
"128" -1.04836419894394 -0.175653414291504 -1.02001267792244 -1.02613302940378 0.445492175152804 -0.366927041832726 -1.16114332184769 -1.38768571073218 0.16821946882627
"129" 0.380106931902587 -1.35543858949692 0.50970295947116 -0.0992577193804268 -1.00179333510388 0.631825597294325 0.0647968196153399 0.066408035873641 -0.270770030665037
"130" 1.82411710579876 1.89914338508483 1.15484013697727 -0.173087222018622 -0.221797843232283 -0.609120812443437 2.39888904116014 1.56688802978366 2.04771506121033
"131" -1.17611736159832 -0.70904771028675 -0.340356663229815 1.70882797942452 0.433366475389912 -0.113827583076729 0.23058078139842 -2.01041686487544 -0.860667443006615
"132" 0.152754887370819 0.304852932126071 0.979181375807799 1.66605674511645 0.772515959775951 1.08640886515887 1.66597380810011 1.08214854278733 1.55012154814053
"133" -1.6763386689166 -1.15764247022501 -0.778784817054767 -1.61290832643604 -1.27340467076646 -0.0167533362161716 -1.75760774501696 -1.63711626855231 -1.86240096851338
"134" 1.32013310138085 2.29322584839085 0.7954155118107 -0.167790617200508 1.12613697846734 0.435653459280933 -0.462967810178691 1.19370493520699 -0.61166362407012
"135" -2.22148923535158 -0.214653797489891 -1.07611855591882 -0.527790515068011 1.46364137866188 -1.77158950197125 -1.69908014830159 0.607051608369715 -2.41817352033907
"136" -0.336371537659719 -0.671837214856774 0.227603205958254 1.37767385705098 -0.133501441062507 1.01995937504606 -0.149915694760223 1.20774498982088 -0.0823810131437296
"137" 0.154247164918769 0.405167466719403 0.778207491740435 1.23797138869172 0.213347359694398 1.9389493987185 0.177585563466228 0.636642885830328 -0.311344675442167
"138" 0.459845814601228 -1.98143171449877 0.727855009870793 0.257211115172731 -0.987921727088307 0.0285220797654595 1.00880699855152 -0.60788834672952 0.459204753903807
"139" -0.938407507553144 -1.73338040178889 -2.00950154544748 -0.757056888161571 -0.172674187966671 -1.00213342546079 -0.308519635105874 -1.56070998051618 -1.22619862404888
"140" 0.95436036677002 -0.0176442529271312 0.155234265081791 -1.33819586506753 -0.505014241358431 -1.27304352569457 -1.09549882646143 0.0138937466210031 -1.10624443657453
"141" 1.97813230415844 0.41628779799352 0.34168992437601 2.67135369297941 2.31207796476661 3.63202431686998 1.05660615111894 -1.18700967617511 0.0195379423704222
"142" 0.885550583285199 0.181981892187999 1.35726042256584 0.453714784444953 -1.63839678954657 1.3383005386047 0.595579687590732 -1.6866620536269 -0.133936113708944
"143" 1.41917237401031 1.01206340873695 0.600511455312906 2.11342838677347 1.62674904831361 0.516025189239471 -0.428641292368065 0.158018346901148 -0.694352525790179
"144" 1.87798626719686 1.82606421419766 1.30910424569689 2.21800358099469 1.88149353906124 2.38211151372582 0.559891465724742 -0.0991720198727423 -0.092987977379903
"145" -1.09575010883121 -0.0236094681462847 -0.664561727768721 0.737879743214851 1.00118347444085 0.586021079873622 -2.78147602551488 0.846554873742005 -1.22873055716009
"146" -1.79427363956228 -1.59884893448153 -0.780909510689634 -2.15520247295195 -1.0161739324686 0.0295782908876025 -0.323564921087876 0.816146059784418 -1.35939007808494
"147" 0.599401553545617 -0.158345277833824 0.959557141935033 1.32796430304891 1.05695958297428 0.457800831635532 1.90443827340123 0.528620051790249 0.0642689761758254
"148" -1.13310271989306 -0.743041850734137 -2.02256837351025 -2.57188833496686 -0.463251271905169 -2.73802281412975 1.2605166548435 1.29819761515904 -0.360632214207252
"149" -1.13207756623892 -1.78780659647447 0.0756637794015123 -0.0100315445978139 -0.823195117679884 -0.181939435002988 -0.859933688490435 -1.82380891658914 1.19622028636606
"150" 2.58236415236602 1.23796069368857 0.925617028679419 0.0178234949307742 1.06602576187027 0.919437458218573 1.55267528808146 1.05976709714553 0.303461573731696
"151" -0.218136551182516 0.563835171417198 0.016323621474123 -0.805385938721475 -1.41226180423415 -0.258822063406596 1.41489764260785 -0.182289221435084 0.651296750603191
"152" -0.717345006598955 -0.433178775556196 -0.908776536975721 -0.863174004372132 -0.463537385280187 -1.18877468680426 -1.36970288247299 0.294464426916532 -1.86032305662471
"153" 0.646966979985898 1.53327157875962 0.251335407492268 -0.519675138144759 -0.0703273042039284 -1.25924038274909 0.264031266670412 -1.30436483423619 -0.555844781016484
"154" -0.198741320400764 1.4306672232019 0.184001318448198 0.876098453492844 1.91991014687812 1.05682054962861 0.700769118308158 1.4424314226355 -0.460333139693971
"155" -0.106695246270308 -1.26395301253267 -0.283842122589678 -1.65374969543613 -0.291988363636744 -0.430012507269952 1.50119986500629 1.45565743481224 1.11078616119004
"156" 0.3204792676513 -0.0631459365427301 -0.839327812597911 1.01310505891802 1.03923463709684 1.21161713467752 -0.331813059648406 -1.15776147986729 1.06402283446721
"157" 1.37327248820031 0.105963968351271 0.896682600338047 -1.83339271960687 -1.93370117876499 0.166823736225693 1.3945489941479 0.948251629281104 1.08170202261729
"158" -0.360687405635931 0.552381974857752 -0.139568583200193 -2.15910861711611 0.633492904829606 -2.9408971588379 -1.78889485435238 1.19859970389379 -0.787428002317778
"159" -1.47092064176081 -1.51570813294212 -0.335123867666131 0.664076178342546 1.49302198165245 0.510266874092553 -0.773042549364301 0.329987542121927 -0.427650915571518
"160" -0.720198727075046 -0.725857915758437 0.0389358138136138 -1.13356135530833 -1.55258445304796 -1.27569120501138 1.44358770179983 0.112498966875683 0.370070024019517
"161" -2.33822087794456 -0.923238676154487 -2.00149837482293 -0.935303939927546 0.555671407352466 -1.49854441218943 -1.30939302632076 0.91716874060244 -0.288659648888946
"162" 0.580969683273931 1.24921127366628 0.027959412115949 0.304137938030393 -0.507087606275402 0.91678421506002 -1.67571553810784 -1.71783786038473 -1.11748073074618
"163" 1.10505604825322 1.46215552824362 1.26725412910883 0.695960604015799 1.24050424895089 1.24454201242437 0.251904521812931 -0.292593381020538 0.885641984760289
"164" -1.3030041745265 0.668334476133197 -0.914720090040003 -0.235529698967608 0.755958830867502 -1.11685284382102 -1.36190929268816 0.461333548091135 -1.21038804114258
"165" 0.464158226057692 -1.09900320664233 0.0767067367619186 0.522777521381102 -0.498446225627759 -0.806090417359931 -0.182391536084573 -0.450410186362251 -0.00517402287973483
"166" -0.0753176886046059 -1.75656352319007 -0.400333930342454 -0.4936444159019 0.275596279301436 0.674740412355181 -0.131832795386251 -0.493256532826535 -0.570973245054808
"167" -0.809087871429276 -0.0530199303232344 -1.4674969679216 -0.632598014095687 -0.430766551561892 -1.41620658182295 -1.12143789972213 -0.44435016743018 -0.870275416513824
"168" 0.998739834197669 0.356683607627599 1.36013441557388 0.801769927136965 0.838788882682914 -0.193272553033197 0.890831290769939 1.01507572202883 1.27871341172419
"169" 2.16791017455061 1.10356084807111 0.828980535119426 2.54994962804494 0.393562628115148 2.13001576707083 0.757453745551026 -1.03611761678503 0.622832341970077
"170" 1.57434940976636 1.70081938130696 0.251526828111996 0.959369071188062 0.46536560651541 -0.228090696067712 0.407448397246279 1.26023857806328 0.775434237467574
"171" -1.86886874209925 -1.92298621907381 -1.50718735124474 -2.01838910193058 -0.549869911992658 -0.658875147551992 -1.0829499418684 0.271779776251512 0.630795915349536
"172" -0.76392283599672 0.109518591523503 0.364723303264792 -0.769099157661039 1.05055746430926 0.527584078021101 -0.0176372831499671 1.64309151202553 -0.178251324544391
"173" -0.981847621145036 0.751040690891571 0.00570460407353551 -1.39692950803438 -0.367680919718698 -1.0256019654468 -0.836681966896823 -1.27337578553329 0.32527553619718
"174" 0.801815955754289 -0.479526914346322 1.69764236464454 -0.157410223954707 -0.251656682567911 0.580210083454477 0.853197063790178 -0.0690574178272565 0.132821949677453
"175" -1.50957431043326 -1.93622100437796 -0.261383670470837 -0.630334465872216 -1.19482559479133 -0.692008151202992 0.357077172605046 -1.30478610988197 0.0699440920739798
"176" -0.508268207431381 -0.537865940310041 -0.543872183468281 -1.4218175685764 -0.228047420521133 0.00517001515385362 -1.48897393427152 0.676826331731257 -0.742533975460262
"177" 0.60190727976937 -0.561117931121038 1.52107648211579 2.63192821119059 1.71787711180702 2.94989367813549 2.47421526513266 0.202522913808712 0.186509022438211
"178" -1.88501386353002 -2.48631809763308 -1.6093365518289 -2.31969784177181 -1.19242013188143 -2.12416624396786 -1.80213756953314 -0.878498211241795 -0.00413705451084667
"179" -1.11986861597932 -0.395554527779336 -0.644046171971486 2.96205222623386 2.76348355019214 4.15207990752808 1.57460594562425 -0.689318757007541 1.17953430253775
"180" -3.80188309445893 -3.2093903234969 -1.20807117090999 -2.77595104849009 -2.33533866534802 -2.1152299867612 -0.685912350697966 -2.15902134961196 -0.968692186198046
"181" -0.929608761851386 -1.00492451427065 -1.02279364206283 0.617304951181557 -0.0770629021520356 0.195917546981791 0.455625826813626 1.31461960029233 0.774305363481037
"182" 0.30242475410096 -0.58453145439088 -0.502608885647056 0.468948806684122 0.694750360478875 2.0030310851934 -0.477337317386286 -0.4732422165692 -0.141974015435762
"183" 1.27485034045644 1.24308886975057 0.336959968423276 -0.218695031769113 1.26227178654965 1.30652734992091 -0.467425822733441 1.53542789339767 -0.903391612675557
"184" -1.34372183368901 -1.57306843064693 -0.76533063073698 -1.29764735503623 0.485722004173118 -1.28539930380578 -2.070457354591 -1.91612927115057 -0.958495900397126
"185" 1.31103452255344 0.00883997502620248 -0.0908794286304238 -0.318729728973044 0.178626051171195 -0.27910246712056 0.390547936292781 0.169318582059092 0.437333600051008
"186" -0.0071642322458087 0.258358731991995 -0.992466661808648 1.18711719970546 1.30437095428201 0.800338949250372 -0.708284223067331 0.402717455121286 0.135535372613827
"187" -0.0591010890528274 -0.966768756606331 0.371779196331156 -0.722337696673962 0.668547689279197 -0.190771193137701 0.149166840034684 -1.16263616904667 -0.199576191353269
"188" 1.24939272682098 0.634499120711146 0.365338225857515 -0.750971552780195 -1.38096304123831 -0.508385822338601 0.759191697454168 -1.59767052780508 -0.831199395346688
"189" -0.681450573638102 0.67480845211878 -0.814396173777823 0.528109026564685 2.10125317355701 1.12085853584369 0.421733650481149 1.91054011346838 -0.0679502906281712
"190" 0.242795619033703 -0.236545065319215 0.260409058986008 -1.84240948245152 -1.42867930096379 -0.282019863713983 -0.410068890504825 -0.113150610689772 0.0572039318694001
"191" 0.763414173602943 -0.569951014083123 -0.371967743531384 -1.51028121111855 -1.20995871360134 -0.656441630237732 -1.18608856522057 -0.601906495094983 -0.60042140845077
"192" 0.749503022898391 -0.04088389715886 1.25193008113032 0.249062602031321 0.506531673220049 0.739235538558033 0.118280054148362 -0.880583941418795 -0.00364626996558287
"193" -3.10545226219648 -1.15371228898514 -2.53037365029174 -0.0887615050774635 -0.80839153343011 -1.84494447174137 -1.72862792298751 0.0901555032153648 -2.42213801007764
"194" 1.19475759459168 -0.130945949138992 0.590307449487221 -0.299845697381965 -1.91844116062063 -0.181022336703201 -0.290334944991415 -1.52493059931078 -2.50527302983837
"195" 0.197636262470645 0.679327351552419 0.123082129039708 0.817907876357473 1.45717467328617 0.149247602815514 0.415064689501853 0.988902374436135 0.487632642550733
"196" 0.56240266239255 0.175657268707271 -0.0400453012895411 1.39984735550849 0.759706815296331 1.44356226023336 1.22787504626557 0.721243565554643 1.5811555475305
"197" -0.446906757843262 0.0125313532617253 0.494833402225187 -0.302115309363327 -1.22991521973601 1.53911644949953 -0.0904694763637811 -0.145494098976598 1.12219289055211
"198" -1.87930356829389 -0.343428842678602 -1.17466335842481 -1.22604193463825 0.140281856159293 -2.18753935229998 -0.84435042994189 -0.0429914797833556 -0.747125427916119
"199" -0.853276376552448 -0.390878323340774 -0.621261410435949 -2.14261406623474 0.651390799221373 -2.40654830473698 -2.94562560975784 -1.34317552680935 -1.64956823528326
"200" -0.8919463676819 -1.23040319914253 0.455493396515699 1.76056385903382 0.666102658969887 1.79746504855039 1.80984449449154 -2.14499623560641 0.682665227710077
"201" 1.00319737255641 0.140754375962248 0.00448722312874589 0.170262842715103 -0.706979774237935 -0.134983333282947 2.16351096299342 0.62538402468026 -0.52994230031621
"202" 1.22143409236641 0.602999267693178 0.328086836870764 0.00433864292416875 0.167071121390698 1.20775783147076 -0.579057876166792 -1.08482664527082 -0.366185361181536
"203" -0.360605623029158 -0.600979278245542 -0.504495725165864 -1.57129615074112 -0.769991488755912 -0.977246964417026 -2.95773261422518 0.0272845223277527 -1.99516210526045
"204" 0.976358785434414 0.323231300853767 0.524274567055793 0.550622074089026 -0.723386641658031 -0.811649224969735 1.76070585145217 1.95935222885863 2.12207316858982
"205" -2.68265619051488 -1.12610102609058 -2.01093825328844 -3.49418279496774 -2.33997005529072 -3.56333200921553 -1.94780024850527 -0.997227738245982 -0.484148839668111
"206" 0.318644593650898 1.14541462999414 -0.657576319346329 -0.912099197272876 0.674915914946068 -1.26000767559285 -1.39255350756338 1.15274784212094 -1.13214654397541
"207" -0.0391801053593753 -1.041757434854 0.495030304901648 1.47059545189691 0.0589197916405513 1.90695885989208 1.15878586092016 0.375499427085294 0.396985414699538
"208" -0.426201228339592 -1.49861357744002 -1.20330186533016 -1.61020219066908 -0.96362087350919 -1.15644603251519 -0.118330184800568 -0.709503870033865 0.691951108180898
"209" -0.384473620615671 0.177032708557919 0.175479892575739 -1.16546239990217 -1.09218186190585 -1.10149805688969 0.719409122760153 0.0442334133933563 -0.488871929875938
"210" -0.569477589016506 -0.172617248954614 -0.61464026002271 -1.28991014396457 -0.559610004935388 -0.778448068853805 0.0548534082567724 1.91519321633977 1.56965784501558
"211" -0.108898954205588 0.573835375539291 0.6553126348065 0.188271811074024 1.69324959985533 0.807218434676124 -1.80477921877789 0.719591978604195 -1.30832654379543
"212" -1.61888106312835 -0.912727258708454 -0.56545550414357 -2.21166529756091 -1.27744351427025 -1.88016938510135 -1.817767342907 -1.23305980059495 -0.42874777761902
"213" -0.865865670920667 -0.860352341869101 0.335253280964055 0.353046865195106 0.865853276351034 2.2757628006092 1.84443270964487 -0.753769112333298 0.55033080256308
"214" -0.749860122467227 -0.805111194933585 -1.26819787632598 -0.946454472050734 -1.3428191819261 -0.0974574698581347 0.109526475456735 0.433517398040264 -0.509840091576673
"215" -0.810127700347985 -0.808225485958039 -0.514421887724877 0.151915569229176 1.1518958395134 1.47334703373449 -0.673399546647444 0.883242534060355 0.550323313204062
"216" 3.55226997714632 1.41379736179272 0.90253331099545 0.917138472710613 1.11555710952346 -0.272486520140234 0.0604624200254118 0.0162978416533925 -1.62605542046272
"217" 0.934501623256172 -1.74904463300358 0.951904507307334 2.18835531594561 1.97784100804597 2.9759688829275 0.612944452464984 0.731650635913384 0.13762423879029
"218" 0.637993425163603 0.55517701988197 0.894638536023896 0.407279593607601 0.502963103049832 0.822563034997375 2.96397166913062 0.80174351547167 1.17868352858597
"219" -1.20103161014637 0.298282762441922 -0.624313258916764 -0.18983352881478 1.19504600099033 -0.678292035280578 -0.209987015160939 0.865072941370606 -0.326083578750407
"220" 2.23406918928592 2.0644426075737 -0.418970402003709 -1.73861486579966 -0.54268133432959 -2.16765826858623 1.56459145341671 2.50934875860588 1.2613349781561
"221" 1.40999483984796 1.12442912575812 1.041504749138 0.124631565265423 -0.437745706164566 1.60467380884076 2.49302800495031 0.24956703063002 1.1348806012256
"222" 0.353501825897693 0.0511581012335861 -0.0343385612961934 0.86913398587813 0.9452310381598 2.08187920212644 0.357821610751501 0.370760636035056 -0.344086909035179
"223" 1.15954393286121 0.478405493762293 1.34449457563615 1.54302457905887 0.369274213082646 0.933774088319764 1.17601208790842 0.870027065638208 0.661130059804757
"224" -0.500670692065065 -0.171055692510395 -1.26551396278192 1.08084349677404 0.498874987131296 0.299084657221655 1.20328294181963 0.326618593270009 0.868623487475184
"225" -1.2730312831219 -0.341842365796255 -0.597369232790449 0.101996187712312 0.564882401910225 0.522918879505998 -0.103778379525679 1.18203079103374 -1.31252095999239
"226" -0.254005512923676 -1.48792165631422 -0.885908154491557 -1.163593956277 0.135046608971651 -0.832731806202175 0.100736984463918 -0.666077369652599 -1.58516303253555
"227" -3.34067126447656 -3.27167816049581 -2.15263571014341 -1.33863023455891 -1.93000817386982 -1.24884863116629 -2.18831563742579 -3.15579150728934 -1.44089865160745
"228" 0.0442194485657207 -0.83104222133335 -0.938743961786718 1.1112758754735 0.581751204964495 0.249231674146932 1.70853399567217 0.807994126264017 0.822338587336009
"229" -0.380014783361407 -1.1005182167707 -0.173884857993465 0.973544584276768 0.269677092960112 0.199886196678911 -1.57907452093875 -1.62689319061752 -1.04782472446478
"230" 1.49804279331388 1.62680097786124 0.979463630700837 0.846998451212247 1.82387139235077 -0.285220599810831 0.239056158809707 1.71010257585085 -0.950315358138915
"231" 1.92310215495198 2.00477356790355 0.631175106263954 -1.50045259781838 -0.393590383964137 -2.94451725654836 0.366788830488364 0.930128544969789 -0.263453020115624
"232" 2.27888233072662 0.664691334145297 1.37191526183595 2.12680818745332 -0.510754035669802 2.20390637893048 2.7123327663484 -1.18905441345516 -0.388209639217345
"233" -0.989347412608563 -0.27212909597144 -0.98023302879427 0.261613501498002 0.0974388960659002 -0.351053046429333 -0.342238625077487 0.363622518039291 0.394551185432563
"234" -0.0578595156287957 0.0404460086212555 0.290085471351859 1.62948410854878 0.0903613789217156 1.31043756435052 0.518138041025393 -0.638934601298669 0.693571355754975
"235" -1.01079851300476 -0.823578123657884 -2.10263110775692 -0.212312638623047 -0.244194646959561 -2.44776196184996 1.09593625031541 0.667561051020757 -0.457397210827305
"236" -0.979524831779571 -0.349188766832397 -1.68054543953455 -1.40965763504759 -0.778347929759281 -2.21554755896297 -0.693526372379223 -0.129420330893267 0.101589577667935
"237" -0.137855255792996 -0.419868470344482 0.103379676526715 0.765317822489601 -0.226191399532175 1.49157438118456 -1.82858516220733 -1.62512313953431 -0.177613410172253
"238" 0.412277691577403 1.13316019149318 -0.270112785402402 -1.75937610117508 -0.449002679899028 -1.05801461382301 -0.352313779581019 1.7128898037172 -0.655286654953688
"239" -0.11040398122163 -0.663919811351132 -0.149148080481139 2.01402329233396 1.08320906216782 1.31868836008941 1.19472447391623 0.231298624965015 2.2609562743074
"240" 0.954008812414671 1.01092297447875 0.244950423789277 -0.521029710907103 0.000914727074786417 -1.20070030861814 0.841531389928826 0.797848857088762 -0.391146601199226
"241" 1.37046726472144 0.301459783441705 0.917156455108159 -0.413274564539599 -0.482650425235527 -0.652445570360963 -0.972992181833571 -1.1204355027876 -0.593500122513582
"242" 1.11822574244266 0.518692523198904 -0.293504962901797 -0.818552590304224 -0.702389435718669 -0.770305807689726 -0.12904289561865 0.209924558717429 0.235742756848826
"243" -2.49082924554592 -2.19249069580943 -1.5062601423331 -0.483948704756461 -1.67074478606917 -1.11361723529208 -1.04571239204486 -1.19265150870886 0.0725606121286927
"244" -2.32642615212994 -2.52839637060981 -2.13215781442067 -1.56417900257438 -0.129682128711528 0.803595498512238 -0.704715055131472 1.11165653827564 -0.879426785270822
"245" -3.32750839949495 -2.59154528148933 -0.984916963831848 -0.991973698709932 0.345270997900047 0.349916624064572 -0.322579965117557 -0.102610336112027 0.0259432133931286
"246" -0.450201083018206 -0.402667041629507 -0.721462438007941 -0.402880642981691 2.06789923110621 -0.119028540731875 -1.85620951641775 1.12066512433762 0.214394898306265
"247" -1.02166177518383 -0.503324677028943 -0.557059145097872 0.164213135186325 0.620987628662385 -0.0691224809135569 1.29662761817275 0.456659826429601 1.18573986802086
"248" 0.719122804135195 -1.58726661372763 -0.370334933324934 0.190608060048711 0.272975309872801 -0.377958941592162 -0.728179017677533 -0.580643786180692 -0.302498360884689
"249" 0.156283465684542 -0.272205862647357 1.62190227459191 1.26860351074794 1.12717320668708 1.6826803031688 0.236792877817823 0.0810767901448368 0.313368700045412
"250" 0.113636657172566 0.458492238901889 1.40052880240022 0.885612079394637 1.00378996132514 0.544907449413933 1.48878207836466 1.05976464002906 0.255226612071647
"251" 0.422509123764979 0.649843264986752 0.865689268139792 1.26575839760886 0.16774328600446 0.403816246555905 0.530781470280621 -1.58016597807485 -1.41164882275284
"252" 1.15216219981647 0.347518014002085 0.66791286940627 0.62856037668119 -0.432021433619734 1.12786885911833 -0.0555724826103291 -1.07180950048977 -0.570473263712858
"253" 1.06615327886326 -0.148035691156345 -1.42616392632844 -1.24620267194662 0.404686708374555 -0.786418453028189 -1.43041591460569 0.819821047968513 -0.336977598573448
"254" -0.298293499963365 0.00911175738742501 -0.498763373468793 2.23923643262561 1.36364601436082 1.47845676509877 1.01163907305015 0.851301044883952 -0.195427333158438
"255" 0.198582261175042 1.17170268461683 0.0736844925879583 0.708781756061522 0.788763702164326 0.429039317067372 -1.26538777162661 -0.548670669012126 -0.35471095593883
"256" 2.24698179639567 0.374832567267533 1.89123775829438 1.50881456242834 0.45054521263295 0.468273999241558 1.2905110589197 -0.882670192226348 0.149184869785735
"257" 0.82146266436981 -0.890479861286181 0.236682325134742 -0.0429148872431573 -0.547373136354324 -1.39245409246762 1.57609515065606 0.88297427155535 1.36333342386453
"258" -1.21496303597063 -0.17816984811301 -0.440021176834644 -0.202112704705979 -0.516193096008314 -0.0410577817694251 -0.438791607337605 0.166606575437562 0.304691192691505
"259" 1.08322505316971 0.831927725044792 0.466656981995356 0.673563156926457 -0.134009244580293 -0.778370357285632 0.606653820441005 -0.00183321419064353 -0.896736043221942
"260" -0.825251405772813 -0.151104709595974 -0.342388952625307 -0.832287579389134 -0.525879578814043 -1.36293589991787 -1.48584374617849 -0.769152648432263 -1.02008065934208
"261" 1.15390535796847 0.586099113856597 1.14823038409736 0.231115495831173 1.46898760891344 -0.19122682287735 -0.476155577828537 -1.95788671246691 0.162146316386615
"262" -0.640986604744918 -0.805738504592968 -0.403224135125734 -1.15341879815749 -0.921355178787595 -1.04311668017919 -1.63822624201322 -0.574364743203542 -1.28059288649741
"263" 0.570801801092999 -0.186747826562325 0.755280485816643 1.53036405446139 0.901344722792368 1.34083139846002 1.89310016947055 0.39632729426461 -0.984370529954627
"264" 1.51560178248146 0.0380925942420743 0.883387143278296 1.76831271449643 -0.126370837656465 2.16219923919645 1.33375128449962 -0.542374235410004 0.360776230898131
"265" -0.230056170839149 -0.719122161651642 0.265990882125378 0.0329649793671225 -0.21687868952927 0.121153725680715 1.25568083099986 -0.0382084169299985 0.858689231956816
"266" -1.4825032714151 0.0770849903343662 -0.770991848856401 -1.47262650586172 0.0962567464236024 -0.588004473601099 -0.562387309826592 1.43686778705612 0.163529159002041
"267" 2.93763663538126 1.41396977361828 2.2213157697408 1.32950569652891 -1.15002408173858 0.555066077334267 1.22899785448864 -0.216692456420583 2.08638169083305
"268" 0.151927501902643 -0.621404677453769 0.563538332682263 1.02364987483174 0.616172479636325 0.826045844733587 2.25789080649486 -0.0189002211143907 0.974274486184387
"269" -0.0217489787858721 -1.29337732164837 -0.529651265861473 2.63316707330104 2.87929472123729 3.45058089239605 3.26556802242939 0.719174942703435 2.05710981096188
"270" -1.50443975859771 -0.778091925693727 -1.02192112249229 -1.28088564850943 -0.191597592210915 -1.27056082897306 -1.77561307888908 1.32591653078592 -0.614783795894812
"271" -0.264349202766586 2.70328442586784 -0.238792094047976 0.981995121376619 1.0488927653495 0.555604890861155 -0.205881288519508 1.80866586613468 -0.152496432470068
"272" 0.274947193880997 -0.881107641595935 -0.778626964622869 -1.73613890542717 0.538834220991329 -0.307862553592908 -0.486232420995339 -0.336353978114424 -1.47991257465091
"273" -2.1528636682111 -2.28367397332651 -2.74068695282241 -1.61825088690507 -0.987595684413685 -1.68460452607853 0.510540337062364 0.677726087538099 0.713962756173692
"274" 0.771148635231878 0.0158351961096043 0.836357376999171 -0.135438828709907 -0.889481700293461 0.273877102394986 0.377384965254519 -0.419315924440123 -0.197781208305387
"275" 0.632364896300768 0.378808144545007 0.557808914562371 0.790073014463084 1.63448937165763 1.31211630209604 -0.052085716481959 1.07676309877738 -0.376135566683272
"276" 1.32961931825201 0.997287693819518 0.753836271801888 1.11041319094935 0.376939196328955 -0.155524970357857 -0.0388120729275988 0.867694312049454 0.676830145835221
"277" -1.72265709070206 -0.478600454955641 -1.03829782490214 -0.313398065561763 0.463865159892308 -0.657488876186239 -0.739907241359451 1.18946932593218 -0.548847816079304
"278" -1.09928574601901 -0.611149156881713 -2.03069069286565 -1.96036099162909 -0.446488280736746 -0.40192321950563 0.359093079590417 -0.26508027154498 0.794383475895915
"279" -1.24189273344552 -0.994439811828991 -1.15631055292384 0.698497879446967 0.669097330084654 0.448134956762366 1.62064683869837 1.21091053958472 1.55635332498981
"280" 1.30084660404323 0.671626432661381 1.80443903541983 1.65135774861338 1.16618122801671 0.588893817212141 2.2675364599399 0.0542463610127427 1.03845906796612
"281" -2.83464276762795 -2.17801140541756 -1.76753722222006 -2.14839100002984 -1.81278049507379 -1.09568874129019 -0.489137141568168 0.0924509073006691 -1.02513438985356
"282" 1.78554913823708 0.573712580518637 0.781735407575529 0.540983022710922 -0.251790974783436 1.34915890649082 0.509871802721813 0.179013619121872 0.432003822306503
"283" 2.04743266392837 0.750686570226034 0.754954831936598 2.1948186121494 0.853351917023232 0.64773741704756 0.381294353032414 -0.841379190197056 0.5509454842486
"284" -1.31966304012966 -1.42352458454967 0.244535741720263 1.38806970171778 0.357764252151997 0.0286753484211208 0.649106273032153 -0.527813070676305 2.05005335810704
"285" 0.0577334331968462 0.315292572096807 0.729082647167391 1.80824863116451 -0.0522566367237794 1.51234421029073 -0.0516318235519728 -1.4604152733369 1.1142365584727
"286" 0.0948763660940042 -1.27100809782661 0.675682859264775 2.33459067170423 1.0606828995883 2.27261925381555 0.962319362405575 1.00345985293241 1.988463863486
"287" -0.586281138634454 -2.43099280880956 1.46426427910162 0.449721351574847 -0.498259215123966 0.468166510373424 0.845216244267876 -0.0839787073046184 0.341288796746523
"288" -0.518081984572454 -1.47684010943011 -0.0423388023232076 -0.950460233292336 -1.34457252295486 -0.0902132500116911 -2.01721910976045 -1.30160070137306 -1.73954208988912
"289" -1.62509768873407 -1.26642989997591 -0.919167931641512 1.50435316837412 -1.24900180520627 2.07448694742183 -0.657018618138796 -1.51111512390387 -0.21398642890629
"290" 1.46721868957415 0.894530351109376 1.13912753146434 1.02154705929754 1.25195203151765 -1.01637988701157 1.23710782781086 1.06582748569026 0.88454241014764
"291" 1.45778571540382 0.809135748866621 0.796480259390339 -0.216014189206202 -0.383500243761516 0.619825496920572 2.21625848189452 0.529935999868565 0.705675498061096
"292" 1.97828316292649 0.273465025238579 -0.455828635126253 -1.25093910261143 -2.25595914506172 -0.361873273968324 0.862433453438155 -0.863062925591079 0.957169776192676
"293" 0.871067461638188 1.13789206081999 0.0728412295771381 -1.11289822220608 1.25935256862978 -0.994993428103805 2.51620407928181 1.69472134036057 0.834110321076291
"294" -0.545914379367244 -1.66549592066043 1.17570575866668 2.36654673896453 1.09818095597092 2.97714593191587 1.08180996519256 1.76817938720938 0.406589203036709
"295" 1.10425770968772 1.23409929812523 2.11234627889246 -0.0759270663143852 -1.90585367271295 0.13836400550378 1.26584714629328 1.15316086032784 -0.12503045808916
"296" -0.0628432017570804 0.325569921578486 -0.739203008058939 -0.201288591796909 1.75928670001862 -0.606114579967446 -0.962628941799532 -0.620092907308453 -0.637363210572898
"297" -1.26287293266169 -0.956675833282793 -0.792153463046644 0.176657616635541 -1.37519507855714 0.404791095131465 0.972745890547961 -0.126896400261305 -0.0861782741074255
"298" -2.07505449033996 -2.49322696458366 -1.32318574624896 -0.458041314624419 -1.17320768749504 0.646811272406211 0.964170370180243 -0.00458813018094086 -1.1610380268172
"299" -2.47707593823098 -1.11354502362365 -2.80647099195298 0.0661112175847088 -0.00532570221963621 -0.293464827864575 -0.94111551606771 1.15013476055729 0.757031431893703
"300" 2.46120301015309 2.17861928121175 1.65475657889882 -0.591108842547305 -0.17961950954053 -1.34068250711394 0.0670150961916223 -0.21215488698308 0.304514387390682
"301" 1.35557716205566 -0.820623501445677 -0.0629866580868745 -0.169310568944216 -0.872964101235321 -1.02247509791794 -1.06562415800998 -0.472624080362287 -2.10334020268243
"302" -1.37816728075199 -1.59469279571232 -0.622489597982623 -1.02355617787959 -0.801270663985271 -0.260000907179038 0.606495680240713 0.63042327670879 -0.979012590310795
"303" 0.25150512999773 -0.435418876502891 0.566438828572667 0.497605142693575 -0.557636851760343 1.01622400307887 0.635630344439547 -1.85564272062922 -0.0779109364557736
"304" 0.28468590635945 1.15727200021122 0.582013301336984 -1.00130311272862 -0.909766320269197 -1.27828848006575 -1.46308769691357 1.33918139133563 0.747026224461623
"305" -0.958931823260559 -1.02441974291006 0.24669023800796 -0.837026495675236 -0.489130301479822 -0.732877493408187 -0.799751273731969 -2.02921481190383 -0.406681616962273
"306" -1.15211331827257 -1.24784057815096 -0.884779237968258 -1.38768038542962 -1.06856626459843 0.828337557869287 0.775760537946821 -1.88621921049336 -0.923997709195911
"307" 2.20824109368378 2.11894065159038 2.21535494611166 -0.89155061767787 -1.22809476249856 0.043115322202359 2.20011257982331 0.742598578107438 0.893110978762432
"308" -3.28996607184339 -2.46131193451733 -2.12582897076746 -1.43233592308667 -0.0837548134216263 -2.06599604690099 -2.43952568942139 -2.41022009561207 -2.59876326147253
"309" -2.8758688717073 -3.06979115432158 -2.15801726144839 -3.74435852294796 -1.58582644620588 -2.30883813210465 0.170340752483029 0.214672291015256 -0.695599263547962
"310" 0.135509125757096 0.445598079650308 0.942932618880997 1.0202309800342 -0.04279138624137 0.632702750852781 2.55672047470213 1.8007908640076 0.714353357892085
"311" -1.32032953340105 -0.372060162788049 -0.153858939051692 -1.43586388725902 -0.0238455204332801 -0.231752313639925 0.598470263310386 0.0297378182919697 -0.042359994852565
"312" -0.499155949247645 -0.916448664731026 -0.512438804979642 -2.16043625311503 -0.833033691082099 -1.50217238460957 -2.27748624028673 -1.48412149653815 -0.541521401496436
"313" 2.28806068009768 0.719653980378849 1.1240066852433 0.730930030481705 -0.460818606388952 1.15700040196919 2.8943148112307 -1.69543341134624 2.10348767758261
"314" 0.281055569515964 0.802104063393248 1.24488315649216 0.712755540965224 1.1194951359728 1.09158345490572 -1.3056931425069 -0.736887547576435 -1.27353861618431
"315" -0.550104204250364 0.51373547907285 -0.246895601240931 1.28088018572853 0.785180261522184 1.8630982568324 0.316545248530724 2.2223896495296 0.377338075821385
"316" -2.07919731463758 -1.66319261600118 0.285206974748259 -0.552213939183655 -0.721354876616728 0.308544225301174 1.27663919644683 -0.744969983937384 -0.0312337832916119
"317" -0.356873821741021 -0.877557893125533 0.250432283142964 0.844280297638568 2.19410022801751 2.20303271716301 2.18091064433529 1.27322147586296 1.38164540049294
"318" 1.01945111120409 0.415836721676638 -0.609907707997519 1.51734527686106 0.39039956996448 1.32958161801964 -2.08953811375964 -2.72888343781876 -0.855559450307368
"319" -1.70745601017333 0.0231022304295812 -0.13530101105727 -0.193254387825552 -0.633767690617161 -0.490940791988557 3.57389648983634 1.3266669866299 2.05481104236826
"320" -0.497635319110455 -0.629781238043304 -0.442756816463503 -0.00490904622568381 -0.194149389428158 -0.0417076594326276 -1.77101472390945 -0.00566725888132574 1.06547287677613
"321" -1.09882092135107 -1.83292906555501 -1.4303199928496 0.196252424413571 -0.808723370987774 -0.350226724225206 -2.93142661038675 -1.44119064092694 -0.530004050585254
"322" 0.154287186230011 0.637425163043569 0.193774255946789 -1.10813065606089 -0.33252229390711 -0.630643838257503 -1.44659757068731 -1.13115950087464 -1.39678969354414
"323" 0.810353174020851 0.116472812386639 0.273287029221987 0.0346250743273879 -1.84596124993788 0.252249678730961 -2.31762061513879 -0.37965354392848 -0.0647383769460022
"324" -0.405814434232618 0.131790005342863 -1.6114063916354 -3.11499144900995 -1.33783901582196 -1.1227030371191 -3.26741559201745 1.07759255178559 -2.05583267356609
"325" -0.0972674466682756 -0.342989371018218 0.122494558985144 1.18675369930146 0.860948665584507 1.02722032346824 0.978841907336435 1.18364314468752 1.39390493742715
"326" -1.41843005068673 -1.7673468823273 -0.163903973301964 1.3770537977622 1.21779751776221 1.12171641106738 -0.441455407804058 0.150727001163626 -0.479784258910095
"327" 0.984573651597154 -2.70386055378017 1.83934818828848 1.39108953357178 -2.13626622144217 0.617863770238857 1.04962996142837 -2.22300475729164 -0.307888042147338
"328" -0.25113843065119 1.31101653799968 -0.141808249437575 1.32256099548018 0.348859720875748 -0.435286064584594 -0.0781188385556693 -0.798492981999685 0.146842584773868
"329" -2.46688630023369 -2.01266916626016 -0.111950604947182 -0.920255309878823 -1.43216417654504 -2.10605778441638 -2.13812015474397 -1.99054373018309 -1.08900112657835
"330" 0.585513844469985 1.06803903007391 1.18163897643085 2.31687392596412 1.52267876614267 1.36029076896948 0.370020850489654 -0.334304194885845 -0.0847290140198889
"331" 0.255594170347308 0.154639526339584 0.929752152921143 0.264540495650827 1.93775603823799 2.12677683896847 0.185337087642806 -0.0581830385165107 -0.629544391698627
"332" -1.34942993477813 -1.37132537611538 -0.91923391581815 1.24914847248861 -1.27205401350058 0.666903257591103 -0.860109630549207 -0.688161454313263 0.457795735448247
"333" 0.891081449541629 -0.752541706744483 0.695019501046656 0.260625203822925 0.0325160476154408 0.334930932135723 0.208039867834326 0.0167984984090195 1.19920264751771
"334" 0.699781869724604 -0.154899011574472 0.494933340954591 -0.0805930280771313 0.541835839934035 -0.721468178333445 0.427650833919725 -0.05227699256671 -0.0736574746063575
"335" -1.68074837074213 -1.069849134045 -0.670180987035189 -1.14272004069833 -0.441863818985636 -1.72981422528406 1.93354043227584 0.552785005728526 -1.86256374387699
"336" -1.2516384759144 0.152301372538584 -1.7503903412225 -1.60951349923438 -0.48020967533124 -0.550304411568793 -0.524127084982926 1.025728957729 1.32929382083259
"337" 0.424902987514099 -0.339922843045769 2.09960366024878 0.697593347516499 -1.08336658206387 0.346831345190052 2.23186683560799 0.117943539578194 1.91825056490681
"338" -1.24471638708198 -1.21645577542534 -0.872704631532065 1.95439552245554 1.79171932594067 0.83266710104499 1.94965094397125 1.65030515321993 0.60618932318269
"339" 0.698828445642445 1.01337243293005 0.763356769318902 1.69389474409305 0.516476848500974 0.678550960049931 2.45205763300647 0.745831595045906 0.804853521232419
"340" 1.33324760702356 1.22782854358233 0.712013819898998 2.28196510033009 0.875048972610422 1.38568618928595 -1.23735166238543 -2.51154971915406 -0.759381258757333
"341" 0.674662425959595 1.57645849437872 0.534926360371046 -2.87195784436524 -1.7327280028699 -2.20646034194302 -0.497083717200917 1.37482021286304 -0.536760870886939
"342" 1.56824343243035 1.30129279666121 1.62114849649897 -0.0356866876417716 -0.365743387065209 -0.451953681099734 1.10652515211798 2.52680063161193 0.873790260558406
"343" -0.589508173339564 -0.789411705962313 -1.17746491612038 0.167934512235116 -0.372843104674858 -0.084529541489061 -1.26870147888883 -0.651230552030755 0.140119286492586
"344" 1.00970633637529 0.474074822936124 -0.00650982695768432 1.47483683457548 -0.126403340700918 0.327690061744468 0.439496096920085 -1.41059875359485 0.108000595016504
"345" -0.753132699029815 0.172993755152148 0.0905825467680713 -0.357928688138861 -0.0129915764060301 1.1096686966338 1.16169090194918 0.532072949303639 0.989076453177425
"346" -2.78975042990878 -1.54216910065959 -0.607920715184024 -0.526825874900348 0.479954702672064 1.50307797021372 0.311713403361454 1.22181200614906 -0.141595156620025
"347" 0.989008690867732 1.17084188386104 0.210346850615703 1.55300668784944 1.60550236280941 1.20691036133428 -0.241987971253009 1.77040977893477 -1.61160374978471
"348" 1.64206682623177 1.18969513398407 2.25432708884366 -1.10393343633173 -1.30256858852786 -1.89615815846767 1.81690617010507 0.63981446902184 0.409016339517308
"349" -0.59428463166785 -0.171046897907373 -1.16950048827542 -0.302089578919832 0.0962088423149794 0.00238158486183906 -0.247298776335187 2.25935107664581 0.248875101931086
"350" -1.24502911654058 -1.10537227357009 -0.0850499270963935 0.852702761044939 -0.200904300296362 0.963811232058978 -0.99213853558716 -0.737190004646617 -0.837946184657048
"351" -0.959659747541217 -0.160680378867739 -0.910795890522914 -1.07954856274557 0.186984507643712 -2.61657024533033 0.856346796106278 0.880608113492671 0.472373126894581
"352" 1.69826901161229 0.81496950920521 0.600822221499361 1.63245956530117 0.993136470282082 0.710003690145772 -0.323939204533044 -0.855732574449426 0.848702249960917
"353" -1.90988134924398 -1.6603155309509 -1.46617188309629 -2.24105307229295 -0.187777288432841 -0.735553136060342 -2.59692856811908 -0.819832421623749 -1.56089251132206
"354" -0.0712863283968261 -1.17806325558237 -1.37294289034596 -0.590561639893261 -1.07197853564796 -1.49520523867498 -0.352500225475795 -1.14863097661243 -0.382205324193958
"355" -2.30722630977393 -1.68911552266642 -1.20693620454421 -1.19673379335723 -0.709461940366745 -1.3602700440971 -1.21131506061436 -1.64969992232212 -1.22551407986864
"356" 0.6582189124344 -0.493028596419128 -0.285874265680846 -0.437307211659219 -1.15191288569335 -0.668129968642907 -0.284724625123575 0.84412303226739 0.169771085929517
"357" 0.355904786715691 0.114612852394398 -1.08595154981821 -0.372337366736646 0.728779904437463 -0.0561016635348446 -0.903806644103309 -0.622745329349369 -1.40920234128076
"358" -0.230272756694135 -0.705137146477379 0.46925650594686 1.64037906385834 -0.248847632221499 0.295165411045847 -0.208865296401147 0.651085645249291 -0.878949518725733
"359" -1.58604371104953 -1.81374779720664 -1.00458101832602 -1.59514740879211 -1.74784008985022 -0.493341939439772 -0.748211397978547 -1.57752116645698 0.850695111959896
"360" -0.785744974979292 -0.719354353005345 -0.0153687986472887 0.0718351320258684 -0.942605006719985 -0.0656798683335924 1.12027134563642 -1.38042555101053 0.695785253899357
"361" 0.52724881030402 0.772749967778909 0.0976852999030797 -1.59117460630727 1.49545307735455 -0.420528141473487 -2.59653552625517 0.711781536701291 -1.22688036278342
"362" 0.0147281849542031 0.29899232954859 -0.743267960477044 -0.64986842390377 -0.568650742931648 -0.439223774785442 0.280398892782473 0.0947099842913047 -0.210729700536215
"363" 0.385463596447703 0.676909047107867 0.626306288446509 0.442080020903316 1.19669672825782 0.435257010071925 -0.716526600447216 -1.08307535858265 1.13370421462348
"364" -2.15095859812545 -1.06767332552903 -2.06921601760318 -1.84955042840974 -1.2635886487781 -2.44432960105727 -1.12920028181663 -1.06110674256799 -0.261206026624603
"365" -0.663963913060121 -1.12657757824824 -0.712075109879733 -0.897254607138003 -1.00290073870448 -0.800092690543063 -0.685100681025825 0.978730595377169 1.78214639882295
"366" 1.63284905109611 0.967579650199468 0.116345606413069 -0.600589300047042 -0.602148522564709 0.0156958704199383 0.612354905694668 -0.312740946330429 0.17256991323538
"367" 1.9980999214752 2.68031812561396 0.915793414834034 0.471204494035189 0.91921273444641 0.556081202415377 -1.45348158925558 0.348767457077842 -1.65207128031499
"368" 1.49229205479226 1.80815739518437 -0.258165712506617 0.530746682956449 1.69009718118438 1.31900881876824 -1.04399258103584 0.505219277381717 -0.047714933736327
"369" 0.0972865100977919 0.604801266097323 0.397244693897484 -0.929294089403283 0.0320122578667257 -0.0544240992654548 -1.14086053040186 -1.40190995555587 -1.13599896910459
"370" 0.529281022099039 -0.576789316663877 -0.0456547371594207 -0.130874765702823 -0.0344472617196484 -0.574383875361504 0.585048686137349 1.48678774159006 0.845316932936704
"371" 1.41521721380367 2.18404526483074 1.01536447132449 0.236240797727947 1.51793954062948 -0.315342703101476 -0.950262789710414 -0.574180167868439 -0.452798172588334
"372" 1.16659205269576 0.799835919503293 0.373549315371703 0.436017336001774 1.51569718621364 0.536160208881559 1.58563145144751 0.159704427192781 1.32748765339083
"373" -1.30768435713461 0.349404494890707 -1.33989572490973 0.570720919677863 2.09078520218087 0.822000615216507 -1.99326739191916 0.92264228118236 -0.908190052572973
"374" 1.95553918384231 1.66505745062612 1.42239445819939 1.4792964709371 -0.244489722891292 1.99071566660567 -0.165377557736819 -1.47559721217708 -1.27503066974559
"375" 0.714355230365467 -0.0973828319794108 0.135361583296763 -1.88134321428888 -1.24406546023009 -1.00392703375867 0.436903169869017 1.3861969969866 -0.0255816141992478
"376" -0.626617040498247 0.760998260266235 0.0536656094331977 -1.83673477860854 0.0159948255002121 1.36984288952693 1.2924032205553 1.46406469541144 0.648003082550177
"377" -1.36142129699229 -1.20851769534188 -0.72091430128855 -1.67455573994622 0.276507591575475 -0.484006421656487 -0.493758905432097 0.951758016819763 -0.684697744918341
"378" -1.40920172262275 -0.21992921237125 -1.02573534178521 0.825932789306963 0.809167998259915 0.625435803626833 0.539647518326598 -2.26605417787454 -0.369405513569142
"379" -0.110253021000613 0.456249379445468 0.192754003243233 1.56881606266392 0.549437521921557 1.83512075479131 -0.634889510761526 1.68905413297995 -0.28963452186444
"380" -1.03506703390683 -0.294347438431538 -0.309379649334971 -0.729533135434719 0.954654011445676 0.549768001964903 -0.78584134627706 0.24693076762086 0.615143828108203
"381" -0.490088752376403 -1.35746991131619 0.00102127615491793 -1.18664909496161 0.637334737995101 0.254822163839408 -0.10648998675369 0.363241485588575 0.296278206909629
"382" -0.134394387233243 -0.0825446287027141 -0.491070126899679 2.18854254139361 1.24119069917581 2.92187091280555 3.02898947702753 0.403119638773664 1.24974572322392
"383" -1.00556307785912 -0.861867712391592 0.025712501329722 -0.463598460367855 1.17103113958745 -0.21937068546283 1.00855777517468 0.363906002324444 -1.06481569109599
"384" -2.04322898941854 -1.70845352371553 -1.74705165884907 -1.87407161739413 -1.48901641835769 -1.91133356084667 -2.62395664410373 -0.552695688256595 -0.564509384093557
"385" -1.82646184926749 -1.15766248442427 -2.35928506712936 -1.28431776611032 -0.558045186829764 -2.0723143446976 -1.06877448377393 -0.43903408359747 -1.17903065760479
"386" 0.99082332771557 1.48928626409586 -0.0675066828481574 -1.05193758165012 0.862897243649803 0.276759361419812 0.738595464666732 0.728696122490376 -0.0652021602487313
"387" -0.775234414282806 0.699091501492509 0.410888500035249 -0.659746034405124 -1.15136213042627 -1.06459461692907 0.322584351040204 0.264276600507328 -0.543262849986397
"388" 1.95273105055012 1.45046235371267 2.23411634858915 3.45841933160933 1.17350209272417 2.34280971357499 0.780374800582614 -0.546602587407467 -0.451912017037765
"389" -3.25585504396442 -2.29554208913405 -1.01535030179843 -4.36750758650172 -3.8632661301756 -3.04184484768306 -1.41179016484506 -0.368371899927482 -0.0476917212584484
"390" -0.207615474555733 -1.37587935898855 0.457714378464449 -0.208728008082253 -0.761751531385231 0.947942384242044 0.513274710547347 -2.648392635095 1.25502007675513
"391" 1.07417445700304 -0.804435519982029 -0.198292283359928 -0.613917196331512 -1.07781275842724 -0.666088874301232 0.769365893728389 0.175387103110453 0.498575340939343
"392" -0.433294514611889 -0.124025807004763 0.157465664907543 -1.04582239802721 0.426647912956495 -0.914380059924118 0.417292847096848 -0.886672604001157 -1.68242658784125
"393" 0.0769107320245498 0.553058419175246 -0.0989787475754836 1.24485482919312 1.94456806883429 0.811598409600633 0.747666458246716 -0.657925036606531 0.274970879113916
"394" 2.09699786399565 1.38417888475933 0.979839377591097 -0.326443518708812 -0.382828487861896 -0.901211412144334 1.53773989078504 1.68209662243383 0.89291774984966
"395" -1.85020754634735 -1.72520226574212 0.52794358039005 -1.38781881439535 -1.34444498060761 0.816308868541441 0.34869944590879 -1.6714407249716 -0.125408683816355
"396" 0.738982267852478 0.566813374455294 0.37952008055544 0.901647533502758 1.12707273554974 1.06630529796822 1.04868642684491 0.571322488014665 0.371333208983789
"397" 0.125968301955186 -0.479689755476819 0.705769393714985 3.20811506459481 0.199016836772627 2.01432451643397 2.19228635549216 0.131049337426918 0.460549429394884
"398" -1.35281971943781 -0.244395023502365 -1.19927646986818 -2.33876744350875 -1.14036124441544 -1.80577059796222 -0.638530515266805 -0.831843645443768 -1.65659358745678
"399" -0.642424407657795 -0.362041379260187 0.127853168229645 -1.31811109203956 -0.409118557019854 -1.21478344489394 -0.302951538011465 0.330440640851488 0.364592580304165
"400" -0.608569076099371 -1.38298615200402 -0.440996147398205 1.38371512397829 0.425753604812405 0.137711775461958 3.44258629730341 0.509043230056983 0.130934370864192
"401" 1.03933925404299 0.90323666372113 0.310618358465009 -0.920844376315839 0.220588081409064 0.0877711163685072 -1.60632331515459 -0.100703943736693 -0.782639777255551
"402" -0.0328952223487688 -0.83490848789608 0.0502504674561828 0.581462065438747 -0.260839829904529 0.666186134295387 -0.246967550162078 0.424178960936114 -0.655600566840803
"403" -4.43530435213913 -3.7857687396809 -2.3615727857516 -3.33575950978258 -1.44766760694939 -2.80601270522822 -3.66358790929636 0.0085768820765213 -1.33041668554971
"404" 0.596516793604379 1.37187358755393 -0.92402965456684 -0.740191407313991 0.718544139606464 -0.448712756641447 0.104706396940852 2.07681675967405 -0.461675398725166
"405" 2.47820662383827 0.384228982998991 0.378173324504648 0.336824171003438 -1.6769558533027 -0.574864545640122 0.685646809954024 0.551986345342251 0.443704029317964
"406" 2.34331858125097 1.19680235379051 1.14888732235902 -0.191365422969252 0.264029464890375 -0.145489677101255 0.729254441340731 1.96809543294996 -0.676301531776993
"407" -1.95988239138291 -1.92203929974786 -2.56295788360951 -1.28079845010866 -0.808367364742889 -0.787708979795345 -2.92939151446289 -1.9673288751777 -0.427816906289722
"408" 3.11173593264072 1.22276866847772 1.91465041261613 3.67380873199228 2.66079819197097 3.34825794129546 -0.700959308761205 -0.716795234773055 -0.241384055659305
"409" 0.618782655767643 0.246567086903459 2.25353380621539 1.49862352558134 -0.295324677461101 -0.62408120154545 1.51996099938151 2.60221402121654 0.383307402359094
"410" -0.365261099195394 -1.70034403090305 -1.17357743559248 -0.707492437482635 -0.057945870614077 -1.62800781322888 0.445166085611292 -0.254659635269716 -0.384234255700263
"411" 2.51916863266992 1.80031278775633 1.97003067594463 0.96661729623049 0.797445520671105 1.24055636322497 0.528083005334937 2.0819673787106 -1.19674033457689
"412" 0.389421377176096 0.279751495947958 0.540032225279853 -0.27626431952977 -1.25668551134083 -0.0273730927718699 1.60128651130581 2.47875095615602 0.530825574475971
"413" -0.427909056486521 -0.925135255961771 0.171577957957297 0.0779282716594123 0.729222437596514 0.659098347545066 -0.156076502771427 -0.00543559394909138 0.220106418899973
"414" -1.47552692824974 -1.22211890483462 -1.10060409266207 -0.570613750332011 0.200843923453212 0.0917110690762202 -1.4032583527172 0.128280894739735 -0.547541113887961
"415" -3.24484661290869 -2.63896383542236 -2.00962184538305 -1.79895917501171 -0.43238150637412 -2.0306331209046 -1.42254232937665 0.729827803684796 -0.54050987093376
"416" -0.919995227625785 0.0562219309868437 -2.14008459530364 -0.817005714371386 0.295357595908884 0.102979520842636 0.561466976615029 0.175455632319025 0.10086156903231
"417" -0.422888479326871 0.0635354615265365 0.100906444724475 -0.58523197523138 -1.1054569584025 0.144907617010116 -0.178533036795542 -1.58505773631046 0.179003145198597
"418" 0.388534133722093 0.640839663623731 1.35282813692004 -0.0125141252528378 -1.09711871012985 -0.0595625208505302 0.460116699404566 -1.1060364484428 -0.711114937684415
"419" 1.29901875716538 1.59910216598754 -0.811685780799173 0.840355012971021 1.02290048426532 0.619328612454789 -2.06908018475136 0.392998281857974 -1.25203370717054
"420" -3.23207369632281 -1.46323938851638 -0.823348026253647 -1.86601104631475 -0.885626851292694 -1.70230833831873 0.109791634285284 -0.297281731494685 -1.00891258442311
"421" -1.58485606965563 -0.956911673526869 -0.11510673097828 -0.604445215239271 -1.33979362718416 -0.244476696719944 -2.44512314008941 -0.993618898871047 -1.11075659154043
"422" 1.34338988317837 1.63242123208827 0.21267165676583 1.35523793803907 1.99770833160948 -0.107822363651745 0.317661516789317 0.966324683007385 0.0662567107440996
"423" 0.437598566520322 1.70220459366697 0.772426523349655 0.870925287890424 1.19100380137951 -0.550962091602997 1.29576683203724 1.19662683095852 0.109016737228992
"424" -1.27821807355481 -0.656449362522741 -0.229011354354474 1.194746662619 -0.412390939759416 1.35400877753591 0.753045405546181 0.283581726043498 -0.11207679138705
"425" 0.271230595849528 -1.0621437064978 0.0855674945659001 3.24707422973648 2.42185370067333 0.930810027877042 -0.30878920582654 1.45425256199922 0.112456047828634
"426" -2.94780749854369 0.213656502130569 -2.28042744380152 -2.3876715030744 0.350580759500703 -2.80149908154096 -2.85855427252991 0.506198589075244 -1.70162833035716
"427" -1.76061633803428 -1.99642069190303 -0.652657134028146 -0.910514616022261 -0.664970596233885 -1.7143890536306 -0.655481824589204 -1.90282878582142 -0.200553341957767
"428" 1.10431640093196 0.381953759805248 1.11491619880496 0.326757527136101 -0.70432907305424 0.5239728638921 -1.4997478640954 -0.529012800197765 -1.10625692887693
"429" -0.478022155806885 -1.34158314832238 0.0346370545086934 0.135070603131737 -1.20811088898735 -1.10299618274344 -1.41779387188532 -0.199277819786555 -0.459120342789927
"430" 0.817413734793956 1.10579488384136 -1.12832525211362 -1.74031222855792 0.30927113704634 -1.07827511269498 -0.00413018927862702 1.67777692409902 -0.183820915105251
"431" 0.741065609046596 0.290234413308437 0.853362378563957 0.346094704399261 -0.0233380402823535 -1.22756838962691 1.55507658541014 0.152480336723509 -0.194455824999924
"432" 1.56810710560983 1.84213522076289 1.32709885008961 0.854333409313218 0.0582414770333993 -0.71331893467889 -0.0036035567860309 -0.185848545512936 0.860513514113185
"433" 1.91192304601565 1.92394149056285 1.71203556594626 1.55927293664023 0.907939023313106 2.58973719694712 0.375785651502998 -2.34591444049791 -0.234424441319102
"434" -0.607561398673458 0.213540189470676 0.408416639219047 0.951797914404758 0.850846330629382 0.548585355014163 1.77313947945659 1.30517389717924 2.58512378116092
"435" 0.277545759617669 0.431327165763017 0.312644312169602 1.44987614191921 0.824404605860654 1.0627634076491 0.474534136273077 0.518034518971998 0.315891537035823
"436" -1.99531861347955 -1.27323483561368 -0.674970307304328 -1.44789437731775 -0.302398861399965 -0.339711306821182 -1.76997864791414 -0.767342838543968 -0.185738452879534
"437" 0.766397447556722 1.96165280928382 1.67909621757968 -0.651665012014514 -0.850146700357073 -0.566285133026511 -0.500318653393798 1.21646790296708 1.35977174611486
"438" 1.54356393359481 0.479199476863114 1.29217092338523 2.13783830803244 1.70940389584077 2.44161167717965 2.54422077663311 0.271225860887509 1.95975034580139
"439" 2.45160673069171 2.45108352219124 1.41998610647183 0.745889201353037 1.63656494064899 1.1335644851489 -0.801218670482895 -0.235514137252395 -2.25252829726956
"440" 0.203925881908575 1.37242792033714 0.481059314434068 1.53892243783182 0.444787574456326 1.47161473286805 0.39911787310647 1.49960090872662 1.18499618906457
"441" 2.17395925102027 0.791522814864587 1.38168007729702 2.77826088792748 1.93060699920711 2.72533146976104 1.63157126101022 -1.3341812813505 1.64905402296608
"442" -0.658187295625956 -0.525364240875151 -0.569208981509312 -0.937409304448114 0.264096412939357 0.37270258143307 0.782655960232007 0.645535877232497 0.264341120764276
"443" -0.353368079100305 -0.890962481229763 -0.0902768507166222 -1.85472469922203 -1.49047174875639 -0.891617029500978 0.814811139819947 0.0678282145161086 0.253905743162077
"444" 0.120107199461185 1.21193089318844 -0.804273189101417 0.717976943837282 1.88361153025119 -0.208214789728593 -1.86515595648824 0.825409008961283 -0.349737878330874
"445" 1.96801960907618 1.45402861054158 2.52438660018715 0.393354952640415 -1.24086236899412 1.03046943680424 1.91737735850166 -0.748342550884676 0.88344887467455
"446" 0.368439593982595 0.0475919752377121 0.787937712408895 1.34807490438757 0.197293790650397 1.10494620345922 0.205983861155551 -1.59563429254585 -1.334165752839
"447" -0.900031571861842 -1.92602833438162 -0.156554700946889 -0.868023182122615 -1.46438287356853 -0.583446002454593 -1.25827943831081 -1.75662573018337 -0.774700702277426
"448" -0.216845202599417 0.600385975383701 0.774874068888768 0.5248206036472 -0.72838630385593 1.14320468302686 -1.13463308605316 0.821992785365057 -0.62630826459493
"449" 0.812596826914486 1.75354943195935 0.855669753762848 -0.48545519894036 0.189879229219985 -1.4491394406995 0.929673574075136 1.42929315181766 -0.0976478314740797
"450" 0.485549668012601 0.672155403602441 0.0127031011838427 2.52104285495979 0.200042366806094 0.766828637729394 -0.777842186349236 -0.842583295403144 -0.123716217131648
"451" -2.16427221201712 -2.18152122416102 1.09981009664026 2.76983007142702 -0.416953515172907 1.63470193771689 1.9270164067733 -0.942609304524086 1.92175156769083
"452" 0.46392145962799 0.270766775836771 -0.0367463423863666 0.130356375283675 0.670500667894237 0.965729195361594 0.690370080480065 0.205385009820636 1.80000214176425
"453" -1.11275617327992 -1.27751697380945 -1.40082814245094 3.58281667073681 1.77422863580157 3.1720719058653 0.544010187109985 2.58132280868204 1.26671214864973
"454" -2.16949123787233 -1.09125055831943 -1.17751906935359 -1.27558973350163 -1.1851140562556 -1.62750869157303 -1.50631815383421 0.684282759770455 -2.59935235865692
"455" 0.523476952028383 0.926276146117721 0.572116935230898 0.710971184756059 1.37267318789543 0.330446176012724 -1.44042006451513 -0.367907152249001 -0.975456889689119
"456" 1.8191893658462 1.43757625013598 1.26030179264738 -1.99109907249034 -0.660414748850623 -0.996507578656579 2.79856674124839 0.452599468670411 1.4688235117618
"457" -0.522010224930486 0.0582622707512707 0.415722598166157 -0.51976746723341 -1.22690923923359 0.293947018071605 0.197240252780126 -0.883093696303336 0.705048997791655
"458" 2.22475931797977 1.33007991713911 2.39333575236569 1.01010558026913 0.519633083239993 0.521024765585475 2.97760012524963 1.25073831238867 1.65569020063331
"459" 1.64472638882693 1.16872511666477 0.900333926652133 -0.292873650299797 0.611355334931112 -0.52722403863499 1.36318134357073 0.707524594394136 -0.216942902679232
"460" 2.83762284049345 2.59581124192113 2.28931534531157 2.62713129997607 1.00320134370244 2.14081098347368 1.61073346123353 0.648035655081086 0.533151450153637
"461" 1.40457757896347 0.720332005299018 0.173908130545737 -0.42925155264574 -0.53915764780111 -0.570249338976904 0.262959131247825 0.601990617450615 -0.850092232015956
"462" -1.1508739947166 -0.25682068727009 -1.62627911017776 -1.09679765193566 0.390236009462459 -1.47140291099784 -1.60449822217151 1.01068262393824 -0.975046092237003
"463" 1.49514316417717 1.46322394308956 0.323980883249914 0.0174420113832434 0.179550214839456 -1.06055904733142 -1.05062135211646 -1.2193196828528 0.0640344764497082
"464" -0.381058637420857 -0.546186796830235 -0.282615647513414 -0.0813557165895477 -0.782345650913013 0.245013089314748 -0.115474610487809 1.10176840876515 -0.558042941650261
"465" 1.24932181510817 0.690356634448499 0.600058405518517 1.15659101345621 -0.817242417967216 -0.462703793317086 0.464426747383466 -0.33074342584458 1.6684565089099
"466" -0.695037124309055 -0.958393420785342 0.269018702695443 1.17240596148893 -0.0698880688168638 0.973837771137451 1.69780465223516 0.130448609442633 0.205565117337693
"467" -1.02943134987688 0.38687863513668 -0.791963864279442 -3.28041753402734 -0.10088681465414 -1.69259493656851 -1.13801755807598 0.739755352900956 -1.72880620743513
"468" 1.33044885172154 1.43137521371084 0.946274170282621 0.794547074106218 0.532267107867058 1.44389546755772 1.00423201198113 -0.635027075741705 0.865968451132997
"469" -0.123540798667705 -0.148035688780369 0.000283284750205254 0.0439328416022643 -0.655720270318287 1.35856894038392 0.0329745475051776 0.431004119503241 -0.245881636940959
"470" -2.62235059093726 -0.710540676279698 -1.71353410536128 -1.07679232216609 0.0915877119905059 0.112471593344985 -0.40953367564508 0.97384060953113 -0.342255269381976
"471" -2.74821369199881 -2.32546209166712 -2.21406278735869 -0.850888208494133 -0.922639029779534 -1.27532391068117 -2.54888402478824 -0.573708459150634 -0.858769149076376
"472" 0.645289449887825 0.873285168909879 0.50750543352116 0.853624825615704 0.457996303968113 0.919939540305739 1.43544495144557 1.75970820629205 -0.579999470808631
"473" 2.93480953566575 2.35316261863909 0.745067726581647 -0.0201384773315207 0.319186191370534 0.700099436755806 0.671615682099838 0.567603614955055 1.05661869580456
"474" -0.308620672833201 -1.30118210550727 -0.559732541222975 -0.882758447328803 0.464027330959842 -1.23173916508862 1.53117679494309 -0.93953073069888 -0.168041523025604
"475" 0.194757849227905 -1.49597565915848 0.81653087909711 -0.447473714719922 -0.274020296719002 0.0449533526819892 0.143142608719316 -2.10305631201337 -0.364763025396276
"476" 0.238550493000339 0.262109307507545 -1.32386393973388 -1.12561045181472 -1.53154842809514 -1.29567830734733 -0.274830990337982 0.371370804451457 -0.984743612514011
"477" 1.06243366420338 0.890621762172126 0.623695040157564 0.976227716075984 0.902850585494958 -0.261240850610689 1.86753796079593 1.32076618732246 1.35037205628335
"478" 0.197477844668608 -0.0323638109027611 -0.103567892350502 -0.326041286920622 -1.14374681196864 -0.166646120163688 1.75025756379335 1.70404495221794 0.839342164683158
"479" -0.119049550280719 -1.28922622128285 -0.649408218127023 -1.27352753401787 -1.07770746153791 -1.39945821349944 -0.592516328297463 -0.207616036367137 -1.73681084369664
"480" 0.893952912598444 1.49409981165906 -0.949775325848337 2.28456688881427 1.58121550916398 1.76130803085783 1.37223524182486 2.94304775897931 0.713358799567539
"481" -1.54625666217368 -2.39986922406431 -0.381247853336621 -0.324842358279753 -0.747219815564664 -0.499013766712496 1.4675296567231 0.106936669907419 0.129877083890185
"482" 0.74052918510076 -0.310139485502203 0.443056882348743 0.0801337158689193 -0.301521798641805 0.475334657538645 1.36647785233138 0.840226147094786 0.277347543208837
"483" 1.70742250692673 0.328488030706966 1.58684414753551 0.245717472892556 -0.294056819459137 1.06825756338903 1.42242790159606 -0.245931658053873 -0.275503053411991
"484" 0.447953301806599 -0.252688737416853 -0.95301467893383 -0.156480090960919 -1.5666505066506 0.148835048690269 0.61115375101479 0.324623455935897 -0.363088396036336
"485" -1.25897625793515 0.250824741183799 -0.834413615862094 -0.725116025740647 -0.143109347234743 -1.06799703724282 -0.9728621638831 -1.93089301358361 -1.4718730755203
"486" 1.35136914534552 0.904468988909189 0.327954932543399 0.76899362833609 -0.547653891749822 -0.15106794668248 -1.58069840331776 1.05977007626994 -1.82405186150492
"487" -0.183141484517863 -0.744431835471799 0.0729609638127683 0.433345306656848 0.048076264803007 0.620246887892784 -0.489927697269507 1.31091090350005 -0.723015283464516
"488" -0.908197714419252 -0.824827700740896 -0.935935108294263 2.90583636447286 2.03753228796539 2.96368912199179 1.22673202345076 0.410099503172756 1.07930675875222
"489" -0.411794953523431 -0.604230156403121 -1.21907038536447 2.0438265062659 1.22126661803814 0.628021537873145 -1.45162462959451 -0.7037713905096 -0.60414365489038
"490" -2.31165667027631 -0.581944544751043 -1.18653198190822 -1.5396666079454 0.0926290745165848 -0.555001786462507 -2.5028818436504 -1.40154061383087 -1.07531875024965
"491" -0.0219523583399102 0.464837112412108 0.312835824563127 -0.15304933638017 -1.00348520557259 -0.165170209253877 -0.0496426190774378 0.167430611720267 -0.13127876053755
"492" 0.60040134829301 0.743748125994368 -0.381439504198127 0.977059512495509 0.898926826341987 -2.56428053229616 -1.9431958173708 -0.328393424865103 -1.21358522967299
"493" -0.179058589662903 0.842339735661188 0.431135426898464 -0.480659089096993 -0.90059113168859 0.205531133945981 1.69674362195834 -1.57039688224473 0.338558137553384
"494" -1.12219468504297 -0.818795153813439 -0.567013835224111 -0.229930996579175 -0.656668120160169 -1.19170934555476 2.35363832509882 0.7416639467171 -0.203312044501752
"495" 2.42013220547613 1.18795906948524 1.06341979813778 0.195145676283184 -0.614623309084123 -0.890485733201204 0.961408491665242 -1.23786069573694 0.495608021658407
"496" -0.833128086271127 -0.261377129294149 0.615160784696033 1.69280297774155 -0.452958526055682 0.373053055975877 0.808687754013728 0.913264540006712 1.26714947014456
"497" 1.33268968565395 0.979567555104674 -0.763757415228829 -0.540598435366287 0.789679796720721 0.644777703697579 -2.67427603127403 0.241038865836758 -0.592019945514547
"498" 0.324089524378262 -0.0823509699070349 0.159527228403473 -0.841833191819595 -2.03708220702692 0.286967739163252 1.03751968403375 -1.71834971815843 -0.376434336237001
"499" 0.294795071209849 1.42240371463553 0.328060851564844 2.47315777592582 0.00556115137144364 0.870519856777044 2.09741370890499 2.27620478898561 0.225018962723291
"500" -1.81734447230011 -1.62484760912363 -2.35075777239588 -0.467815255418043 -1.61285580384876 -1.30455404494667 -2.31779898271343 -2.41589974108514 -1.2961271674924
