"V1" "V2" "V3" "V4" "V5" "V6" "V7" "V8" "V9"
"1" -0.49010564643518 -1.20195390702651 -0.514724612913525 -0.590750029097893 0.098895930719582 -0.412807903349529 -1.3524610961516 -0.32519147378029 1.10874146049701
"2" -0.217583153670774 -1.10486152937228 -0.981736099190701 -0.0878930816720503 -0.221444565114644 -0.322681358800814 -1.97684165114541 -0.767877492631841 -3.16278418448405
"3" 1.29504598555243 1.79994883328146 1.2511609113538 -0.289320639585395 -0.54181145369978 -0.211268633556352 0.558397812707293 0.808582958818067 1.30193720494697
"4" 0.997226733841161 0.338839508879508 0.136965155148328 -1.47320571938236 -0.105480353384955 -0.682690202206756 -1.04950153509084 -0.215579494007008 1.05590062938848
"5" 0.572064060915368 0.424966422264022 -0.243753379419054 0.971231714197071 -0.84927264346042 0.131100626450621 -0.557487512614833 -1.12183579499443 -0.406558763077985
"6" 1.3219570417362 -1.44910322436758 1.03940456114401 -1.7250056507164 -2.03996989842846 0.204062421006789 0.655227630789547 -1.20201256987211 1.43085552152527
"7" -0.660940800389808 -1.72638486244917 0.0371328038125806 0.249261745390639 0.075929947736728 0.814540474080915 -0.641310574372351 0.48153662818052 -0.0615560555486627
"8" 0.778293218546767 -0.0494439999566694 -0.44571305626398 0.700793463730507 1.57391713119861 1.28458454110827 -0.693028975775156 0.147145614981439 -0.673307100705495
"9" -0.20581627290321 -0.27734359872652 -1.03132471538855 0.138585415299675 -0.435118642926545 1.0312991897758 0.570993607584511 0.53368014413317 1.02280828868241
"10" -1.53737197342799 0.0213359278679944 -2.67573166114964 -2.89677640644961 1.01350004856213 -1.86963287974733 -1.62839889337155 1.44744091004986 -1.27564574545429
"11" 0.0119656176686254 0.197738920146702 1.2804274685573 1.63191180514846 0.175934581874689 2.1369939416766 2.32028185288353 0.214341578812879 0.89212685632155
"12" -0.0559978096938607 1.02839902221017 0.871983638357815 1.11083956517149 0.0676059798498444 0.468471935723943 0.121771921470516 1.04045006256703 0.56556274891585
"13" -1.17550442267917 -0.71141198692029 -1.13352554397124 0.250140535623112 0.428770327419663 0.0916879893819502 -0.698852866159271 -0.732414663626871 -1.19884679102227
"14" -1.2464343510127 -1.42978917357999 0.161176073803503 -0.803423308454421 -0.654421620110743 -1.50341641166088 0.98568392533615 0.47686132928477 -0.0922510880005717
"15" -0.0223836508168498 1.1715440613836 1.15119014258822 0.734934878512327 0.125082501605157 1.05426182677377 2.04467032583183 0.533978645608029 -1.21453211080911
"16" 1.22327507853488 0.264817897014033 1.40334716091421 0.327363495300185 -0.202172049258175 2.44469382592452 0.588102205511447 -1.70311884249257 2.26202425130702
"17" -2.21322289279982 -2.44875945040412 -1.00825914081012 0.368189469045352 -0.45549009045199 -0.208719883634352 0.102988511668063 0.848935995836544 -1.54656809481858
"18" -3.32554311406073 -2.17258475846123 -3.19773635720905 -1.70407097958971 -0.3778519449757 -1.52489388602311 -2.20822151412976 -0.273610403477592 -2.4722683988571
"19" 0.194379238339879 -1.14074325595018 -0.669074115132124 -0.60087977669608 -0.0914414980609178 -1.08719269446144 0.00468867890442143 -1.0233256182197 -0.0646531645946921
"20" 0.420606171722838 -0.811053105636119 -0.0173294708698861 2.15546147099487 0.568917364711627 -0.033367519320465 -0.535435420257741 -1.23927882132028 -0.0998702343230909
"21" 0.367248453778546 -0.552350338286078 1.73436991080574 0.584368370221232 -0.687598333438697 0.89380226324173 3.64654164898014 0.661365353646101 1.7126812877346
"22" -2.03133103193952 -1.97497736416349 -0.532514832974699 -0.381279472851734 0.193824641559549 -1.00407740096806 -2.07263602402101 -1.65050035290221 -1.84112202778477
"23" 0.297407207665534 0.246763670630951 -1.06501599188068 2.10826290482569 1.33803239933377 0.945460233568506 0.801514216435965 0.954621976557144 -0.705609345536276
"24" 0.0184983489716605 0.491528614818439 0.387809290836073 2.15280962040082 0.342140505705914 2.45869913514322 1.93861719373509 -0.598682331762146 0.6881923707114
"25" 0.2054906233582 -1.10517794392625 0.981808207318802 3.81533986946532 1.06024852185172 3.87240468561588 4.41138227377952 -0.745193496820053 1.52617141026777
"26" 0.758438280419975 0.244630063087386 1.48579178957643 1.74654069798817 0.126125177502245 2.0384112515452 0.571283506216105 0.586246001196363 0.456133791566351
"27" 0.149459314325743 -0.782908807102722 -0.363042412243311 0.798121238682661 0.313260930602549 0.274726901044977 1.34968428368954 0.296983817464187 1.30551628846786
"28" -0.0310179360713162 0.336928397351331 -1.22484173433446 -0.532277334947247 -0.26445163839294 -0.0610655200861378 1.81236053894647 0.55469622603477 -1.34022313298141
"29" 0.0840798649274037 -0.594765888126203 -0.891618925134439 -1.19635533757176 -0.379103147912553 -1.50500413402197 -4.43792530101913 -0.0240388089252679 -0.946732882619491
"30" 0.857187293952784 -0.72021192435352 -0.222203771900092 0.150137254594007 0.940909770707019 2.00804994877336 0.0496671381433503 0.305392197326245 1.67960272090388
"31" 0.254781152426343 -0.133669470249631 -1.16185209542195 -0.256534894732908 -0.556825546619161 -0.394412975911547 0.0795789457254373 0.160946644181601 -0.550541279323039
"32" -1.53204704385973 -1.10471055023256 -1.38369918803782 -2.18641583578962 -0.595468495985587 -1.63662966177885 -3.49410690480577 0.530170307187232 -0.130758660159676
"33" -1.37589604051291 -0.60339633615178 -0.247308842280033 1.87221379967513 1.42997070160808 2.5423653997157 1.89876898260047 1.47419784463886 1.40155822718214
"34" 2.36680997852717 3.4017376579334 -0.503935820557582 -0.178902500322041 -0.0339140328645229 -2.37589352129165 -0.107519521802285 3.2169454799085 -0.0587288403257394
"35" -1.35502465795206 -1.851340661355 -1.25556076057701 -0.158105840216705 -0.973240492371301 0.47734714920535 -1.0869612023499 -2.4173362161565 -0.629634789813475
"36" -0.841279560604162 -0.416731902184662 -1.49321237897358 -1.55940572284664 -0.127430119434724 -1.27866283816701 -3.18856479212103 -1.22405496115653 -1.73923928650298
"37" -1.27283042014565 0.600624893233851 0.69207871543304 0.361445843790557 0.285293918465626 -0.819714420192143 0.412249686434335 -1.08947362588389 0.133985649054524
"38" -0.193839922831091 -0.256091243521663 -1.53971956477216 -1.36625422361332 -1.09534932860471 -1.52209003457526 -0.741045396373198 -0.714913927062468 -2.25143662785901
"39" -0.842832244890152 -1.28216389385789 -0.97983727778656 1.32578041560771 1.13064406160039 -1.24245275849743 1.0111554154138 1.0482901454442 0.0934918641525735
"40" 0.502990394381268 1.45175976112062 1.05803655097548 0.368116688817925 1.19957699402929 0.539815642073008 1.08693813806642 0.584346984762866 0.758668820819695
"41" 0.0846223602325669 1.24441763513552 -0.489057594355589 0.109012063560234 0.579467335084016 1.44277484276786 -0.132732050802106 1.63222858872004 0.2509515627132
"42" -1.20040718243522 -1.03679543209734 -1.12029049676543 -1.92942792725114 -0.18931912791503 -1.85744660322131 1.11738087849257 -0.461536480681673 -0.321718222313344
"43" -0.204535573789837 0.270010923746723 -1.10919986625691 -0.220233679568077 0.304580940597471 0.267158924467512 0.928174524520825 2.44177867720984 0.633730947985467
"44" 0.585684956629128 0.0299615380116876 0.0855521991979926 -0.682013398715929 -0.132487277618993 -0.160357808612976 0.801463928592451 0.674750775445416 0.827373485600816
"45" -0.795117554693475 -0.142757585192557 0.00724737021353222 1.68628494030703 1.36669297094767 0.17025404712402 1.23164517756701 1.92627577606575 0.0923261917859133
"46" -0.955326807417308 0.0826805152260222 -0.161185071844229 -0.673888137254243 0.158438719092373 -0.166352310518297 1.66993090930037 0.45132771243108 1.03491651222501
"47" 1.26226441934937 -0.557236746819155 0.594725824493733 1.08322771826814 -0.356785928219587 0.582997386031969 1.82825326274609 1.60721272129384 1.36771753810771
"48" 1.08336313973736 1.10191764070716 0.438673101563327 0.810334995401473 0.805126288365133 1.4235195590099 0.369378158557761 0.338015846781836 -0.271375838425054
"49" -0.838702710347688 -0.02051048021471 -0.258485300640521 0.734276183094342 0.607442057405922 -0.0249574662800067 -3.08915208754486 -0.156871242988533 -0.316370035003112
"50" -0.976918715529671 -0.853447787005942 -1.06354705832559 -1.26270544271188 0.0410730224916787 -1.30441172951518 -1.27797737464503 -1.01162373721299 0.881700432699124
"51" 1.37552167028318 0.973520332900913 1.67127138753745 -0.329874362914312 0.0774863665801769 -1.63223502511111 0.881733411729148 2.5985041443696 1.09390496099772
"52" 0.259806260627477 0.364865244415775 0.871414748876119 -1.87205285257354 -0.428763450016518 -1.21503629383179 0.187083981712025 1.0649579300425 1.64429725498851
"53" 1.30286086398385 1.1688806407032 1.30648213974715 2.0338844137242 1.21682920023568 2.36795165056909 -0.509437505993346 -0.341199304388906 1.34162677136007
"54" 0.614512812617191 -0.343803083039021 -0.230289408716207 -0.534635892003722 -0.792295935338609 0.107302252606745 -0.123856041138217 -0.513565719517386 0.912377467835625
"55" -2.53301986233432 -1.13125730756253 -1.11530896954027 0.239906108530618 0.851602546189856 -0.0639656000707658 -2.10456452159484 0.474256583627732 -1.079155515255
"56" 0.289707322262917 1.23888746263658 -1.51396511170231 -1.97595948322955 0.947699495345812 -1.85726381212866 -2.04729372629869 1.48016074262882 -1.62482136301618
"57" 0.852464933529921 0.482828247646465 1.42250316745619 0.0345685138685608 -0.245740361128412 -0.0201684834561331 0.443046690951863 -1.08461406349443 0.136258234951573
"58" -1.14830907119297 -1.55518967675336 -1.46223773847517 -0.641627476788971 0.0449688004309043 -0.580091603955505 -1.23319363548438 -1.00106581385768 -0.594490010920174
"59" -0.910763276952542 -0.949347905716544 0.235231383112964 -0.0270454242327772 -2.00273927410327 -0.65653645274473 -0.997317098528275 -2.24854164431802 0.616360720161071
"60" -0.222347653992606 1.64020112452655 -0.929777453245926 1.8412403685384 2.81198137853771 0.702654966513672 -0.577204888151386 1.60252414193796 0.111104210127701
"61" -1.03730912704641 -0.34781793304951 -0.346120121463053 -0.885324749400431 0.552846992155253 -1.09816430228082 -3.07415650497956 1.02208886096077 -1.23964219748426
"62" 0.0377639983036457 -0.271702972626796 -0.15115758021699 0.473605674103034 0.535213407745595 0.436927285511675 -0.205186967575819 -0.222389617250596 -0.508851725388458
"63" 1.37105418294352 -0.753886675988812 1.08727402799358 0.154168661993547 0.265354613900118 0.567221467877461 3.30123361402958 1.39766033041774 1.45660894485561
"64" -1.28781539443994 -0.401019692119644 -0.416765575259549 1.5950733194733 2.13449219696309 0.487060070360299 -0.197219388210204 1.65615087709555 -1.15002391702178
"65" 0.704942076422409 0.244039197593901 1.35248582179125 0.816898608514194 -0.223306035750834 1.14507276264349 -0.710981022404066 -0.102310021630543 0.18340108943632
"66" -0.916264415844098 0.0609797330332682 -0.459219380051061 -0.179800610475362 0.349616745193674 1.96387041936847 -0.666653750942514 -0.203632132721551 0.473889122406785
"67" -0.376780958841759 0.860222229051303 0.19448122953609 -0.956100639787081 -0.380591793848106 -1.33154248677334 0.225182375705862 0.832547692201346 -0.61560298675998
"68" 0.656820919011924 1.48725626136156 0.333937200531391 1.15171235462552 2.08595380673577 0.27517654150038 -0.196908474608179 0.451718247761683 1.37233144316359
"69" 1.6787685907053 1.04529677637132 0.196586897757289 -0.150103717353585 0.733860449972204 -0.47787699849605 -1.07220562262738 0.113248269024359 -0.921349499262432
"70" -1.59748517932345 -0.599262029928452 -1.63883884882315 0.869612084127721 -0.283559382442957 0.301588086126282 1.11344077770287 0.48131681179664 1.00366726642057
"71" -0.558906574779523 -0.359611908817363 -1.08278710869471 0.033705461508021 1.08467959650495 0.345371548014782 0.120814136699297 0.419555205915971 0.288247484647202
"72" 2.02225102470062 2.0225697575089 1.84655840142782 -0.764964690850713 -0.677258769099312 -0.578627772981195 2.30234866083718 0.210628444075924 0.496522283433387
"73" 0.843663686553061 1.53039594740947 -0.086144207869536 2.78607960614319 1.46788169247082 0.563871109183834 0.213183926713737 -0.314132492912314 -0.642600208709029
"74" -1.76609055894099 -0.302945241698052 -0.961617674468786 -1.15430196095601 -0.841043269700703 -1.54650817750585 0.255766542987777 -0.445587326267912 0.14158037612232
"75" 1.6351780615761 0.48174884766248 1.53781599400553 -0.580099725588781 -1.16577194549242 -0.0557711644679394 0.648605079454081 -0.154460970823767 -0.00663680290129376
"76" -2.24607350893313 -1.46509565017188 -1.12074047172065 -1.64443336778234 -0.584429675175536 0.350291530706878 -1.4476951638529 -1.51302179456106 -0.913848422845821
"77" 0.624657871756682 0.689962629817606 0.486564586940679 0.697588707575012 0.515806348819768 1.60475748948973 -0.235611443357765 -1.10726140092643 -0.0397064993018325
"78" -1.0278089463222 -0.23053528302935 -0.772998356829887 1.08354201707183 0.0965580466162837 0.443629292395761 -1.09185438140211 -0.803596016855045 -1.23364226415494
"79" 1.29554272236176 1.79096134618767 0.427730429116225 -0.394083547534278 -0.66493081989078 -1.71932836275799 -1.59416510791644 -0.374196770540398 -0.65413684694613
"80" -0.0380112653027355 0.0455213767534451 -0.43370051181361 0.143605368173036 1.63679494290317 1.2027505499732 -0.450202723848276 -0.524427238456907 -0.477402169040599
"81" 0.0073747343697963 -0.731653362976115 0.97427433583659 0.293446605761199 -1.16844072588947 -0.486052986046982 0.00603440496478644 -1.14818607191033 -1.52566461400798
"82" 1.08975496666205 1.34657207453107 0.241489096221309 0.97137001533208 0.553577321418165 0.938299806136121 1.40251647363909 1.6515139454465 -1.44245936452692
"83" -0.0016922161263237 0.866870858605229 0.528903705310939 -0.252390557835567 0.967428391810837 -0.934503317912173 0.487054765625886 0.549238685485955 0.603160417553541
"84" 0.55280843905893 0.323533086116069 0.753304903387923 0.682677425379 -0.390212805340582 0.313199781902474 0.088501799824854 -0.682529761525298 0.656182927470736
"85" -0.457322334671759 -1.95514657630123 -1.24016021971695 -0.328574284141441 -1.07104506316267 -0.845937052302896 -1.86092731116991 -0.832443586781748 -1.24140320169672
"86" 0.299713785678021 -0.542663536076638 0.223264296202002 0.927384977910018 2.01244380601212 2.13951369196932 0.662465884462307 -0.339359419868741 -0.60028439393781
"87" 0.7531203172154 0.83391997130253 0.531877450206361 -0.833593524554275 0.45179274185216 -0.741509334856017 -1.67602755816857 -0.496106500763173 -0.439756321445749
"88" -1.71818899851679 -0.478846604191553 -0.443673076384728 -3.04372304012346 -1.62528137028272 -2.14979863021637 -0.23826985229076 1.22532230384933 0.0946359837002353
"89" -1.946262858478 -4.00482500418398 -1.40388556853861 -2.16150353073472 -1.66251727932461 -1.72724933105585 -2.00803379888458 -3.04679460246267 -1.81413201117537
"90" 0.377260176539837 0.646345980867854 0.355226668353633 1.52423961019821 0.672274105570177 2.06099779848286 -0.629662213164721 2.20246222032116 0.703056798292127
"91" 1.08839508283858 -0.398438256786819 0.443189898646937 -1.26622653012996 -1.02580117397984 -0.318745815323287 1.49119387077901 1.04365481190478 0.92193635463822
"92" 0.333155226663234 0.234245240029682 -0.12404436366425 1.46711052640319 0.522346620419726 1.40093390351081 -0.622998653902685 0.144626792085209 0.663663342475964
"93" 0.151655165704579 0.469010261840592 0.941731905836001 0.767481820907482 -0.294182251822458 0.611091459341499 0.248627583995335 -0.0792808516479423 0.475318320546051
"94" -2.22940772282615 -1.19145603004092 -2.09338814582249 -0.887199971533196 0.32457568310954 -1.73754741530938 -3.91984147174183 0.311319783838682 -1.38314632563611
"95" -0.38543518235668 -0.386342028831036 -0.629448980943842 -2.3717199103601 -0.296913920349478 -1.13448466097949 0.910522841694422 -0.155375846529807 0.874206287360071
"96" -0.337069203208986 -0.489729545770185 -0.380453346967428 -2.42515766181222 -1.40165606667431 -2.26893832394903 -0.461586973022816 -1.09102865390134 -0.0402712076145751
"97" 0.178065499094668 -1.15233779912012 0.699325174274373 1.3830419509635 -0.131242918102112 1.9566397902674 2.12557314029122 -1.10606641127007 3.18594938201217
"98" -0.130946582529859 -0.172098326060841 0.573389810384437 0.503502744414037 0.164634037766387 0.384586256521411 -0.231063443430217 -1.16973163782767 -0.606359253022093
"99" 0.0299575273822321 2.50306065778065 -0.213932853235566 -0.599510681266207 0.627354114042935 -0.473175781226128 1.40736974358408 1.56356798303051 -0.823957162419704
"100" -0.19186767806516 0.812016444058566 -0.157055071288557 1.60097029343657 1.32413007918069 0.599949614089165 -1.61242778479856 -1.00033016310866 -0.59356217512997
"101" -1.27208224027251 -0.525402236643888 -0.509253249462321 0.508767593893856 0.590302278436302 2.05499445045187 -0.26066867469031 0.217211896892607 0.0601898884953183
"102" -1.14002161139283 -1.70108590632694 -0.906640138606561 0.683058730214744 0.503727131495974 0.806858447596703 1.71820845552962 1.07430496118824 0.417558225446967
"103" 1.57100529085815 2.04706389770648 -0.313875157353224 0.137002210730539 0.0710719226061862 -0.173155974571855 0.411062755721091 -0.405325838978454 0.218255823013707
"104" 2.21949381197863 2.7202292958601 1.07167464071067 0.343522730319489 1.75333539718787 0.841201854299989 -0.0967028306592523 -0.789148528075408 -1.30645192075918
"105" -0.0970220206941443 -1.09295895748753 -0.853699929012805 0.328813048736533 0.139078921620058 -0.253562118063615 -1.57840946558175 -0.31865940556596 0.183388662171242
"106" -1.68917507637196 -0.853268612166557 -0.600198642812926 1.54948937987314 0.765393872803412 0.242793072914 0.355540230183701 -2.03520883652955 -0.642617505768491
"107" 0.00110245749970472 0.6844713786604 0.319898196007893 -0.282056466509147 -0.735773830906886 -0.342941643377859 -1.49112124059558 -0.646994525260205 -1.0360307984408
"108" 0.79530860363702 -0.300109768046147 0.41744920386121 -0.674197904457047 0.620790762207151 -0.124029808512133 0.860188920594392 0.631928353867886 1.00144337227295
"109" 1.98898327905363 -0.115173448415319 0.321152548303539 0.980612299652885 0.727410579593659 0.772637371709433 1.18670302347809 -0.314295670812467 0.948092551587911
"110" 0.0514281247117582 0.627050752480624 -0.113800990765116 -0.266780289286597 1.44307478710252 -0.367666415372962 -0.996832965596928 2.11230023829475 0.378501005364736
"111" -1.15263850800009 -3.38616206711511 -0.360050306046026 -0.766295159524297 -2.35456326136284 -0.864129694240599 1.03372810767656 -3.12592390005452 1.11524451427694
"112" 0.816075014371687 -0.551351830013518 0.451654711294626 -1.71478463830767 -1.29088056891233 -1.50622709209049 0.285711796804668 0.321012125485752 0.804557148986434
"113" 0.344415542533202 0.228879790954717 0.974517643542735 1.90867077629175 1.49074498127055 2.08870654385703 0.0185460424845872 -3.10725004577976 0.611841507734382
"114" 1.91814689308644 2.66246471465106 0.88718035848384 0.264136192138088 1.37633035983008 0.229562843847332 0.743742083902467 0.656906672000892 -0.656642344860865
"115" -0.120120030501399 -0.413964772477278 -0.201319108818531 -0.602530035089885 -2.48763172761686 -1.41943392985532 -1.03329418939011 -1.78054973535024 0.347030238713789
"116" 0.930552700041159 -0.903246823355168 1.16828694696537 0.129105626187384 -1.63025187853089 0.245458833063995 0.378972942808199 -2.0897196877053 0.0355203398591293
"117" -1.74909150095734 -2.62395985990894 -0.931199842714141 -0.0488108737161785 -0.84010083936118 -1.09328638499915 0.5479379079962 -1.21368091769836 -0.170201425893026
"118" -0.333065039291529 -0.255473282026433 -0.344481295925457 1.23365209493828 0.532305057879415 0.100926051257391 -0.742184654117116 -2.33152151988512 -0.898974875392993
"119" -0.0414817055790832 -1.21593485322557 -0.725468462650851 -2.40846032335567 -2.09327768097793 -2.63519660989793 -0.839785818651905 -0.185430982414554 -0.943087198721038
"120" 1.28435200860788 0.215456920288032 1.90662398784138 1.00922431470118 1.30927377633564 2.14686934389913 1.14606009994989 -0.15951457088222 0.569435473023174
"121" 0.496023162706026 -0.22417090620945 0.260408150969263 1.62231949083287 0.0291648764761727 2.24627418069903 2.33091218223995 2.35909461956327 0.0773221996847091
"122" -0.247455921571507 0.919225383943991 -0.969290280239072 -1.13966414312937 -0.0448932014087381 -1.05254167505538 0.948185818493815 0.85151712501155 0.164299510301267
"123" -0.0628550555237014 -0.409781941001729 1.22213012993783 0.327119610008215 -0.688862239595286 1.06096851723471 0.243055332926445 0.0244959434371417 -0.162881544285606
"124" 2.01284189459737 2.85420374189442 0.972369677105873 0.844508841439476 1.34637699147363 1.02616366145189 -3.37737272890172 -1.33504883990784 -1.0917661368447
"125" -0.923080940815264 -2.57762907304526 0.32806249319185 0.342349370830077 -0.587140950863301 -0.695922282112871 -0.436578094975208 -2.37336830409815 0.00189635640882674
"126" 1.03753958005923 0.582631651898758 0.875053809484388 -0.0996667873083379 1.67983794965376 1.2247088609811 0.191868088864631 -0.895557199186039 -0.357265714056328
"127" 0.965404035187377 0.826519189427523 1.71616566281155 0.646241897806912 1.23190171738866 0.313278324847271 2.19045833473074 0.0576434962690166 0.501824059736589
"128" -1.32812236929008 -0.48154248736948 -1.4784141741049 -0.410360740281275 0.341859249768903 0.357044979392981 1.10822358084676 -0.522948931545826 -0.251167626047296
"129" -0.205402279188392 -1.50294522848072 1.51265609129151 1.55275176742805 0.105440058044797 0.840412302867308 0.891689228740309 -1.68560950164648 0.889538163228665
"130" -0.317818817721845 -1.5086865435528 -0.565837021234955 -1.93365776466187 -1.62624356755193 -1.52708388373643 -0.167148910252572 -0.540728442454673 0.931418908685437
"131" -0.508733438229935 -0.130034644781593 0.111831667139851 -1.22489348484249 -0.113719350741692 -0.299452128378894 -2.05126023726519 -0.340228429152915 -0.659042554448098
"132" -0.301926574939305 0.919431047664169 -1.15245727677853 1.08617015521521 1.71397240912996 0.745722267157156 -0.54755480474873 -0.459538538761606 0.306550573435422
"133" 0.13645209974198 0.056735849009107 -0.0968100908383003 2.34449807176552 1.38984241796646 0.62323508452036 0.949045141245567 2.73327150074403 -0.551582683851366
"134" -1.82797748775063 -1.39973854676333 -0.805590335758254 0.27708110111577 -0.169697845588319 -0.377178213449763 -1.54589140334894 -0.686303703211242 -0.410788564700353
"135" -1.57327418843278 -3.86573580346537 -0.498206384141793 -1.35749921622751 -0.0581361930319122 -1.36938890031119 0.733587521296013 -0.453060766376857 -0.862331180164102
"136" 0.307535810622245 0.0251448467135816 -0.51507191718822 1.36111364314963 -0.361225253799623 -0.0167174105491772 -0.142892215943213 -1.19542050172491 0.962201721223806
"137" 1.51656253343285 0.613772381744137 0.125998484305374 -2.29742327115526 -1.89870678073588 -1.57160437373995 -0.0231940156724513 0.802922646205909 0.664651473314586
"138" -1.75364635855378 -1.10754804497285 -1.97841950014681 -2.07134664866815 -0.355060514446411 -1.4769350835825 -1.50791689448558 -0.536431074089089 -0.419167597297088
"139" -0.149089313378141 -1.22068970234184 0.351537572486962 -1.16630644523333 -1.44896848349711 -1.09352505719596 -0.391824305642334 -1.34342094272949 0.619951099198908
"140" 1.16137628331576 0.923717861161294 0.931674153752372 1.17380463941847 1.52714058355199 0.975009060818823 1.24505630203567 0.124179751121874 -0.122148971226856
"141" -0.807217287522639 -0.308817305339857 -1.16336488308299 -0.614479068526312 -2.41209905596968 -0.926266618555252 0.332432264626638 -0.652986467162325 -1.07888432148519
"142" -0.738234481130289 -1.23741528755197 -1.32913109121374 -0.342178712729078 -0.824135186128666 -0.84021141614266 -0.743880614168187 0.929537114758481 -0.422269697820599
"143" -1.6072888199608 -0.114253821720381 -1.28491347109655 0.676536280384013 -0.737835966976348 -0.953394434880144 0.31682375793024 -0.300651671876929 0.0854703673575243
"144" 0.884399533211683 0.775056060365506 0.200733159455503 0.8665651150199 -0.333193669103239 0.218116235187599 1.12385052261219 1.87588837578433 0.840980274109387
"145" 0.679842262254753 1.58284503420496 -0.730391726795751 1.07449790383139 0.655463126560557 -0.0925800064106144 -1.95248449572256 -0.317938189367157 -2.82189498124876
"146" -1.01835774593741 0.736082559779925 -0.156122138655228 -0.224037826710196 -0.636759659615349 -0.799067834599873 -0.320842592595358 1.69256111662735 -0.437727624263547
"147" 3.30810517932207 1.67589055339653 2.76720605999927 -0.654251122642753 -0.291924625001329 -2.32461536674352 1.60577864925609 0.545426962662777 1.96420548057123
"148" -1.6483394498965 -2.65048890152752 -1.17446740222675 -0.989259058636225 -0.132133911725824 -0.555200827748393 1.55325890196419 -0.80479892251779 1.38906046563903
"149" -2.23766404049481 -2.47380956602289 -1.2048315959761 -1.93803097937188 -2.18320738220624 -2.51264016995628 0.087142615168995 0.540264268343679 0.837537071509976
"150" -0.195253577127326 -0.887008941423977 -0.949043373208088 -0.633663548044471 -0.569691542569268 -2.39146950662261 -0.694016582830913 -0.448083215001092 -1.62031577093302
"151" 0.103199895481038 0.760561451796128 0.0639262602302388 -0.5224896198025 0.715959923098366 -0.635593713488063 -0.0308143114382718 1.20371054802092 -0.0727862166084845
"152" -2.71747344093964 -0.638587966466114 -0.738326182184087 0.039241563415615 -0.455032057229185 -1.33169643841448 -1.2126736395479 0.423854027212576 -0.211116467167991
"153" 0.416038087623761 1.12356936542754 -0.208943738843733 -0.485685879066853 -0.433910143762395 -1.8023183352633 -0.613476484859611 1.37991830168344 -0.306945004517274
"154" -0.701353935354629 -0.314026539622171 0.0033996270223669 -0.572069518641834 -0.41645106336925 -0.821458198859579 0.043048218174742 1.16429978901267 1.40331182358124
"155" -0.352082560753151 -0.884397365177847 -1.35760155656835 -1.86779385951238 -0.154847723932934 -2.67798819900329 -0.875628675623963 0.738346883405774 -0.896566754749813
"156" 0.133468690340854 0.702482801725693 1.02971184353153 0.210745520881187 -1.37928799627809 0.931034254651841 0.962116706332662 -0.402829294037456 0.792146790844402
"157" -1.8306655351054 -1.35802529205726 -1.04420484140882 -2.85699061864978 -0.776493938696976 -3.15607184332467 -1.46973016160386 0.467677498737821 -1.32927726061276
"158" -0.522800553401576 -0.680901182728166 0.0658631850928457 0.462461618501796 1.40649114158062 0.380101457270793 0.661840377266485 1.51940712634023 1.83956830220846
"159" 1.03887208478811 0.533673060345886 -0.139657473378519 -0.572722704197215 -1.02344024116816 -0.109533114538028 -0.273789253850701 -0.90314274199122 -1.20180485430325
"160" 0.356591171895073 0.876974374466946 0.613172293151735 1.03110447283544 0.492668266917657 0.109637570839373 1.67970458284651 0.811743709670241 -0.624264228779031
"161" -0.781787098250309 -0.156484133924027 -0.414562392873859 -1.23213891293481 0.00464283111772215 -1.41333793002196 -0.872302759151941 -0.209904719597634 -2.06444387545311
"162" -1.38261984251618 -0.147670267573669 0.103035718819253 0.432511123703776 -0.316053100835934 -0.548708541210424 -0.869800971548459 1.53711939883689 -0.899155521225035
"163" -0.465682748689534 -0.403684331635137 -0.552508253432369 0.765790839355454 1.00117971494904 1.2691012366121 2.12281229644015 0.46086556129556 1.83099201247367
"164" 1.70465013691159 1.57794390834781 -0.0787988286939252 -1.38464615858025 0.246416833854285 -1.10738516012668 0.481097397879913 1.1074436291129 0.996165259868378
"165" 2.35156813693724 1.40239228283583 0.580671537482192 0.777575940460286 -0.40734730852759 0.938487921101003 1.56601198217178 2.209822907959 1.10194580024598
"166" 1.08634830233996 1.34940340494072 0.828743043666069 0.449776301341728 1.57441840881762 1.50038246441172 0.435202255108385 -0.461648712412608 -0.0667872083934264
"167" 0.475915100928599 1.68022757468942 -0.454472824040376 1.69004947659356 2.3730644052827 1.51016161265481 0.77638318377632 2.69664499162844 1.0485291090284
"168" 1.22000834605064 0.445112261254053 -0.133337299607832 1.54945430344223 -0.00829754487529077 0.961552044624644 2.23924486073833 0.140585514069461 0.199903298813216
"169" 0.0271915998130233 -1.53044054583989 -0.330938238301559 -1.49971784365297 -1.24524249281579 -0.895192286623231 -1.56466255879074 -2.29284076130532 -1.07794172400679
"170" -0.266292617339067 1.34529658573093 0.328937950666552 1.42717922142327 0.640671955934485 1.07073821041959 -0.00753575901462422 -0.649585358659543 0.897551341711589
"171" 1.85389789705786 1.90493131994544 0.913496594174252 0.782894325375547 -1.32636656930978 -0.046881874248881 2.16300967634789 1.32638119901653 2.28731126334078
"172" 1.53344381900612 -0.500820784758891 0.810686769222936 1.72723458713623 -0.342514419617726 -0.325166254678069 -0.221138210408094 -1.15960728635553 1.28532621633599
"173" -0.656638573886358 -0.412933891392806 -0.0295965174838242 -1.74458673973593 -1.83551204311451 -1.39071642966383 0.296591848379456 1.37998118868222 -0.523309741246934
"174" -2.27485983334492 -1.86147247720424 -1.28006242722935 -1.74972721487071 -0.92093936039943 -2.66091285459572 -1.47513876011622 -0.860421153888443 -1.03610161239018
"175" -0.466887933698031 -1.455667218859 0.584488727488855 -0.511243632864751 -0.792116317513772 -0.0165703083542377 0.358210912088149 -0.579971450345804 0.190271456106089
"176" 2.19843626248553 -0.191025258353796 1.32861942264034 1.98494454320953 0.67673219489445 3.62192988633484 1.00861900272075 0.0205019486880111 -0.088607860609443
"177" -1.80726840165857 -1.34501629476853 0.615208746337578 -0.547616020128167 -0.174514235516917 -1.01877149031894 1.58531746442398 0.658053422861224 0.701021096939357
"178" 1.73480372979343 0.749413472882174 1.08697990506522 0.0629885739049227 0.236914986369403 0.310088419391614 0.891122331316269 0.106075060974551 -0.310808059661286
"179" -0.864227523646502 1.28954154188639 -1.16143742501776 -1.00161635145244 1.41921482223767 0.316553424168779 -0.891249892025403 2.21984633911786 0.511710830074249
"180" -2.05538740148363 -0.0311421406060338 -1.4345951372547 -2.22776247338725 -1.2574759863697 -2.18666484336831 -2.97147932288781 -1.16883527912566 -1.18279836261034
"181" -0.147062054993207 0.62287085150238 0.556728356541631 0.300034793111816 -0.861555525224393 0.102718082327125 -1.62384429131015 -1.72764102063151 -0.900906415183446
"182" -0.442543397725335 -0.87213461274809 -1.13308015611352 0.409179466696545 -0.0106258346606969 -0.254744367088315 0.715050087445687 1.03974760261652 -0.0607335835024151
"183" 1.08697351763039 1.19029791491721 0.736816273813494 -0.873140484903604 -0.255439607396009 -1.57635170974733 0.323465072799672 -0.152010355581037 0.622013900880054
"184" -2.6790943873303 -0.862234194875004 -2.30470451112317 -2.30087282450073 -0.80745829288044 -1.06505120671546 -0.831381936787407 0.446093886362648 -0.176110559520226
"185" -0.938622920283984 0.370102509726897 0.940202159041776 0.489331457759425 -0.152286128805132 0.670346840732912 0.392740725510773 -1.72788284587161 -0.819402702265552
"186" -0.10399285726095 0.388499971843057 0.417894546228087 -0.476808007212445 -0.923062667817448 -1.11389976872285 1.27008860784425 1.19510005566208 1.30384060994738
"187" 1.51773115727468 0.530691186429393 1.10387771900917 0.925277341068508 0.960923162139828 0.420907581512119 3.42101174112119 1.76509182877722 2.11147628540852
"188" -2.91586649270659 -2.76090948248673 -2.20390892857914 -2.51025572160308 -1.53598392448276 -1.48981267827942 -0.742428140292562 -0.790067951870922 -0.797278340446879
"189" -0.60281317663921 -0.299545753209152 -1.8118720870499 -2.3112473097527 -1.40844211020958 -0.978404677052942 -2.30695758848938 0.282382584830473 -1.42484934485772
"190" -0.155872189032465 -0.248013763182112 -0.261012765745488 -0.927667280860655 0.420476284055437 -0.900218169167734 -2.06476086664226 -1.70894085222939 -1.08746213190699
"191" 0.862961216800549 0.766534977642924 0.206119009071118 0.0846024219970559 -0.504101109280513 -0.679391447768775 -0.473770064738306 -0.725913520892305 -0.567874645121014
"192" -1.93724803523283 -1.19331604560439 -0.125384042941574 1.24892861803371 0.0776395199499839 1.43698994563185 0.182015439462796 -2.07170807532485 -0.439166208311774
"193" 0.736633142323678 0.503330017520026 0.169348955795925 0.65746412508598 0.426089388038775 0.36205543639626 2.39344700599833 1.14139919474419 1.12146201799818
"194" -2.28166692609007 -1.76328181311901 -0.756929580251873 0.881161474997936 0.0649860522182193 0.25838414075209 -0.0755496685006173 0.106030148531437 0.227138777292454
"195" -0.0755161803182095 0.532119306679361 0.280332942320658 0.431412723092164 0.570391706451649 0.856218201290995 -0.801065446003835 -0.750675553584444 0.437474940636418
"196" 0.809419778320595 0.92593375974653 0.0876876066541095 0.0438043212922706 -0.974537185441838 -0.854904644539097 -0.562874838277 -1.84334298992029 -0.563920418706842
"197" 0.652267058673884 0.784113552682698 -0.079363993209527 -0.450097238335009 -0.801348049826221 -0.589769053870057 2.59216743559421 1.48782951222042 0.974452640473533
"198" 0.855557472349204 0.182470664841097 -0.882955566435381 -0.208032651279297 -0.699984958963247 -1.27773163842724 -0.364563551366766 0.148156172485563 -0.718924322001163
"199" 0.146095016520524 -0.376152712012064 -1.87378188657412 0.376657438737276 0.455544636128065 0.209578412833861 0.614372861240144 0.529358804268645 -1.00045394522171
"200" 0.619814446346627 0.296301162589382 0.560380347251364 0.349932645249049 -1.02553765524332 -1.30890286745686 1.40401721622575 0.68397272422841 1.80421010005787
"201" 0.486223829135933 0.442514950877663 -0.523560393132477 -0.0349263990368921 -0.454674378316349 0.637346294023883 -0.00892305144429539 -1.13577545781989 0.416440516659452
"202" -0.718819035140597 -0.201214006455602 -2.45747313529408 -1.55995792845257 -0.667520785845791 -2.21193492118692 -2.49145855602134 1.61903944980934 -1.47041453950882
"203" -0.46812807694881 0.0547701834316046 -0.474283567196365 0.360882017681972 -1.37054682358715 1.48647935989582 1.78584101817104 0.197864748357672 0.839770050732494
"204" -0.450262435431816 0.313750334489175 -0.166033237721787 -0.97188012788867 0.271300519076012 -1.6220603727978 2.17295088595614 0.962097941669155 0.65162693798178
"205" -1.77841719489847 -2.03381926074617 -0.80874147007944 1.48471438137889 1.191613946433 1.97736417717385 1.50724401501867 -0.107945957264479 0.503004510182309
"206" 1.55467044950141 0.2545936940738 0.818710599290356 2.50198134389452 0.64129845596161 1.95987911880658 2.11312941289866 1.68987153459377 1.56633260495488
"207" -0.862792634871557 -0.113650944219594 -0.416306932094964 -0.260679165149575 -1.08994654693044 -0.45702516580211 -0.206115927259579 -0.814819607693569 0.284252919004858
"208" 0.213311121749948 -0.379950065300204 0.718489493072803 0.7725490430628 -0.373344484297837 0.506193200714924 2.5338640917878 -0.792551842535789 0.229167659957795
"209" 1.14412400105584 -0.667253952528963 -0.346356321940536 -0.583079709827381 -0.377560250191556 0.685996936835785 1.43501813197781 1.02091614565762 0.649487863902176
"210" 1.89118300163142 0.986998676563946 0.960520617263282 -0.00998874976523327 0.983943847397652 0.393790024739529 -1.66570397445356 -0.389964283646253 -1.00151676724026
"211" 1.61260525375574 1.11801444194834 2.20308201655285 1.09801248481579 0.57233621594677 0.334969337596781 0.940000497297356 -1.12192873433863 -0.197674982703314
"212" -0.459321389943939 -0.842859220962486 -0.782761603022602 0.274791055379747 0.616239677604855 0.883362646780965 0.440334931746461 0.55188177790861 -0.738876582192115
"213" -1.79385874859194 -0.935769850049923 -0.448163728565062 -0.579852710082802 1.35205333018523 0.435217494482718 -2.15967699765217 1.17347459854279 -2.21140273274139
"214" 1.19650299854942 2.24055600299751 0.402364472472502 0.197991274784487 0.964458720365291 0.729695192126135 -2.13516107596758 2.35601409836662 -0.800123485550335
"215" 0.105927764061261 0.264069943792004 0.185786412048921 0.056703789632968 -0.974088619212004 -0.272662076062858 -0.216131533204798 0.300651408565946 0.198687122063984
"216" 0.0830491469008987 0.516470714007109 -0.657740905187057 1.12585479184944 1.27538321906791 -0.0189217002453542 -0.599041476314102 -0.116794444940548 0.529076378647979
"217" -0.31917311927184 -0.00515869849468009 -0.773253055479744 -1.8865072331745 -0.25462497922674 -1.50721956974644 -0.834309126245058 1.25778414804051 0.349479487743734
"218" 0.171214555858193 0.407122621539089 -0.583240791014882 -0.187568219825763 0.785308961323174 0.198123004138117 -0.437150323618673 2.71026865198886 -1.19400443134175
"219" 0.031673853576516 -0.451030947859097 -0.72734845444161 -0.452383558395693 -0.00501514681047011 -1.62540564016245 1.07440202977172 -0.252240921963635 0.668628903481238
"220" 0.215031469869634 1.86416721794488 0.173839932199348 -1.83635519443681 -0.823215590454902 -1.05618139276651 -0.619422791374107 0.5241053776254 -1.04286943649895
"221" 0.833766540011561 1.47170826093066 0.788013146397491 -2.01632660159556 -0.129215224856702 -0.638931278760417 0.817183987408045 1.06835044309585 0.520541426507073
"222" -0.0515788212668914 0.0493498899106749 -0.627637956638502 -0.555338663708081 1.32053006272214 -0.567921301273929 -0.72565607187149 -0.855143072455922 -0.107566610440527
"223" 0.104702248663823 -0.334391907579317 -0.547661648777008 1.7080124947095 1.32998807016721 1.04945653998276 -0.208469672294288 -0.778662440752569 -0.396122816603551
"224" -0.632616824153852 0.0378478392394304 -1.19081064403577 1.39737171504032 0.797924541613858 1.43289645340946 1.88005358589279 2.34513301480488 1.59120584717064
"225" -0.322025047268299 0.412160475519364 0.450641330740644 -0.254028408648212 0.103090658439163 0.434297526922079 0.645014803577637 -0.765391844634135 0.598786399032197
"226" 0.728192492062351 -0.182225616291451 1.22592910099481 1.90662203538207 0.80135603103986 0.54882427681359 0.812199087218747 -1.64185077975391 0.931391840866712
"227" -1.12316217209975 0.601494957595018 -0.138468107183107 0.433929421280625 -0.78998251740563 1.45272135814402 0.966526073425457 0.0948316491684719 -0.0502698604083543
"228" -1.06062813514019 -1.01885356406588 -1.06228119230696 0.0479835998216406 1.27179544970961 -0.334589017800051 -1.13509875704854 -0.833665816700627 -2.36223215102222
"229" -7.31268545233458 -6.07615504106802 -4.9601137140193 -2.04465108344709 -2.11306487413978 -2.23877982021626 -4.82007373965418 -1.37502833932651 -3.71827090506799
"230" 0.631309873887438 -0.320291110460171 0.810170119958555 1.25067265573661 -0.00854968212151963 0.650359339196074 -0.0879531316020548 1.03560176897281 -0.198127710973945
"231" -0.048129808448695 0.0960974800059968 -0.347303165414659 -0.081381050484708 -2.7957458768459 0.718256469226851 -0.517762173827617 -0.470055449739519 1.73240836046679
"232" 1.62225987302485 0.869712523033989 -0.0558388779745813 0.293080635107663 1.07640583385876 0.335069698282591 -1.69694294929778 -0.982207944600687 0.434708393939501
"233" -0.0561563702266363 0.0763811131413938 -1.23785750831982 1.62643828255794 1.81725653098526 1.04940670119122 -0.354080018511768 -1.3946294944109 0.00101555088418737
"234" 0.516146238215049 1.43394509957604 -1.03462565963291 -1.98317765521898 -0.535544608586872 -2.0090897273474 1.38763984536408 0.507019765183019 0.825504187049866
"235" -2.92004417874657 -1.52393921392976 -1.25500594675043 -0.874902390320088 -1.06300836996189 -1.14175940526474 -2.78120369162566 -0.075541243622632 -1.22155343310438
"236" -2.81541531181123 -1.89322494547012 -0.792903601063166 -0.92239368161385 -0.868738869607752 -0.2296282926945 -1.01723133401075 -0.666952288383612 1.04704163436303
"237" -2.44309494592913 -1.49001170171768 -1.13144380299029 -2.04197424140674 -0.125672191016505 -1.35928130634141 -1.56142166991371 -0.498416814283053 0.887486647336487
"238" 0.219470506779518 0.720528363325354 -0.538245812344415 1.60316059498076 1.83833294598359 1.4055348769206 0.928205555627888 1.44909915134583 -0.115928592686763
"239" 0.00622612567766018 -0.742752442378974 0.0411154708851861 1.35591501319216 0.296437716396186 0.382171414904456 1.22837792232062 -1.12155145780371 1.74444376058619
"240" -0.683776655129745 -0.705567049469217 -0.617426505066508 2.96394606673305 1.77614333499957 1.44799490818325 1.53936943561 0.568786693607692 0.486611442463473
"241" 1.75228137890061 1.48107176667024 0.833652524043263 -2.94788074478596 -1.91804854647368 -1.86452363178464 0.997871522690348 0.809818679773806 0.323983048819586
"242" 1.02309587699644 0.885778251603396 0.531790621566742 -0.403912379465038 0.223319924805801 -1.22210784156454 1.29971046269022 1.6323996546042 1.89607638434342
"243" -0.631920985445675 -0.0767774598287609 -0.0770552203757051 -0.269562717043567 0.341370317408969 -0.754967664828859 0.446143419846542 0.117199496330357 -0.542592539268349
"244" -2.89821538889178 -2.48498712076197 -1.16160345165497 -0.396576418878665 -0.958526878274514 -0.828110107198411 -0.163832592496249 -0.923550223673363 -0.517817929903151
"245" 0.0741078450107708 0.233227835540482 -0.098304700324906 0.0443205212223988 0.330522474301956 -0.0658653113987446 1.42593111673029 -0.645157790204306 -0.0698689751567104
"246" -0.0559623062812891 -0.0819176515640276 -0.882466793899033 -0.0924210572010817 -0.175992600689419 0.588993702169023 0.236513384425559 1.83762880429569 -0.0958465063955695
"247" -2.04113757675785 -2.66891998822677 -0.486110196949211 -2.07542079516827 -1.33380406348331 -2.6812895649921 -0.988932978662347 -1.92136231920295 -1.06906112310514
"248" -1.23355021925414 -1.01954847871284 -0.337678675002133 -0.0385720772487953 0.135000353796725 -0.704284800305641 -0.104049035671129 0.288790241218267 -1.41135490413302
"249" -0.697505957877936 -0.0335116308860243 -0.282858332570707 0.533248890423083 0.291527822377025 1.45835251722004 0.791106937151825 1.54315106620416 1.0315932532557
"250" 0.392900159401222 0.342244091856549 0.00346968465434241 -1.00125935127792 0.093199509279948 -1.05215875090361 -2.06463928169823 -0.573734588914578 -1.15037248485935
"251" -0.452669388849031 -0.656468581573523 0.0130374550827865 0.349826638509007 0.669805703318325 -1.02787229212971 1.34326663965133 0.359666221852511 -0.0979074123512795
"252" -0.584752160656044 -1.93765442464184 -1.03133328523141 -0.796542862264816 -0.296452025022785 0.238393960573034 -1.67354199932688 -1.20365475581785 -0.287056630079893
"253" -1.41037346499174 -1.78664722250985 -0.576820664754487 2.42989929168387 2.28811833102751 1.69345273544125 0.379261481347414 2.4464062494763 1.96856999000156
"254" 0.0626607947048413 0.232395209921439 1.77965764802398 3.24084739860626 0.838593998833461 3.04603270758733 1.98904701740741 1.7112806371194 -0.407043104269798
"255" -1.9221344901842 -0.388266041863276 -1.03191420796178 2.62930625782284 0.689802054636224 1.46906899786302 2.63533436510336 0.917779094393483 2.14951816284219
"256" -0.210577296542373 0.462426935103506 -0.14494420807355 -1.50974688898935 0.0287130625892357 0.0705450562862177 1.18641048850975 1.5987345564978 0.722746208860487
"257" -2.50397757188819 -1.67167642268052 -2.2460195280976 0.326132409211007 -0.24947765090574 -0.751832516098474 -0.518060311393758 0.568723580121189 0.789431247115136
"258" -0.940071235105712 -0.238805128839896 -0.795851422047909 0.793071870829599 -0.82229364920003 0.589127301642734 0.923809375695997 -1.43707163524464 1.85732064293595
"259" -0.438303468889376 0.0616881251011493 -0.585937685163071 -1.83781564016197 -0.0421923105457567 -0.70638955713599 1.08273671850878 0.127412168018427 0.328417395925506
"260" 0.283806137162145 1.08908150217631 -1.33713991129746 -0.975556632881051 -0.379711383446612 -0.0843207187993034 -1.60132093818866 0.643509875043264 0.0462807154138271
"261" -0.711013394752136 -0.859897890851388 1.61096907449605 2.70710689075689 1.0128580778837 3.09873541913492 3.2225602441423 -0.778277345110252 0.542759475375267
"262" -0.0276646565377345 1.23929153272506 1.34095754068844 -1.54267556016923 -0.0344146837746069 -1.09980215798105 1.85602535325703 1.59691642119479 1.69550098922161
"263" -0.867936676426205 -1.0432774932265 0.175384090736501 0.727445145970232 -0.0858292758787664 -0.394847562184878 0.456689321045654 -1.52902407333839 -0.515796946775853
"264" -0.466603510381514 0.565490521789872 0.108107815542185 1.72539753704102 0.645705468128911 0.0375097931875538 0.766275835205638 -0.397150148847957 -0.353029957188604
"265" 0.102733215587592 -0.537190686138319 -0.468731098857569 -0.544208233443003 0.117583593262183 -1.58353081389145 1.88926788308676 1.19877543099828 0.481905274410802
"266" -0.0987877797353896 -0.567810178485708 -0.629688293468508 -0.646064319817091 0.13753755420994 0.167832479682201 -0.0105197406098306 -0.0828979915261664 0.893629209683315
"267" -0.759622131792374 -0.346600847290483 0.322664868926446 0.373418172348216 0.968674514648775 1.5822828089432 -1.76342771117209 -0.903058919621024 0.972518006213824
"268" -1.55988245887587 -1.33855712494128 0.663816163054433 -0.00467179655790168 -0.443131239051202 -0.112698951693499 0.739961155221902 -0.805868457964239 0.474395363443445
"269" -0.611932315490505 -0.200540436963658 1.1874941998683 -2.45771072093493 0.665497645290619 -0.991922537800833 -1.3664761350983 -1.23491359051601 0.625722079090108
"270" -0.107543542166685 1.48937838501308 -0.37450208276452 -0.718631293013753 1.55679018632997 -0.462641605947384 0.762606467502228 1.67867598618782 0.689162485163634
"271" -1.10824422058999 -1.42744542303623 0.991540527251014 -0.701156249252099 -0.925361910253312 0.858927156148905 -0.532290524559651 -2.47050425691632 -0.379329537967515
"272" -0.284576514092187 0.22172105533081 -0.0617301598195367 1.05009695924069 0.564165448544167 -1.452856179889 -1.25616018556523 -0.244512408557641 -0.539096541019531
"273" -2.90905437413099 -1.67721407216658 -1.63158825985061 -1.21505470523958 -1.10261819441741 -0.773790158088663 -2.95868056156947 -2.61368941814669 -1.20747673581745
"274" -0.395691469803053 -0.844782382102023 -0.764823949172561 0.42817261677004 0.14222637613559 -0.113744496780132 -0.615788533075774 -0.653543952448776 -0.0382676672884972
"275" -0.384922203069392 -0.815358688614211 0.650906774543293 -0.821859867438661 -0.450879110992616 -1.19224242711531 -2.38733021629337 -1.99319947554805 -0.264102546771019
"276" 0.632485265872438 -0.542338772325057 -0.273972428541251 -1.86815123295737 -0.573426178088169 -0.190912274618352 2.04351183371831 0.459304065806785 1.24732758213411
"277" 1.38519731558459 1.35324753777272 0.246121660886904 0.822404089531282 0.847182930981456 0.100906689968237 -0.00857077604214451 1.50199315840924 -0.881579343534054
"278" -0.388625175429088 0.0856204091567575 -0.961185540319402 0.585629304829896 0.0299923158782144 -0.786351508479791 -1.66787029092235 2.6425599804435 0.39974625705237
"279" -0.560174875390319 -0.485898013386522 -0.41003580200315 1.44975089502795 0.672539187326996 1.03727407430341 -0.154414107370083 1.24867733120916 -1.32717285018748
"280" 1.22292178898506 0.200440362540449 1.71351510626703 0.884609895434189 -0.409432451566989 1.46646433799191 -0.459358208539287 -1.72859506790049 -1.52755893465006
"281" 0.670640445968745 0.281630201371588 0.119373442656957 -0.570584905668478 0.519381374095403 -0.366880109683437 -0.00656631785459405 0.684416079362782 0.883994847498069
"282" -1.13002238679612 -0.257326468687047 -0.843515051810767 -0.365233687052347 -1.5382007345045 -0.205092281605538 0.226674476821764 1.01466329100762 1.57844130602748
"283" -1.9172207614038 -2.5245408736739 -0.758399180961765 -1.56375014334227 -1.44484914245992 -1.4387494557634 -0.86948492098335 -0.867536864222569 -1.45446404478298
"284" -0.0565844033080179 -1.28784358552818 1.28068539722367 1.57714111174453 -0.0809457731625078 0.788786210747709 1.27837417923736 0.596627975535225 1.11788537594079
"285" -2.43311841418181 -1.19980352056556 -0.917615332435748 0.558677160915925 -1.55071385074798 -0.155126574778424 -0.454462799971965 -0.0227449516007836 -0.834338017779985
"286" -2.04634253390779 -1.0158976207349 -0.421314028146467 0.94154689366408 -1.29581261720082 -0.27368811956101 -0.421617374684908 -0.51242600112646 -1.39515478442695
"287" 0.146944281625874 0.95670866732251 0.359408587077161 0.551926733688316 0.631794563504662 -0.0621645428190838 0.514639984769372 2.20869653537957 -0.207451835595164
"288" 1.39953049798562 0.560021676201377 -1.14481986967453 -1.68784665751383 0.817149067021425 -2.77418595420719 -0.171106770228373 0.794770501313192 -0.970823285968644
"289" 1.4109779450133 1.26762018140958 0.32454046611547 -0.366524881268202 0.336211554059627 -1.32989646768368 0.346189460162007 0.355369437450723 0.099242982685084
"290" 0.976754624872675 0.865839557042573 0.68572668213663 0.257587472738571 -0.105038288304927 1.01295627984812 0.343073679053823 -1.13378170816978 0.60648269306945
"291" 0.459876310321901 1.41591106475368 1.71981060290472 -1.39359288610031 -0.469412185160661 0.505954194294867 1.37583368104667 -0.476193517917479 1.59224285856792
"292" 0.794240993029983 1.13687968658206 2.05330533267292 -1.1819507539128 0.026092270935684 -1.74028582624071 1.52998200591448 1.23079284558121 -0.0845293733400301
"293" -0.66577719040395 -0.55005448376641 -0.605038764307804 -0.426920144475991 -0.0435497113971051 -1.03775325159318 0.586669046307707 1.70731185332492 -0.0107562505285111
"294" -0.708633977446602 -1.99759205868429 -1.06893098433168 0.506164664610083 -0.105478047750507 0.392075501552303 -0.193674359008348 -0.760803989076449 0.438797529191822
"295" 0.234585073741587 1.64707172627601 0.0682622555822762 -1.94043346929628 0.530770785004893 -1.52717682756705 1.79710235551416 2.27166178053334 0.328805468704933
"296" -0.0697601343445922 1.69523829606269 1.03816634711951 1.0599475524465 1.30650446168017 0.971648689889734 0.706382232663539 1.28964786823793 0.318727446324619
"297" 0.87577599618713 -0.1718267794014 -0.218793747941228 0.305147462267217 0.101599005026399 0.853738302954831 0.293138809175515 -0.0954194856641271 -0.578826904475095
"298" -2.10823038368299 -2.3321555199708 -1.46220041282159 -2.68978763350498 -0.720295999616203 -1.31149733377062 -0.370606418863103 -0.805709500902533 1.62444644968656
"299" 0.798902162749234 1.73433315671722 0.555471853655628 0.269510217079051 1.57017315434273 -0.576741862391591 -1.59712702614483 -0.249009113983834 -0.0114964728947657
"300" 1.39583275446268 1.96808740097776 0.577770628735116 0.964857992134399 1.85680212624332 0.742809902826177 0.458182551165286 1.29342771100301 0.0880834789913489
"301" 0.26650688120041 0.637343543444881 0.107236596703095 0.0894542502018534 -0.00043677977905399 0.321936615895221 -1.27426523447661 -0.302992143871769 0.115715577728433
"302" 1.04321341598825 0.867567526042744 0.652779519072109 1.35203510078571 0.521984485856754 0.692767166568387 -0.967099659895265 -2.32688923598873 -1.13768756218952
"303" -1.83480471720777 -1.18092784476155 -1.2615429118016 -3.03706316607589 -1.3972808405614 -2.59811378974607 -0.858292301074927 -0.119367624759974 -0.828299274088402
"304" 0.835648939835905 -0.497906035425554 1.27670200109796 0.361323136671175 0.445683720024359 1.14083825703056 -1.10928201862198 -1.25387868393644 -0.692530340104968
"305" 0.0649204315937847 0.647045915031408 -1.60788759771165 1.35267760799023 0.622476339450812 0.983533626690315 -2.03026100291082 0.171188074880964 -1.13532282767837
"306" 0.108933056926095 0.84920025375152 0.164241034167913 1.10331256937041 1.37441710515082 1.25220227329294 -0.542504649942997 -1.46981055218006 -0.64561858025856
"307" -0.260438542028782 0.412223378316937 0.51642273393058 -0.870220421590869 0.635913445996238 -0.211397520663186 0.647202277326488 0.244823935689492 -0.721413820232048
"308" 1.48433126398994 -1.19539034792937 1.02922798995517 2.27289366358481 1.55482565863212 2.42391359459072 3.38662359045538 1.96641170577118 2.97961484996994
"309" 1.82617280595501 1.45280763138079 0.797865155600175 0.259818654026511 -0.666980163268829 0.146362655056148 0.832719666150001 0.449379384168227 1.77885927677562
"310" -0.0485825955176999 -0.729694815773039 -0.53610765077738 -1.36434116547451 0.511459356598837 -0.755064852519232 -1.41329818446611 -0.3604195261093 -0.219025748826291
"311" -1.17817312398611 -0.824927115335142 0.139164378752432 -0.907648804196476 0.0447777244436955 -0.957343248793994 -1.7720786280458 -2.58309576421648 -1.31092769091132
"312" 0.388114966643282 0.980704721746358 0.064546422386664 -0.291011867027061 0.536868219935667 0.00522113963416571 0.794834896737456 -0.721835636500557 0.0940273081757158
"313" 0.455515233456098 1.01480763222409 -0.430138610121053 -0.515538531709785 -0.799818180337577 -1.20900462724427 0.204921187869802 0.0314199157413437 0.93641663657197
"314" 0.0972800960428435 0.494888966017362 0.13606093887061 0.233953541023488 0.872446931913486 -0.54426387097099 0.935579672596322 -0.211258400748104 -0.186427565749723
"315" -4.54172967299192 -5.3656647029518 -3.26294203033725 -3.19173356994515 -1.66185188001319 -2.91018701782165 -2.27242596956277 -3.34377339066307 -2.70052393875735
"316" -2.12163416530731 0.754248731820961 -1.27416445797059 -0.484067649700788 0.453729980293631 -0.430034724225426 -1.67587740436127 2.01956134192054 -0.931134578146062
"317" 0.55944504952038 0.917039865744559 0.75018501118675 0.667416058939398 0.437482294732808 0.595467894697406 1.76250616641336 1.95247771775788 1.53683279588334
"318" 0.747064416004642 1.37907986862163 0.622426722439563 -0.260275598006843 0.472842037858382 0.689800033941629 0.622732825114213 0.397135625204974 -0.022423270916777
"319" -0.895882034781651 -1.32576394649539 -0.939786358504469 -1.45996957945318 -0.192201812961519 -0.351461914960178 -3.52140859922608 -1.17512819676584 -1.04339632505211
"320" -1.33056228237798 -1.4744734814751 -0.0638045021718199 2.96536109046997 0.315012088907929 1.45431745628545 0.762620730793051 0.852118301586151 1.13052600867104
"321" 0.461930955122751 0.212174460765096 1.37196170655853 0.350913032199896 1.10354922353823 1.00842887158383 0.405398146985197 0.0478827261754317 0.520063040650377
"322" 0.746911593452976 1.11893868920964 0.479165631103654 -0.296342734955376 -0.727872845598309 -1.66188910903728 0.811134500389887 -0.28801841004175 -0.78678946135242
"323" -0.34926717862454 -0.736113385297637 -1.52160567962533 -1.00759624115041 0.214025678643908 -0.781972879796857 -1.34610900076897 0.157497815660494 -1.26440881934741
"324" 1.51966734850572 0.936942237213158 0.241952975006151 0.665981051067936 1.06371083189829 1.00411862016766 1.94394709546523 1.52881100213453 0.719138768482774
"325" 0.559967936911689 0.349550570389677 0.282453200623301 1.6934072782803 -0.0589452715998671 0.196381557715522 -0.848380696422295 -1.25755011356776 -1.19050165860969
"326" 0.287032088915885 0.00726075408545895 0.267789163166197 -0.610690700102527 -0.0100699784882002 0.750984849751385 0.326733738043683 0.577526460263049 -0.823174681156303
"327" 0.653863502012153 -0.0415678023732597 0.156998232347981 1.00332376687085 -0.198662105930774 0.454564770353124 -0.145940055168143 -1.06373453382765 0.0824881506623737
"328" -0.328563567577026 -0.779826280732147 -0.194436230199449 -0.0140261429539735 0.1225528470252 -0.83461899689814 -0.850190317758702 -0.980440546727681 -0.97159591189251
"329" 0.363684798880536 1.1323853575732 1.04500922751029 0.499419013501886 -0.658662572916279 0.928478969026375 0.544499958153055 -0.569882175073635 0.0897026360738025
"330" 1.12588479539593 0.396083164339029 0.324639109689099 -1.51009348991393 -0.789657191003644 -0.591490421372063 3.03806919212882 0.533359307413883 1.83109812186175
"331" 0.575164956471545 -0.8419526194637 -0.160071551684516 1.63892681327578 0.803277868523798 2.76583554150381 3.28919956151143 1.0072138580142 3.05085816460777
"332" -1.09040516454949 -1.751937905284 -1.66781117306543 -1.45026287743201 -1.23354138708602 -1.93217582523348 -1.40493171840654 1.32817590868693 0.342718008530299
"333" -0.222778423864207 -0.1504021716719 -1.46538509092635 0.142808965654597 1.61439601907207 0.843712798832021 -0.61114682349848 -0.337637017536031 -1.2651993948724
"334" -1.71400824478826 -2.1519049444804 -1.27839923500098 -0.458927479330704 -1.06141224718511 -1.5140594812934 -1.53745227720206 -1.03020544599816 0.0127069261657727
"335" 1.38685065249667 -0.138230389660726 1.43140527214584 2.63999179663411 0.89566654183143 1.5639874493863 2.15811055067264 -0.639283150259538 0.959485460766056
"336" 1.48475064076922 -1.37337676210983 1.90687426077039 2.60157199015681 1.71384039361429 1.57012186797338 1.78334558701915 -2.05419742953928 2.23129869809209
"337" -0.989583072381107 0.375253249497975 0.428337683159253 -1.05927624603171 -0.927968990068297 -0.152286148857221 0.239156825002132 0.61918538513014 1.10568205152729
"338" 1.31099928415868 -0.201887071916449 -0.302593883977006 1.34841605525273 0.233617653899185 0.113944226681026 0.104283566458264 -0.773434081049939 0.249838207556111
"339" 0.674104796621129 2.59333719881471 0.610078442065917 -2.20789139213719 0.297299571600367 -0.597717390412209 -1.33486249509084 1.50653593458607 -0.466240659454111
"340" -0.610150125552814 -0.94958151569878 0.0384469504742834 1.43013953663927 0.755734682883007 0.508042498661483 0.951859594716854 2.50978337807414 0.150895208557976
"341" -1.0479957428872 -0.0267131596662569 0.209259920457113 0.0366215501085113 0.348958653285325 0.627677094546741 1.69830977320439 0.350127583752857 -0.685784403113121
"342" -0.81806666819695 0.14935710804465 -0.205274207727247 1.56670978006042 1.02420290479581 1.14866691712437 0.566963641610932 0.170349418087653 1.55844117867935
"343" 0.0534189019658778 -0.88626400088559 -1.83586867022517 -1.03697271501178 -0.400644001935318 -0.474130802895813 0.942184468768271 1.01618466527252 2.04333110089276
"344" -2.24230100820826 -1.53398208214857 -0.950502998573452 -1.87208176366469 -1.45673998188437 -0.853935931243746 -3.37103165014914 -1.64367518598633 -0.199025801102575
"345" 0.572918733058974 -0.868773403819162 0.0684832541990859 -1.21486330106611 -0.209386819926779 -1.47632495427961 -0.116192714544212 -1.1689285301371 -0.469741720779521
"346" -0.432457205104855 -0.278402000067472 0.115155258974839 1.23731488696965 -0.406540204067569 1.0520780967601 2.82331876966467 1.46405914068106 1.08317423878617
"347" 0.980817574673437 0.606670083489484 0.348687400054886 -0.174651166938459 0.230964110410806 0.477761309860831 0.102171480371612 -0.547376326473542 0.0640231074432825
"348" 0.705280528254553 1.40437299479107 0.543851804856236 0.895394126091592 0.942499200460014 0.721924467866539 -0.447568889370564 -1.49329530634978 -0.811853820235265
"349" -1.1411658894284 -1.34061503266864 -1.12681191041488 -0.12718997396376 0.550405914567663 -0.857986476206183 -0.276325112119979 -1.77433132388351 0.232540866629081
"350" 0.993846171764452 1.09374775237519 1.03871805402375 -0.600162285048392 0.10068003923569 0.0955596438160915 -1.70849181918612 0.234781768183227 -1.10719359465662
"351" 1.45570758872229 -0.697343091810601 0.413522821350617 -0.862377587138209 -0.907372845854638 0.115427226461714 1.15749306539094 -1.13821094319223 0.955364324995497
"352" 0.13653496947505 -0.132823221681396 -0.471823954496294 -0.050612293604569 0.797407203674533 0.216430165524688 -0.299422094330565 0.632126119236 0.0183052548719386
"353" -2.46793828325591 -1.22262132994694 -1.7913656423314 -2.59693373317303 -0.553579001550247 -1.61537032821939 -2.05105210434744 -0.994423405493381 -1.40637882598408
"354" -0.469068643743004 1.51932416283623 -0.229923498590051 -0.81295750265453 0.93250777947706 -0.0315163337380552 -0.381789839939315 1.32159097039928 -0.593637454942733
"355" -1.54044982940589 1.30290476834103 -1.40545417763635 2.22848543819105 2.55778809405339 -0.530760065540848 -0.936109599173265 2.15037518001098 -0.673117614730877
"356" -0.261386601263321 -0.229641708759469 -0.234589429614472 1.38779832359723 0.980707692958338 0.729241912990092 0.009125049386074 -0.00636885635631124 -0.135834764372359
"357" -1.61874580292764 -1.53161329222238 -1.14592104676063 -2.54583817882733 -1.14845235193273 -2.34309964082439 -1.23888497645047 -0.663266986106583 -0.982375119651257
"358" -0.00307900633520951 -0.523329654483469 -0.296186208454992 -0.0909591622390199 0.831155755675699 0.114544363471256 0.263114031267954 1.43078303047065 1.34513826728967
"359" 1.23510035753478 0.868555810565725 1.27723920315143 0.859481340366349 1.38914254007635 2.14168722916155 0.823423093027083 -0.53904533635932 0.0948523173055123
"360" 0.920929004009132 1.67912749075564 0.100545288541471 0.20581582382943 -0.508580717089209 0.311453647621753 -1.20398455483614 0.152437252158433 -0.416788519106429
"361" -0.196282182549878 -0.198757556858596 0.943620620030031 0.994635682524235 0.412567485082615 0.566093935618789 0.498926771178033 0.803503493232646 0.758780655739832
"362" -2.95186730770691 -0.417284170831895 -1.8884324222159 -0.510724627096588 -1.68688970892094 -0.878041900643615 -3.78098223068532 -2.43600271289918 -1.69359822528907
"363" -1.21722478936535 0.854500133254815 0.134768537772525 0.713478078023277 0.523469062322051 0.921850498567457 1.13170566296144 1.3598904086512 0.230788009819909
"364" -1.58647711575182 -1.06288452698189 -1.51479758244529 -0.844275543794313 -0.369744300516967 -0.610795354601131 -0.638262557698371 -1.34949792733311 -0.904952674860273
"365" 1.54111684332779 0.915598741406492 1.64646274960524 1.39573291156164 0.45365208057111 2.2784451252868 2.09582811222091 -2.2397646188355 1.33152578225155
"366" -0.651679900343024 -1.44039301127618 -0.913647590810742 -0.30651060377397 -1.42100839160124 0.334819786249317 0.431539124763725 -0.541749528288199 1.05911077354236
"367" 1.00712786786044 -0.477646175877828 0.236350807579141 0.94142007223176 -0.268440560000668 0.431042757531277 -2.7762714795124 -0.499282768907569 -1.75994512763286
"368" 0.592892625345287 -1.33241528366379 1.24741748281297 0.205971079553612 -0.95890198397094 -1.22411623854436 -0.197604726010166 -2.33352684631507 -0.0664709194208421
"369" -0.156258537065733 0.0818590289445957 0.898277339909761 0.00648424704396192 0.486623547228221 0.382853727496168 -0.225507623885954 -1.10428947363129 -0.203840870382304
"370" 0.556902453843395 1.06635413687936 -0.53038526801597 -1.16346931524143 -0.996570461982198 -1.5489866473971 0.266442107379245 -0.0342616677544065 0.425704549006005
"371" 2.84329287189774 0.982439774912803 0.493111348753189 -0.593371605759044 0.086651388085961 0.0467544516272237 1.26203273114936 1.49706515256756 1.62484319830299
"372" -1.59147869041239 -0.882108721691497 -2.00826103158671 0.89423568663514 1.44165636240783 0.0490070292064482 -2.4454025294612 1.61738319012722 -0.196408777492919
"373" 0.599791072654005 1.05054221599567 0.937662644231149 0.865770104399598 -1.26557189091803 -0.422581501765612 2.20602005134823 0.42575490094506 1.17239960451528
"374" 1.98270134889654 0.159512208912671 0.823935985129775 1.1278709472855 0.292988670114033 0.41545643592446 -1.63760949471622 -0.79628301779615 -1.76502529848997
"375" 0.245589623335415 0.808135111143719 0.139169213634629 0.157745122222302 1.09437217894837 0.884712480315617 -0.0187312250402298 -0.522557449828748 0.210969768808104
"376" 2.41762383050326 0.981933532504913 0.542763342582726 -0.168396837037661 0.769527914887396 2.98867218359008 -0.760215665252391 -0.670706571193079 -1.07238825026333
"377" 0.10212260256717 -0.352666629313894 1.00596103612415 3.49120133337583 1.91607099734662 2.73386008295472 1.52677650325613 0.681747761055393 1.72727645268226
"378" -1.13870901059466 -2.46151970823276 -0.122627542468204 -0.397730381652954 -1.12332364853587 0.777780110301949 -0.535389646022588 -1.58008381347644 -1.82077922771803
"379" -1.88943726779259 -1.00912418756103 -2.33238541966139 -1.12406045016763 0.405203545813212 -0.900907042402383 -0.00245647874427879 0.404204594924619 -1.31836449009691
"380" -0.145864335541958 1.55203234530399 0.0379503595426857 1.02779040835907 0.624788642489206 1.07086085295826 2.39364368549983 2.13633870989417 3.01929369189429
"381" -1.6314794910261 -1.7059011959308 -0.320539088259441 -0.498839605814703 -1.5885806020065 -0.00397234644980504 0.630214987572506 -0.805472408858075 1.14636917748006
"382" -0.819391883484422 -0.777436797323889 -0.312692416969132 0.247202218223625 0.544091802432162 -1.23848037247745 -1.50137765009438 -0.0481642168399396 -2.10921585969491
"383" -0.818650244242421 -0.520932979133213 -1.86130875975697 -0.116103747267822 0.251330918459828 0.123217558116005 -1.73771752614337 -1.5306588966838 -1.69280854806371
"384" 0.402711790106443 -0.02056968138859 -0.568567192971753 1.67291813229579 -0.733860074466921 1.68486366400675 0.25882219954754 -0.104581421151949 0.730799161137028
"385" -2.90420741119083 -0.709459954826992 -1.89818292843083 -3.15022988509275 -0.495975561794718 -3.64128979233783 -2.24991435472134 -0.297537894721342 -2.27020248590081
"386" 1.01972235366106 1.08510070148875 -0.100430771376163 -1.54515895328549 0.0363074647445051 -0.63652438279317 -0.313018251929984 1.05758520911877 0.847301548948691
"387" -1.09269391151389 -1.28208159368846 -0.52972306858711 -1.66315471800377 0.757381003069564 -1.66574172267243 0.127280041742226 0.727204276437148 -0.291992754167635
"388" -0.329254763256554 -0.12919668969552 0.415414986763722 1.87151017408522 0.864170018684044 0.853822636749754 0.741503135976023 1.13823246881463 1.32904633072391
"389" 1.14326134568662 -0.330593747748116 1.15183041356005 -1.19083721736563 -0.955182342578932 1.11160749328853 0.106516027873459 -0.475764552705979 -0.918317398397008
"390" -1.14157041501102 0.653578713301613 -0.799259462211087 -0.948400117237723 0.082955092996635 -1.51350680750889 -0.833792243499578 -0.752428405877392 -0.00669575715726817
"391" -1.33213460246564 -0.602681332888111 -0.961565181638332 -1.52472835463994 -0.5762375357281 -1.12517645772536 0.294837461309996 -0.42136111458113 -1.16131283074687
"392" 0.289943084052026 0.816288477747594 1.10435336896955 1.98781338445591 1.48349645360498 1.95425959890515 0.975726306155892 0.572246922260354 1.79952493246182
"393" -0.124567295068874 0.282714341872896 -0.493810096283461 -0.510155282829936 -2.1315889923075 -0.576565529468998 -0.843575322560402 -0.603688550361202 -0.440146350643918
"394" -0.998958425475825 -1.14202201621161 -1.07329120616096 0.0795415510365999 -0.757361568752598 0.582555108499422 0.103446606126149 -1.01381523896578 0.241575743760739
"395" 1.00381328605967 1.35787338701657 0.715041990165062 0.895471413812635 0.583565334580308 0.93441597078361 -0.555659611829247 1.17784710446781 -0.888391904118608
"396" 0.110974510301647 -1.16755174588513 -0.953741001946087 -1.80607024354072 -2.25528357131685 -1.41284095107714 -2.37181418098128 -1.41554145180851 -0.951870561419048
"397" 0.273558671312302 0.727270681171298 1.57601076648617 1.51435878040574 0.85010543933332 0.912251029797168 -0.135371536440569 0.422407644212463 0.24313917257357
"398" -2.05072275378253 -0.857405918291428 -1.37666862904219 -1.6698047575496 -0.830300484517638 -1.90335353535438 -1.21454698039439 0.297170228266917 0.680765700796725
"399" 0.264449467793353 -0.220732692938175 0.0439199410300082 1.31624705966622 0.74489140424461 1.39837391958852 1.72821169261045 0.0578236992205626 0.841906806122937
"400" -0.389931734348709 0.370665148558159 -0.609510597126348 -0.147493144601782 0.0588338799724318 -0.665274343029468 -1.42894459349072 -2.09312495611338 -0.246267071027033
"401" -1.2165696940931 -1.37057067928146 -0.740478370966353 0.305575730598351 -0.659491391025691 -0.558615467026818 -0.932205847895106 -1.10749965028634 -2.62708275707007
"402" 0.622571243622756 0.134444461544324 0.747638541643479 -0.185078453201044 1.17232158362055 -0.396940720330913 1.18657170029958 0.689651715018232 1.61198601732587
"403" -2.31975742003764 -0.359520326014698 -0.332120438215069 -1.81186854297616 -0.56155249537279 -0.652037526484565 -1.84831125258262 -1.28496974979807 -0.350134122369874
"404" 0.272539903769643 0.332568429105024 0.423524785290807 0.212154977832814 -1.24193331908214 -0.201290399581295 -0.138852863159256 -0.997391755477841 -1.13611017177997
"405" 0.604411164340816 0.706937869131086 0.57546697749933 -0.0160537208454498 0.862728365223816 0.665455192569801 -2.0613667127262 -1.30080778428394 -1.41668980999861
"406" -1.17394814748751 -2.31070729129823 -0.099722969806256 -0.309508331649985 -1.53045017161667 0.840237089223791 0.30936232029085 -0.973534765049814 -0.465555276616596
"407" 2.5327402372921 0.648943124731863 1.66442390628128 -0.171348018235386 -1.36235401348479 1.50864574028445 0.860288849752044 -3.35551303350195 -0.390528587800919
"408" 1.10553199752869 0.773328973345772 1.67021196388761 1.62360584749337 0.486246468395759 1.1908933424327 0.0294456833677605 -1.14145842716544 0.964432520383528
"409" -0.308688984215151 -1.32630734402464 0.194200404844438 -0.572907929697664 -1.56373061234431 -1.27604666983433 -0.96273900841542 0.176357329649281 0.391764302390854
"410" -0.622701956348018 4.26990501296576e-05 0.632244281017856 -0.874882659185244 -0.712990122477467 -0.188382252314276 -0.0214620849883642 -0.630585128035106 -0.336454171214133
"411" 2.37666554180314 1.25677752549735 1.52482760880178 0.932640683348998 -0.33493283965249 2.15118481793875 0.783962256916672 0.324007518953243 -0.423634059018433
"412" -0.195813039454216 -0.649980301319907 0.160872083625907 -0.28869589364146 -0.0420505769716395 0.0762515526487177 1.31512164377933 0.176940371025932 0.550072807021341
"413" -1.74236859207163 -0.768123391022786 -1.61201927463654 -1.11984355455028 0.422974703944518 -0.337978417335073 -1.87622631447797 -0.844649552371969 -0.0294421059677273
"414" 0.691714231208424 0.685197805437905 -0.319928566761861 -0.634956345642483 0.630865970934496 0.607015813316503 0.986249259734365 0.180293574531527 -0.115660823184585
"415" 0.599362806112414 -0.620317232817775 0.634579574466445 1.76063254193729 0.452784705677003 1.67463604712287 1.27948227905963 -0.594859641275941 1.78081984738165
"416" -1.3809994325615 -1.19988982485003 -0.633120759276015 0.750430913503713 0.305419992085182 -0.0505405651142012 1.56761875902829 0.0412320689135049 1.11016879680771
"417" -0.716421488701472 -1.43976462421952 -0.923034526319503 -0.219670013644099 -0.832183848075526 -0.887176353332917 -0.765189478745775 -0.286928101814664 0.0809433514340441
"418" -0.0297980938636619 1.37588936128155 0.629678261701159 0.472854194619046 -0.00565189420118195 -0.897297143014854 -0.441770351247583 -0.464359357304606 0.135705024192987
"419" 0.670897757808257 0.744885711276967 1.88755266955875 -0.446895430825862 -0.770040305756065 -0.0726458815588278 1.3863658680433 0.737420849626392 0.598046006141414
"420" -0.0777696321994908 0.661155163367346 0.98192336374331 2.03507881067846 0.871573619266514 1.90150774168012 3.33201546840766 0.0075540673048895 1.62472460422974
"421" -3.21464820790641 -4.2508600428964 -1.66648296999252 -1.77469179987195 -1.14535058782631 -1.68403541845706 -2.82365046454837 -2.47438212422316 -2.38218005739741
"422" -1.40888634162779 -0.798995709780922 -1.22436402005043 1.97031337679753 -0.396295217985748 0.692608333969916 -1.099793499909 -0.794726674280685 0.189006988991865
"423" 0.913171678548674 1.46620119410701 -0.453442985415714 0.404910128479392 -1.08936924611224 -0.478399783496854 -0.331500731478483 0.211417292359976 -0.511925130444585
"424" -1.14927468009703 -0.572711223126613 0.133253306320077 -0.908994659661538 -0.216947973436229 -0.603731035502065 0.497215308593177 -0.220073916588475 1.67926031484434
"425" -1.88499063825832 -1.97178930433615 -1.59480672168209 -2.35049065060643 -0.662256106619974 -0.746307274002262 -2.63906122247325 -1.72032518894144 -0.393245959368671
"426" 0.674277187985191 0.469287244606508 0.91631873666491 -0.0147881234529436 -1.44367661844579 0.0695794610593352 0.0435429037993739 -0.409561419287965 -0.440823407049494
"427" 2.11534888842974 1.20467960122943 0.749224909322812 0.944306700662087 1.42985009339074 0.446303567175829 -0.148237338434603 -0.00335068392691518 -1.22829667013742
"428" 0.237736141795477 1.67329438976399 0.692823228948255 1.00501227390346 1.02238120787293 1.07642327752712 0.792464173014897 2.50572200628428 -0.19525002301152
"429" -0.711849165392221 -0.952367330304408 -0.786977763940931 -2.35671677672644 -0.552118810354682 -1.56551717714157 -0.516128027355679 -0.148273358596846 -0.243458138499839
"430" -1.27208928707097 -3.2018059472803 -1.28364391511457 0.288648073746006 -2.3092864289375 0.339356422267748 0.392971537223771 -1.51130606084921 0.68467041667744
"431" 0.809118322243003 0.639010164687445 0.42158277809175 0.254230796219271 0.0679364810104309 -0.25751976144059 -0.689898910985476 -0.570593061821922 0.227464681224911
"432" -1.1347065182982 -0.822488745907439 -0.886620498444128 -1.0988057778432 1.38970980708407 -1.49647901823933 -1.57381826396821 -0.523215957968883 -0.768088762728135
"433" -0.719571553181277 0.747509072081103 -1.32130197096701 0.597816686393074 0.0738847488511273 -1.32150831301684 -1.46404198730248 0.442438807651221 -1.94814828292334
"434" 0.689847137137363 0.857450102187624 0.897341175734894 -0.898036382517176 -0.651608582038964 -0.688318967957987 -0.17643664591395 -0.760007408079891 -0.292423066929282
"435" -2.27845750945415 -0.758755376339773 -0.273098888761095 -1.86018349001368 -0.381633557207501 -3.09212261490046 -1.67970916792514 -1.41752213995427 -1.07922340917461
"436" 0.941031794072772 -0.0144307520242382 -0.647157618014689 2.49835635020224 0.884703970927084 1.63186092536165 -1.16165961492221 0.587500608847874 1.1699992416054
"437" 1.22909471087996 2.3262810223121 1.22323902111361 0.340343757539578 -0.475877229551818 1.47270764111346 0.813479889768467 0.437918524527326 -0.718867175962778
"438" -2.58805946873132 -2.00466725745918 -1.88456609780213 -3.085968990477 -0.927645034523431 -3.17565404620804 -3.50315501612081 1.26321518703289 -2.17077470066001
"439" 0.343842794835908 -0.992829789133531 -0.419448004360864 -0.0259823670627219 0.116298893487672 -0.313887727822663 -0.322268877359051 -0.0762770005527517 -0.0534477818287338
"440" 0.593686784410448 1.08406807369222 -0.684439635472423 0.0590089903130613 0.461099826027418 0.284996119549177 1.41299759666364 1.38934061847667 -0.814993340936046
"441" -0.965205499329894 0.00310881140091301 -0.237333574929613 -2.26342807717004 -1.17229445918352 -1.26851162079919 0.173527774302572 0.535501756550908 -0.636559334133389
"442" 0.0159309180216285 -1.35484454567346 -0.0323037404818571 1.3185954873743 0.286112236072922 1.99316775355143 1.21218893787218 0.314073722112415 0.984581067924585
"443" -0.30657933168545 -0.347958343949973 -1.07533654465592 -1.34943355666234 -0.610323494187236 -1.15237034573121 -1.83893310039575 -0.260466353242146 0.706250677537301
"444" -0.447234510339318 -0.831155313307904 0.0105285164604846 0.334835952578232 1.88521445497826 0.320020024125506 -0.480732230747001 -0.0450883152045954 -0.0957259300850834
"445" -1.44725427026012 1.2084170910956 -0.24783901527725 -0.838252587662642 -0.000361013001850818 -1.68269101027045 -0.673316199337684 -0.382931086326808 -1.04715420657173
"446" 0.643915499837886 1.16032550486786 0.938413338298238 1.80856257449876 1.17033908130464 2.38185661906841 2.33504213178746 1.81356628139354 1.30968542329022
"447" 0.711862551495854 0.0376856006659667 0.0103588811607406 2.16094587371882 1.03501729243655 1.2893827452397 1.01628917031411 0.326924056147662 -0.152848774165678
"448" 0.163413704144883 -0.547429197604799 0.524648849067631 0.578597421453403 -0.832539189824424 0.276407044450909 -1.60214107836713 -2.74437470695394 -0.265118773244096
"449" 1.41987667276333 1.93032599058739 1.09086362947985 -0.164828985650912 0.104138235335483 -0.25263232588121 0.351418882396745 0.0885189302475609 -0.00975335146362158
"450" -1.38326396250648 0.367492496141408 0.131741539165118 0.931639816937364 -0.151661967035634 1.75980076797253 0.872277948971344 0.0613763897961576 0.410660841077764
"451" 0.106408744229609 0.596204138999827 -0.606966714249995 1.79419650356957 0.573500611184603 2.0068517760674 1.01817380025214 -0.947986982558489 -1.75548604396749
"452" -0.136001244490532 -0.538194485082857 -0.992551116982428 0.869968255913211 0.953814616639211 0.240449047367174 -0.708163288819589 0.58321195800772 0.289594834561357
"453" 2.99328023608039 1.32458315562033 1.23356771834427 1.59906774091109 1.4448392132128 2.21373360699796 1.4510519845842 1.34705529339578 1.12585744768609
"454" -0.447333643227738 0.953458126840414 -0.0137353333329469 -0.382781168723133 -1.19015875760708 -1.83095823985901 -4.86532175181833 -2.01555903544973 -2.67682657648374
"455" -0.612039278524099 -0.791226142007159 0.0893198947381273 -0.82041573868109 -0.324999886760495 -1.16003807818928 0.671570078827903 0.202934895425021 1.54158344073526
"456" 1.31206491371804 0.859189417410568 1.47442096025686 0.292831179661884 -0.788327225470149 -0.620928955464638 1.69313703826078 -1.48999384684037 -0.0594287784928647
"457" -0.53264030772806 -0.52333316877663 -0.46689145248413 0.349563757844617 -0.436667950595306 0.301089883073659 -0.0252694417359294 -0.740732837187805 0.885682172788424
"458" -1.66678747579822 -1.20408152319878 -2.59535360728232 -2.71568829871659 -1.42619386555438 -2.93691379663273 0.60753839548647 1.73904178363614 -0.354655359682108
"459" 0.543542528876488 1.2229195933864 1.34270381138467 0.981919669414344 -0.166792263476172 0.871519123962574 0.342121955665059 -1.60209163329341 0.287803557094528
"460" -0.172648108018127 -0.571253713336731 -1.02335414047801 0.182391850427433 0.722660308163896 0.174715242341755 -0.994089877151044 0.0956057405276798 -0.137595989336397
"461" 0.518113943060026 -0.502703109293847 0.842318300353385 2.20666032574012 1.55889897561476 0.910135309446934 0.417398708021339 -0.509360392666778 0.388098191175615
"462" -0.100213004376504 0.840651216686925 -0.167408469732407 0.765465502818337 0.15680820416614 0.746089554694221 -1.32319605077551 -0.234228457511496 0.0118321934736946
"463" -0.605578723841146 -0.999155322886251 0.304357274155201 1.8693192467681 -0.405003346772849 -0.880707010757282 0.78091869941688 0.780455055859984 1.54659630917312
"464" -0.246551584301596 0.151190465758544 -0.535203409125599 -0.306261638166792 -0.538879562794948 -0.698183632420206 1.22843791862261 1.11120500009693 0.275229949284309
"465" -0.522400229320491 0.20065042425165 -1.09011051359439 -0.601526853462389 -0.677385188939667 -1.16786833202414 -2.9666504812137 -1.55567176874745 -0.428776977596993
"466" -0.474532423255577 -1.0735866304233 -0.434557271667421 -0.230288308150983 -0.028583508473 0.990128736581705 2.57006138788551 0.397394275455742 1.73306931244832
"467" 1.68432061702299 0.525354780941445 1.35643814792794 1.92716444557495 -0.147310545306962 2.52210271550269 2.86702967588106 0.0474508266400406 2.25937210566117
"468" -1.40744374055549 -1.61687262481125 -2.38851539014303 -1.09255943616481 -0.851812280960966 -1.08241792554495 -0.81047174790741 -0.122478430154026 -0.15310865877004
"469" 1.1984468763366 1.85743386015886 -0.342557083978616 0.326207080319672 0.809517759208005 0.0517069449379234 -0.87029453349057 1.50533085108421 -0.671829329790417
"470" 0.107823510717637 -1.40507984012185 1.11051693572786 1.8437589012199 -0.159616846655518 1.16043700544444 1.28528729793606 -0.843226736567764 1.12726412948345
"471" -0.0578539982329149 0.896826288473432 1.65293316722016 1.20448306907833 -0.643029789732614 -0.854613554007396 0.937814184856439 -0.915365401649991 0.205822261522484
"472" -1.09961034692317 -0.402811802517498 -0.427898169097988 -1.53703615915719 -1.65506333721506 -1.74856429089424 0.404639540950297 0.326686820655983 0.755556222679512
"473" -0.0428355226537835 1.24254410706377 0.302722359134712 0.167438890904043 0.139626543980602 -0.849981051946939 0.77944282685223 1.10356170449591 0.119918353151557
"474" -0.160548651771366 0.592728612585404 0.0192946159164487 -1.04584310486504 -1.07369874629817 0.0103671256480454 -0.189559942257413 0.297884346219642 0.534305596123171
"475" 0.354318539994638 1.56633882646235 -0.308944762482015 -1.66495967234944 0.26316752818093 -1.78885738531993 -0.38199908094159 1.33809716090859 0.57620061645326
"476" 0.433460673759795 0.193608662872553 -0.0112127895569654 -1.76558971875295 -0.395214326067101 -2.37535504584226 0.267829224877889 2.26340588162104 -0.0947242208676793
"477" 0.338105878929252 0.682218294095792 -0.950305360150988 -0.513492493726803 -0.081157243646876 0.0576400801734201 1.90023757713376 1.05641443367445 1.00467367260949
"478" -0.162939865142673 0.183902939692352 -0.503645093515659 1.37398510677045 1.07855584171407 0.888717629366735 -1.42305355308543 -0.150475656659631 0.028576835722857
"479" 0.658366121364705 0.96831208640745 0.224809788767482 1.27343398961522 1.87942235127016 1.65468507779419 0.453549102747984 0.759993355765092 -1.08633032026322
"480" 1.43471956608549 2.02911001780101 0.091733417397957 0.709248344461995 1.41680588120244 -0.0575045457105466 -0.986257822181431 2.00818784668246 -0.711239654369359
"481" 0.0019307147282198 0.530872564968406 0.782124738803768 -0.448268751647787 0.0217055196554596 -0.633800022531221 -0.530958068006488 0.0254993901315679 -0.136102006114753
"482" -0.313313845823987 0.00435652808521947 0.46253952854897 -0.693058027749505 -1.03031471698342 0.27932237251019 -1.59352418391846 -2.28835778221189 -0.315319981365812
"483" 0.560109211189111 0.199074457222073 1.80633278063764 -2.3663355861869 -1.03581186931632 -1.91453622731507 1.94573481495838 0.791522076952667 0.805911341744749
"484" 0.937396082120947 -1.81006931349511 -0.160238976225444 0.984598147254455 0.319467538870062 0.918326224236041 1.55899603043711 -0.555209061691281 0.747076138618306
"485" -0.511492353216998 -0.942701093264483 -0.0114547677786299 -0.480450835415982 0.140296251506036 -1.61692960266462 0.268583302706286 0.675395310374038 0.815535120959304
"486" -1.65163311975148 -1.36957125618297 -1.32514420549078 -1.11921134106306 -1.31465958827249 -1.01018477142892 -1.90130261911266 -0.327892906828973 -0.379269261474174
"487" -0.269277969100921 -0.917999505211792 -0.426590651918689 -1.13509877612886 -0.330824879525804 0.126035820459118 -1.08540179326581 0.364461343897357 -0.977976940637389
"488" 0.507821296270536 0.842713122029712 -1.03831657612 2.20795892530606 0.649654181167981 0.94316668422865 -1.6884062317626 2.43612670476825 0.162992172100601
"489" -0.810542286204798 -0.170334621366918 -0.0015736821185532 -0.550106592915055 -1.2536320082972 -1.28611359492544 -0.768498180017016 -1.70921471431943 -0.449832951147587
"490" 0.598025126985942 0.532044996491729 1.11444342466192 0.681706014534989 -0.524977894281816 0.870721100787084 -1.59340280595129 -3.07439475245982 -0.845591635574043
"491" -1.07684068471772 -1.3551954703626 -1.33578207911226 -0.434200205705323 -0.372778578724484 -1.60216145867564 -2.00690682784378 -1.01167599047562 -1.81438554075351
"492" -0.0227213478564658 0.132174400200932 -0.822981598566792 -0.819031381587193 0.225507453712905 -0.907508890409211 -2.02617080194832 -0.777040686982992 -0.782342812291585
"493" 0.234179835576638 1.15458474656395 0.66470134655746 1.20722232647905 1.24701851082383 0.405853709644253 -1.24868945608983 0.121062407916939 -1.01479127952563
"494" -2.15049973293407 -3.02813254814479 -0.740200725273046 0.527724436912652 -0.350366185838991 0.485997089936446 -0.369728484300322 -0.0375954633941553 0.390067529308831
"495" 0.183024612626774 -0.471214333498065 1.34392994273027 -0.0327893254859188 0.886761270712201 0.882651781241136 -0.178284600712887 -1.28377205553037 -0.823642640819729
"496" 1.08486840624971 -0.158762617689515 -0.108095867907359 2.14542785548402 1.10211585665052 0.449340240221991 -0.958406770294499 -0.401986722628132 0.0197248556580295
"497" 0.809523890557126 0.216350520905424 0.255483205619757 -1.93602015605551 -1.81977791373621 -1.55118310716046 1.56593242109758 -0.330954133392559 0.433189251548906
"498" -0.664112822785565 -1.26614402029458 0.397480284939931 -0.246706359635301 0.839416238381055 1.0295178894346 1.86174691331752 -0.268293000806843 -0.630286047599388
"499" -1.02059094071784 -1.65071817661445 -0.0552707657623847 1.03330179326066 -0.850203374039202 -0.694313463976531 -0.0504490231038263 0.392346282595861 0.481182694440329
"500" 1.22884825125494 0.65854937566097 1.90218845358632 -0.887510320966047 -2.48660942894526 -0.151620425678774 1.41120487692069 -0.70352574994905 2.0086427450019
