"V1" "V2" "V3" "V4" "V5" "V6" "V7" "V8" "V9"
"1" -2.93805200328938 -4.00670340209005 -1.82091972357459 -0.717041111927108 0.334015129658663 1.5863477594629 0.124964743412796 -0.392602618224633 1.06518985747563
"2" -1.26373317506536 0.608851208433026 -0.205671681034657 0.627442949293793 -0.47958330229314 -0.110631055803728 -2.06196039721283 -0.245048603096071 -1.22246944025103
"3" -1.59761132514226 -1.50169601071549 -1.81189371284588 -1.04639456817104 -0.523695035080717 -1.01784772850434 -1.35121481839255 -1.5708805103752 -0.78166305376251
"4" -2.8140285711837 -1.95657081032634 -1.12244678907643 0.788887446537373 -0.805771050207419 -1.02672577452071 0.489672238107405 -0.00460543845194139 -0.543060599678876
"5" -1.53294779142972 -1.77426440509551 -0.918554082018938 -2.94730382828739 -0.573240764671122 -1.16728196816028 0.642503957060283 1.15774556611484 -0.289695825400268
"6" 0.477919802088767 1.12862727692504 0.39021530622032 0.114881740719154 -0.217152679776496 0.0816101507199891 1.65749944296227 0.805207230229589 -0.731097751167812
"7" 1.86622792741069 2.6348823249173 0.129319827247991 0.680531619120947 1.25834596861064 1.17012809394428 0.308278998218629 2.24655917125238 -1.1230454829263
"8" -0.764851924345485 -0.19800904455008 -0.522854383107666 0.400110962655938 0.537668957244587 -0.7919671403447 0.273804277680668 -0.621866214248737 -0.624628994070364
"9" -0.423372631036281 0.263562396771161 0.228577290195831 -0.340561224420504 -0.0363010067928202 1.12918664772439 -0.572667491804709 -1.6923165513342 -0.658821544736514
"10" -0.184071288514578 -1.00356518077964 -9.52877854618062e-05 -1.3616367326588 -0.858885585624675 -0.351763194187843 -0.104349046158018 -0.122040720447837 0.403077472308138
"11" 1.34721805151402 0.301888700295384 0.407870676490357 0.972105377568954 -1.13432559311554 0.128037781295156 -0.400213507854151 0.285092788806028 1.45790783724272
"12" -0.269233692122451 0.271731188035551 -0.0924853677517928 1.5644889896885 0.451359550107496 0.907379787974693 3.11808866188446 1.23745542534921 2.18700862662629
"13" 0.80869183637687 0.473827406883923 1.268244985883 1.50639647960346 0.410360902842333 0.948000642437511 1.33154104361879 1.22609660742831 2.27690904266787
"14" 1.42261977314194 -0.27693240603757 0.848460503249159 0.973914873811329 0.376468112965168 1.94151048683377 1.74446783454288 -0.369514738180955 0.785553976458864
"15" -1.64659870595497 -0.825396943010557 -0.652922379569021 -1.18235988902362 -0.542607268064566 -0.752488859193544 0.242877775634769 -1.55060782525615 0.541217828008366
"16" 0.251684830370561 -0.248384804905334 -0.0842037650737587 -0.615786122468153 0.762140544373611 0.888552799933836 1.41153905485471 1.7868445734025 0.436049386783189
"17" 3.10289665962705 2.19100588767989 1.82499900428969 -1.17036008218357 -1.21303960134872 -0.349962195334147 1.82052008396916 1.00702840397534 1.12606435562644
"18" 0.374942747962284 -0.27687990543649 1.33639950954443 3.70911681763846 1.5428019999684 2.36121874764099 1.31309789598717 -2.82127875391563 0.993542307510386
"19" 1.35869347904166 0.7699298127947 1.75796339979593 1.05051719665673 1.18506617228009 0.117208238929894 -0.695063333817258 -0.796977287856193 -0.694311275412965
"20" -1.83608957925529 -3.20382820332744 -0.105342887708028 -0.841847857206326 -1.25379721890158 -0.435904457525611 0.67204498675653 -1.82875838659623 -0.728642269121065
"21" -3.72594826179102 -3.18643228503553 -2.10901275796205 -1.57969890451611 -0.889521391100608 -2.23157220360666 -2.4286924595787 -2.03952050980005 -1.90117086058506
"22" 0.786651093005799 1.04942582494241 -0.19785986395026 -2.35701740848866 -1.95260192064548 -1.81839230821405 -2.14871983778859 -0.0871122097451158 -0.096827198703704
"23" -0.260670253747563 0.0334334293559485 -0.662747067560927 -1.04477396435553 -1.58476705330605 -0.987378688137566 -0.0478022367058395 0.508775024894587 -0.813187658077426
"24" 1.19327286922595 0.765668629922098 -0.684443667735754 0.256022978574781 1.7549467155197 0.89524528654259 -1.72334359404802 -0.311012020412805 -1.5581312162705
"25" -0.216599608336807 0.0174598825334166 -0.825299971670333 1.09813478630177 0.0169876107189227 0.961058114135303 0.342312963286481 0.680403904175499 1.71064054369347
"26" -1.78584686291916 -1.94015087954959 -2.00520183267622 -1.18053480826503 -0.418081937467736 -0.161991003762627 -1.99092610966673 -2.5519506472214 -1.55006683517179
"27" -1.11124721819638 0.0938289478416989 1.17776209019662 1.46639968947315 0.155959746769001 1.36737341316354 1.77038046093508 0.507480140555543 0.979691428393159
"28" 1.01190691719288 0.121771172812573 -0.927213095649425 -0.490920018686199 -0.289271621138604 -0.48705236818046 -0.548940290267591 -0.133845301937399 -0.331983012852757
"29" 0.0120208189093656 0.572490697069389 0.0114091031837111 -1.42964309391519 -0.351611528475593 -1.29563318968985 -0.541770951998713 0.395282070033768 -1.11929766432685
"30" -1.89561078717926 0.337379172483468 -1.38377239653767 0.042187404357073 1.43982828427677 0.0351582568088102 -1.72251948850407 -1.59569619092375 -1.27700884049318
"31" 0.738149772048897 1.48589992678855 -0.0348193479330492 -0.181874196856298 -0.146183700859515 1.33786485818443 1.81623015539247 1.88096370884275 0.938450593095583
"32" -1.55163330540381 -2.10898036359487 0.155569029081474 -0.731664140571762 -1.34491310213041 -0.522832754799424 1.20771782789282 -1.31319141463602 0.438415985421178
"33" 0.410492877706255 1.31684113160346 -0.870858063860215 -0.0880223079899388 2.37381648861703 -1.00394676606006 -1.35340799819455 2.28737112789934 -0.326989095267552
"34" -0.702305837728881 -0.251910124123296 -2.01453319099434 -0.949704594407736 -0.524531450628008 -0.676550619665714 -0.83526194613591 0.700866814783854 -0.246218838736401
"35" 1.84421675405624 1.19532588400272 0.621686343267892 2.55233002447361 1.71010314736258 1.38408572886406 1.07555929256662 -0.00224566882039812 -0.677862243644356
"36" 1.09116141711213 1.47375042282517 -0.0635821085721576 0.643169104697735 0.91428041860323 -0.0517466100615065 0.26436720134171 2.06249714902774 -0.167553274164934
"37" 0.456030277900642 1.37709594518954 0.620450890844061 -1.30276225760405 -0.575621322578119 -0.60204095686722 2.42826592117366 1.59448578528649 -0.17903016507616
"38" 0.423532407559284 0.161053262059265 0.533720478049506 -1.08377640242853 0.565197701558366 -0.576491132878759 0.998517457196803 -0.215929012699589 0.0642820726795303
"39" 1.7286504839247 1.32018017096491 0.240762445913126 2.05613459496205 1.59698798241446 1.4972655546177 0.84738783242533 -0.188979542102975 1.54686702514639
"40" 0.926307923971662 1.09555666746568 1.70709651873599 0.0565025133852775 -1.51111436637852 0.369615131234897 0.725245703835379 0.00220300943621007 1.89012003495916
"41" -0.740711164266954 -0.532248447267225 -0.985661879884634 0.816009671400208 0.0516549596182503 1.00506762501273 0.95892081168739 1.87474810227917 1.85260122470211
"42" 1.89649983377435 2.21643990550421 0.967609756247701 0.276836318767563 -0.0290252304001524 0.870321472138371 -0.335815555743112 1.65399330634402 -0.191946922144197
"43" 1.22494445087345 1.2472652008706 1.12297081013506 0.368660573484096 -0.173918436966027 -0.243774211989488 1.02817775683285 1.41449687762609 0.29649608015883
"44" -0.713307373067101 1.07895277375679 -0.583395346959325 -1.05789143720049 0.26769569278703 -1.87076199408533 -0.0763721045548859 1.38337121092927 0.415153091255961
"45" 0.201874070178337 -0.84119617014913 0.191636108564778 0.41788068302947 -0.492610223998545 1.50504948541411 -0.0792531706411642 -0.334737416145753 0.572153292171091
"46" -1.87405023753805 -0.638412511694808 -1.66641957457055 -1.65229590518278 -2.00966121591654 -2.29155860322462 -0.799774483591075 -0.146777914690626 -0.962794678601785
"47" -0.349969486195663 0.055650693617473 0.376410602604739 1.019536018297 0.790917818546227 0.968794345439387 0.737306299523958 -1.287527221139 0.812453344077471
"48" -0.854217252014067 -1.39663744257993 -0.234057305693621 -0.991310481007448 -0.470952931173965 -0.188213767022921 -0.249647431492453 -1.85425855879528 -1.5373534605165
"49" 1.58289027037397 1.8178516616339 0.818684234123513 1.50558886897464 1.51041218985102 0.758980705081345 -1.02142828183142 0.638708879080601 -0.774970295120859
"50" 0.225915644048956 0.980892731532322 -0.768193135445648 0.567827003248042 0.620204094380763 1.3512224897787 -1.08997951171639 1.10402101769468 -0.331893822830304
"51" -1.19153667054652 -0.574471898503833 -0.258120170505923 -2.04490584963641 -0.449376281892722 -0.4802401182144 0.155049029450203 -0.729774541184668 0.394170456371149
"52" 0.513587424879619 0.746375719848223 1.72924927643388 1.18434605555898 -0.320705597195001 1.68414819997701 -0.596013661235269 -2.0457869307369 -0.114906958500919
"53" 0.363290132095577 0.257320641344997 0.715276529394337 -0.0406330587391356 -1.12303493671299 -1.12418317809195 -1.40061021100296 -0.368426075631091 -1.70019164813097
"54" -1.23143710967289 -1.60864047030267 -1.26372410790706 -1.31271454238923 -0.0236842074592508 -0.27501355461386 0.245203584072359 -0.307228866635358 0.49039960596552
"55" 0.699708326821489 0.941037880449657 0.362265393670032 0.907751313133106 0.193182852896823 1.57192972727307 -1.58085971460998 -1.33087688066526 0.0390794862028094
"56" 1.92234325532305 2.06646201610516 1.20267978732882 1.49563678619664 0.578005956779772 1.41752073960218 0.551308818930675 -0.843894495165367 -0.328888865614556
"57" 0.928394505543663 1.78610328874551 0.60806886263659 -0.253128768068935 0.204213159681442 0.0269084225189452 1.30937749422535 0.652883473416283 1.05952270558706
"58" 0.936294097271585 1.00740320450103 -0.429044185820222 -1.64161687903009 -0.810210983946963 -1.74119594509491 -0.441067970577402 1.30570537788397 1.41690576929035
"59" 0.0920468325538802 -1.63062635157923 -0.145392446479531 0.394802563794457 -1.85869786809379 0.0692077171856844 1.11652418712904 -0.601120376080577 0.119057044669615
"60" -0.21643910854918 0.374711311722713 0.955280807567337 -0.38719971936358 -0.293279784998846 -0.368298412612029 -0.354336864552549 0.111592701332052 0.768066003636539
"61" 0.290841477311052 0.668671756930621 -0.351167950527715 -0.540887729192119 0.830796287979581 -0.136471369751303 1.20764333641308 2.0140035717468 -0.0908661020961677
"62" 1.04643635608899 -1.19475985117596 0.759145455408948 -0.69300603208648 -1.55142678495864 -0.190323204451008 0.495013804781302 1.18850658086863 1.03281242788756
"63" -1.45629766481734 -1.83174599503798 0.316914554942411 0.774837244681394 -0.588011527338825 0.418951920269282 1.6514921516884 -1.36423369593828 0.705928990542875
"64" 1.21139327624045 1.85285344140497 1.56920298739361 -0.00850153811420867 0.734391964799668 -1.09251647682789 0.987265385665676 1.98343392216876 0.714005102726139
"65" -1.00325848510192 -2.25346522054298 -0.874137341741205 -2.81532491981247 -2.38901280557153 -2.46771367716801 -1.02367017617851 -0.732730076399085 0.75347650651295
"66" -0.140681622746503 -0.487589969612722 -0.690978994448047 -1.35764525633108 -1.02186458296196 -1.9304626563823 -2.20665958326532 -0.511152231001622 -0.104745080229686
"67" 1.95527087898995 2.34469037359294 1.15135876299332 1.53098898005506 0.841767175795905 0.524614527380689 -0.910790235419303 -1.95612477746905 -1.78686104285123
"68" -0.270120755928158 -1.46103039138345 -1.38526430790109 -1.04649462585655 -1.8881592737198 -0.599271096216998 0.726358077007909 -0.77098792791979 -0.200877452614565
"69" 1.87012264543377 2.41576152559179 1.03893485387492 -1.11081431078956 0.223257461130305 -0.686362387184217 -0.373213414296205 0.663142096990936 0.330254851461964
"70" -0.201361054440373 -0.0910262486046383 1.08641213235437 1.50643866942461 0.918589924770968 0.538804745511572 0.670441050452226 0.14602350544836 1.95678459962689
"71" -1.96260422999089 0.008089875527169 -0.61657102067136 0.355305389919634 1.47288202494122 -0.428791260900142 1.71149823607508 2.32810721875734 1.55055476761037
"72" 1.1237071358963 1.15746766835085 0.0114099646057658 2.10160255946475 -0.139858217613898 0.814623899474844 -0.724621664997306 -1.42282841034247 -0.570833486444407
"73" 1.52435716767809 1.88038190951184 0.856580181954894 1.39117269557018 0.407852692695363 0.832455233698065 -0.779126331729082 -0.53676537464566 -0.589676982632064
"74" -1.35879001822149 -2.0364817391637 -0.837392924749859 1.47341373872666 -0.00766366431748733 0.693355362402061 -0.145194920844475 -0.0405958012471596 1.59851857820215
"75" -1.24571077763253 -0.895754294134754 -1.06734342199265 -1.35211180019799 -1.35715468754632 -2.31093431204025 -0.812650371253634 -0.205434274405271 -0.0766543819162906
"76" -0.321616146293607 -0.887929765916719 1.2952508886117 1.42352779941533 1.07704647134757 0.750792907656461 1.67549008814895 0.789902638391807 1.07995617211086
"77" 0.147864603211087 -1.03034620803038 0.351281465335815 -0.109347605471761 -0.239776962122358 0.982463539868101 -0.701509996769737 -3.3309880680336 0.0201802298175093
"78" -1.89188860515544 -1.47111090630926 -0.204682461391264 0.987281771119993 -0.640946866393421 -0.0804120234063809 0.628166648572175 -1.5047983421375 -0.292299135275701
"79" -0.341334152983293 1.006132057522 0.258613869098969 -1.96849055514869e-05 0.895691906192108 -0.203653356619322 -0.603798172632242 -1.45801511612731 -0.299005524012032
"80" -0.217962410714097 -0.22765464961716 0.298643766842997 1.19201133787168 -0.880640114479099 0.312451267301753 0.793106109558393 -1.38629518137147 -0.20378380995323
"81" 1.28400304751446 1.10618709881919 1.35073091266054 0.30446046658615 0.78028047003556 0.95229934298416 0.947992441144617 -0.161069146400426 1.41704860051097
"82" -1.946863404542 -2.15354721992571 0.676827550165099 0.157338322970977 -1.56617616462239 0.00851460350862998 -2.82000883007514 -2.54197333989519 -0.899289333966383
"83" -0.41483587665618 0.413593595888161 0.876909899866342 1.54283268079708 0.630401616262243 -0.855279885528193 2.47533467571137 -0.199333532868887 0.124078154889342
"84" 1.3095662855136 1.59634504524708 1.42286196047532 1.0017980001198 0.421902596077584 0.00204905989759419 -0.2080904618791 0.586707345435247 1.11260151952975
"85" 1.09024845040866 1.86284057467821 0.835338871173978 0.0843022449760523 0.807233645910568 -0.0924488389713777 -1.17267591140047 -0.258553079678111 -0.2795894074444
"86" 0.872993555267006 0.439910382182791 -0.431462244398879 0.746174315354047 0.933620901188434 1.25592067703476 -0.670478568368727 1.12379963039826 -0.496727232663313
"87" -2.01200921569283 -2.31893228661604 -1.51778364147 0.204214917404102 -0.307646113069943 -0.0679513479454557 0.491181173614889 -0.139106592356036 0.858356826553763
"88" 0.984171243516698 1.11342389330589 -0.506448474381377 1.42315043090836 0.827728118658955 0.526845178129472 0.311852657747582 1.03328769167221 0.884166373264393
"89" -0.338087548956649 0.800603265371365 0.589021421142594 -0.487190748703112 -0.569223145492723 0.742478645455346 -2.16899429604941 -0.715007114234018 -0.0759553379612654
"90" 0.131035243938596 0.60432983531026 -1.04295126229803 -1.14673828999842 -0.721830897328087 0.75454676275704 -0.21815146246162 -0.227345446135082 -0.593272505030436
"91" 0.86528612651028 0.0393801359984162 -0.84322882935385 -1.956144036165 -0.557646897270741 0.250301313198315 0.0523553616357969 0.931512879576089 0.259299326383828
"92" -0.404034257345992 -0.0964442227232769 0.317272936392749 0.641997292163453 0.398124168125985 -0.863595044469772 1.53463519860054 0.251964652627972 0.176927968315316
"93" 0.889401251735345 1.38102730423801 -0.998143329029102 0.0920285456444306 0.433341611203306 0.349129030057928 -0.416688486276319 1.49229323006445 -0.87787551393519
"94" -1.25608656496241 -2.18669216304228 0.165301089881346 2.80593667386952 1.69238964864283 2.77167723162046 2.65501484153328 -0.517777279833113 1.1294378795895
"95" 0.91421240480635 1.12104311433552 2.05242843886958 1.72929598338452 -0.232725046661181 2.04908433179439 2.30572824460651 0.444522260903703 1.98541614695915
"96" -0.0320514787298364 -0.625973185463676 -0.431801770570846 0.0100890180603387 -0.853894007193343 -0.871285583136707 -0.733602278540866 -0.516286787306497 -0.840184299780981
"97" -0.990042949374726 -1.47160853458806 -1.09205112412663 -1.8600649924304 -0.189513509887876 0.206780264332166 0.453213775272299 0.187696740418495 0.412628409625143
"98" 0.636434367327211 1.56127971172875 1.1346322396523 -1.22451530630712 -1.38470029359556 -1.64484440508538 0.663260019280159 1.65165767210179 -0.0266251013304671
"99" 0.324652125447892 -0.960650488393802 0.129034815294283 0.245410084859125 0.602747690217877 0.56229935850747 -0.523492503640435 -0.241366293837382 -0.0530581629253051
"100" -0.473927548865125 -2.71895401669645 -0.926203372187238 0.699068374835569 0.441980476166746 1.03620387402523 -0.71040758748585 0.253773497603598 -0.761697770060216
"101" 0.262172150030358 -0.442150465491949 -0.840535341914074 0.493578152907666 0.954778437602436 -0.776402060601363 2.3320481609757 2.90900020329104 -0.855381735386595
"102" 1.53355284487517 1.47592130052723 0.0989866004486675 1.5145245589206 -0.531583680474253 0.38758943778229 2.22534956686255 2.02949680250831 1.60760084813625
"103" -1.05045057728024 -0.985021627758423 -1.28669652848887 -0.58762764899651 1.51891541991977 0.428696620282193 -2.18434567723606 -0.691979413396475 -0.806044237123647
"104" -1.8626553115939 0.00849598657325867 -2.3478277686027 -2.05863206814484 -0.369553182192538 -0.284241713087554 -1.26128982639219 0.614147618763768 -1.49054754949819
"105" 1.15302492745424 0.542622286305547 0.882900362783755 -0.426114201869339 0.625508514879529 0.139573079953518 0.384310939633504 1.61593191299268 0.531630960995749
"106" -0.934257386381251 -1.86789096889272 -0.495210124647071 -0.952356954712053 -1.3304758837321 -0.950121697398692 0.307914342150112 -1.8421017761836 0.250143429172627
"107" 0.461018333387244 -1.20054143425453 -1.88225810224404 -0.648266132783495 -0.302350061980444 -0.664997811840948 -0.94231969454521 0.0699475499189547 1.36824755516369
"108" 1.25289614103602 -0.983506893513279 -0.242039575128131 0.407538498614324 0.0819766907708553 1.62585407596205 0.122771105506471 -0.112943223736908 -0.0722990275982525
"109" -2.24974831217171 -1.55869128840755 -1.25788406574575 -0.640049623011512 -1.32410646068669 -1.25520443741413 -1.15713514560554 1.13699353988116 0.0801086811956839
"110" -0.528841477851717 -1.30998562526908 -0.952814606563765 0.115949491051032 -0.820801439730441 -0.841204583365436 -1.53730339185253 0.575234983481336 -0.326386225322562
"111" -1.29736083538913 -2.58602466581759 -0.226499874776077 -4.04883572988814 -1.50686721496107 -2.42841570744367 -1.41865339729366 0.831138946251542 0.900128615280635
"112" -0.421191048101695 0.103530172269345 -0.0180376321371964 -1.70941294390145 -1.53123337217298 -2.27439753283674 0.980369610517069 1.76283742581381 0.625929918397006
"113" 1.42270822031197 0.407491028777403 2.17506367177587 1.42105165616759 1.17148304405606 1.89571891183256 -0.31446263028683 1.89989164336594 0.656708241636348
"114" 0.196021827686521 1.26494023152373 -1.14182306538004 -1.05033158316543 -0.387491802223682 -1.5379575712225 -3.50147941640042 -0.368849814120555 -1.94482387315654
"115" 2.45118225302893 1.02323565311135 1.43786560934136 0.610487782123127 -0.266089862455693 -0.0391435538768268 1.94084967839172 -0.786949459462096 0.493031449387495
"116" -0.849391093145644 -1.14644966980496 -0.915992121675341 0.437848210889122 0.824482800415798 0.740808113462914 1.79684542177217 -1.95057805748079 1.53370845811895
"117" -1.36212461476184 -0.0566586443426687 -1.8939038506042 -0.815635026256365 -0.081706306470068 -1.11729285441823 0.538809300970048 0.992920819810675 1.04407572934406
"118" 0.775075910264109 0.537843284242831 0.877919280750994 0.541498869749994 -1.78707203456428 0.409370409261577 1.66653604320097 -1.32032048057813 0.596297447356155
"119" -1.3630277070155 0.405274291871486 0.125446467994129 -0.497878516516252 -0.147566133334755 -0.114306961225387 -1.9463315969861 0.302476975682113 -1.75604192210777
"120" 2.22560622547102 1.92103863528985 -0.185163605940257 0.881065747621569 1.75269701188002 0.259815263492079 -1.58259031170487 0.185333277334679 -0.543675398892023
"121" -0.585847302566434 -2.08157541409103 -0.937374464427482 0.10650606676454 0.859878691273691 0.0372520782198765 0.235903999966287 0.0419777983419337 0.751383085598676
"122" -0.794181207833388 -0.52670752943579 -0.32742711767094 -0.552494325474968 0.678529313774501 -0.711815060795712 -1.13424231471476 -0.207700529315542 -0.124704604365276
"123" -0.920242807712399 1.93597251416462 0.199830835427078 1.44201013753761 1.64172565545115 0.120316566033236 0.046171481795006 0.66930976071659 0.76120047363841
"124" 0.242556596510364 -0.90292537813211 0.177820197309072 1.68728950614822 0.823989833055844 0.98518114813686 1.55482272082351 2.20738900787203 1.65105718570434
"125" 0.434612643100891 0.338779089524651 1.11074541905348 0.834389551451377 0.765653165708749 1.37024103442021 2.73457464676413 1.16151089192196 0.66600919620728
"126" 2.10824916067046 1.00585511633417 1.61535845416896 1.52846904050266 1.34013732948016 2.55624098378283 1.64526730292498 -0.824167862869712 1.31383852406559
"127" 1.65655683057696 1.32825799859318 0.0895950377689581 -1.15030879511084 -1.41041214396075 -0.355496505670682 2.13009154476479 1.15667068434013 1.2039505483563
"128" -1.63244642196817 -0.11663721661013 -1.04223372249551 0.106066575008073 -1.58382934315524 -1.36887217947055 0.291898353122619 -0.184973781696938 -0.798990400845694
"129" -2.21102196651304 -2.96372341630648 -1.18462518210463 -2.49840946216172 -2.50967423891821 -0.784961336397885 -0.0900154458049151 -0.903035330070965 -0.480022947054437
"130" 1.0393778422979 0.77659188300807 0.618728914126458 -1.58374814400054 -0.0707856221088251 -0.704063320497682 0.359775475713603 1.34293868921831 0.109649112864279
"131" -0.331841893677615 0.637300851130783 -0.0183186096433355 2.45731433029051 2.32040140585369 2.26563107627946 0.750940666853653 0.396224036135788 1.01208700250349
"132" 0.806570561033536 1.89586136630748 -0.806016687307527 -1.02626402661172 -0.0053544476649916 -1.28912283293718 -1.77843722963139 0.914775145704729 -1.85409804066501
"133" 0.303763481897946 -0.679311371623844 -0.847344986965619 1.52716573227311 0.650405337930017 0.752657678900387 0.376706792789429 -1.06217911950437 1.41372347553582
"134" 0.13151441679185 0.771463396471598 0.171697437863866 2.78047800913046 0.480801510568046 2.26215762950868 3.0997280408379 -0.419544641917722 1.83268915418274
"135" -3.20660316011886 -2.94633232619699 -2.62808311689687 0.130487678605104 -0.391861587909259 -1.15923385177253 1.24393778568682 0.239352477788005 0.134552770589418
"136" 0.759846709982162 0.617221150787722 -0.039272974969627 0.10196814937182 -0.137085983674865 0.0442746166981085 -1.16118592609052 0.0594040491005054 -1.63667824989767
"137" -0.324486502889484 0.41741985403337 -0.0800399695798069 0.0361188831606898 -1.27234389270761 0.188540280607989 0.15733943267071 0.329552520402058 1.29607175116225
"138" 1.17938281427602 0.687189493933243 0.129691488447878 -0.169842618220945 0.53293629078312 0.429407285401659 -0.138719012500157 0.61618625826691 -0.897667536448569
"139" 0.499281094391398 0.332954861103788 0.35008476450078 1.5589888556481 0.639397137666667 0.264013313667834 1.07655742661984 -0.521825840020273 0.0631286500444211
"140" 1.06028570176022 1.42774757714992 0.897215921300438 1.46677382137758 1.07421847445052 1.21526124803911 0.307306999373464 1.17187451310666 1.10392976385237
"141" 0.158889295874699 -1.78793150443366 0.149597433561124 0.26526156451541 -0.323302489478107 0.208078567197863 -3.08755273722087 -2.48610609220469 -1.94667954373486
"142" 2.81903433362967 2.07034012510798 3.0237809681039 2.73954533151347 -0.433174561863401 1.6837515100752 -0.155958917263144 -2.61516554888949 -1.03050424011446
"143" 0.74962854862399 0.776841705315886 0.159778824937253 1.61899746763511 1.40440409345462 0.959811071411766 -0.325330164734892 -1.06484034231468 -1.06192730099148
"144" -0.599421114239703 -0.731573096005626 -0.026449777108167 -0.792931231086121 -0.14370731525583 0.123741995085239 -2.00984429501798 -1.3925092113752 -0.726728498691613
"145" 0.702765601910001 -0.188349099196823 0.362584947756033 -0.720589702372472 -0.252362634933994 0.219044571697579 0.403651732757065 0.0444249805263126 -1.27948386941153
"146" -1.26754273347046 0.193012748799778 -0.705511302422132 -0.569310884015573 -1.03112883830735 -0.845061880393344 0.0409683577109751 0.647553678334864 -0.257314953448887
"147" -0.133796665470673 0.114255561227464 0.251643227574494 -1.38912548131646 0.585769085031759 -2.13396511803369 1.19718240774004 0.272342011623066 -0.533844309277515
"148" -1.67854818916615 -1.02902762987873 -0.275448337075335 -0.199660063613355 0.672607703865804 -0.815783465031835 -0.835852491180734 0.575867524698113 -1.39748740613486
"149" -0.406501472033905 -0.243472227009431 -0.262771033208495 -1.47281679100696 -1.15872718702435 0.334945274447252 -1.49750951806702 -1.80977228533283 0.0333324632304015
"150" -0.917831253100534 -1.23300123178666 -0.468397175013715 0.430670447045335 -0.353201279916925 -0.781474153735674 -2.34069830424982 -1.80924611307519 -1.11852156709352
"151" 0.779489799114546 0.974576734381639 1.29069944077039 -0.196954530498857 0.0642275336009817 -0.0467227706144268 1.40054494001527 0.204162708141249 0.235481269427107
"152" -0.728744598384903 -1.31516827793798 -0.233442708424355 -1.37263934218094 -0.4271647131718 -1.14527018186166 -1.66015831673026 0.418777202718964 1.33215879750481
"153" -1.64966791364563 -0.180012765794894 -1.13816351186534 -2.36554282746223 -0.277329604492948 -2.32888460387365 -1.52515684548394 -0.102002377402316 -1.88998771582529
"154" -0.311492173774658 -0.578815789413917 1.38142033031284 -2.22608091904234 -2.38565809788145 -0.882133803432953 0.540403410155746 -2.03039613036582 1.40559165762288
"155" -0.465052594472252 0.235111431589849 -1.34310220314328 -0.279471368940439 1.29050833129537 -0.716322030224015 0.548712954738328 1.81119543760097 -0.429300399934778
"156" -0.210736058094196 0.348804238562986 1.02182520050408 0.448016209777662 0.00824569451565338 0.154681984586187 0.768413365175998 -2.48393831053591 0.065144108347366
"157" -0.199037123010355 -0.0737324140669746 0.10496138886772 -0.0849341073877613 0.115281294541732 -0.255873713513401 -0.290776894787158 -1.5272812789841 -1.16090061985766
"158" -2.79589360058012 -2.46392527762173 -2.78425093328259 -1.98288678423363 -0.240760233061786 -1.69866459489862 -1.11063029395714 -1.50252207299744 -0.646322422952997
"159" 0.175604208996507 1.54590709750717 1.93956358445229 -1.55654997010982 -0.602526991859856 -1.14623168273637 -0.241706713766866 -0.0222635462515089 0.181724092055382
"160" 0.289863387956561 0.832036519377029 0.148723772844302 -0.470549599885524 1.16530391180023 -1.23159374764216 -0.725957853067983 0.175313780875778 -0.197628553481468
"161" 0.891687725716055 1.2529773505195 1.36340834420401 1.34450718945316 0.484005436619119 0.655656174376914 0.148586908512497 0.316835760599935 0.710749571478456
"162" 1.03062939652411 2.04852602500323 0.683048219473365 -1.66488478995167 -0.0112962308898709 -0.884116318802382 -0.366643990203156 1.06538231410038 1.27185196958468
"163" 0.200226645595574 0.483438753279018 0.662337078640316 -0.703056868763382 0.0248449608680757 -0.138688849195672 -1.44725586688464 -0.420143521762108 0.738657601777489
"164" 0.413631868670437 -0.33039678300197 -0.448465890812392 0.308042471323917 1.57840697222858 -0.667519323359457 0.231868853555984 1.10546289635468 -0.691077056165749
"165" -0.668435461208232 -1.92863669350591 -0.0139130685392697 0.837797063610296 0.749754192700025 1.91828037102791 3.00619634584053 1.24986561822235 1.58215954296607
"166" -0.920161555658117 -1.12188528772071 -0.360299126800206 -1.81336924284889 -0.868984929104019 -2.32396128044586 -0.589506456348114 -0.064740435800087 -0.182787513656432
"167" -0.658188034835496 0.70568853493406 -0.765373919709532 0.346906163095527 0.19157246180457 -0.542907957629241 -0.66945863630759 0.576204765765579 -0.926676781229884
"168" 1.17497690634495 -0.0583278617165468 1.24504900776899 -0.390305642609586 -1.13391840869977 0.21287506127692 1.21249822676781 1.5975091448533 1.84913672970365
"169" -1.21808443384254 -1.04747970261583 -1.1191974635947 -1.7192601814953 -0.271108572999431 -0.339128963239193 0.0795961706240361 1.2753338474221 0.0988048487674045
"170" -1.01244531375774 -0.799478857795995 -1.25706765556857 -0.531755835103682 -0.651665087529537 0.600270411594483 -0.441302657642761 -0.192351446881575 -0.00262381624569286
"171" 1.3424829889173 -0.215493376979203 0.199166204070734 0.622378285634114 0.492499063409031 -0.0918246165163408 0.968299688002998 1.11154062501871 0.800387754218241
"172" -2.15878015705303 -0.391268290878167 -2.08819408073285 -1.21821867761775 0.320357766893299 -3.05896474412059 -2.69253785411435 2.57547342487942 -2.10528693451985
"173" 3.3580358390377 3.22199658936151 1.54732634283957 -0.719069145678813 -0.675822715872757 -0.337611138156538 -0.729878555085736 0.584042615456864 0.192133280762855
"174" -0.363061912643222 0.594576915754434 -0.175741723022422 0.218052289605523 1.36541443389459 0.0711748870899791 -1.25944515281047 0.165432716085915 -0.0750792932012728
"175" 0.512654616115942 -0.539312265503839 1.01565257687574 -0.104335914038869 -1.28374656957336 0.719667322675842 -0.410636842748408 -1.7632574462949 1.10424263779169
"176" -0.891170996438273 0.600809913186935 -0.18511271871511 0.165589872724724 0.308085809234248 0.108208613118959 -1.56393819963676 -0.195206778331209 -0.383011483015182
"177" 0.627347169423294 1.03712944525808 -1.28921557420346 -2.12164961630425 -0.585663980427232 -0.9513224774421 -0.847234023707097 -0.107419246738835 -0.357586329330618
"178" -1.35936280975904 -1.62711849118153 -0.256117782478501 1.01103838455235 -0.187801817026777 -1.33469936682373 -0.0493709102102129 -1.16819359931431 -0.0984399369427438
"179" 0.698766454660365 0.910475291220409 1.53379825130441 0.457165365550809 0.332662609926455 1.39913960761747 -0.422637168782299 -0.509020223566129 -0.750605914043926
"180" -1.34238866734685 -1.28161026956138 -0.58084529040766 1.07506719501014 1.8709111355918 0.462511100891889 -1.69230484721272 -0.690823028904651 -0.500438310012638
"181" 0.354188305002339 -0.481728146553378 1.62022076337509 1.0330802486115 0.157265257621343 1.03641861707665 0.408945819954139 -2.18336650004169 0.218059129257155
"182" 0.815353647246034 0.869038390013184 0.459999798817666 1.26849474329547 1.58295060800109 1.59562461996475 -1.28922832327772 -0.330821878755089 0.0872847234483713
"183" -0.0433759446170655 0.293336177280144 0.80702178028118 0.465481776545424 -0.496868049792483 1.01873772290351 0.933324347732476 -0.742686901822968 1.39310370017859
"184" 2.0601915189165 2.29838103838982 0.0792872116620208 -0.269141020001977 -0.661639689341803 -0.735041358064437 -0.366748657504264 -0.159841301131051 0.839640364827817
"185" -0.483326799367083 0.529747266071308 -0.328135958288273 -0.770261733872973 -0.588801470868535 -0.708546970176445 -0.654723987379422 -2.88790195795971 -0.740377131614438
"186" 0.486812676905089 0.784564988274374 0.347441560081596 0.698477756633162 0.534946918114636 0.223443793762959 1.51763964117244 1.36616611171702 -0.564398406826153
"187" 0.110187901240173 -0.174872291683601 -1.21283611971498 1.30434454091881 1.8759760722774 0.680600570670949 1.1680050844688 1.57570905067389 3.71368810822955
"188" 1.20882273533567 0.318965253517854 0.623813071378952 0.103289809476184 0.737215267954233 1.007860161283 0.743090803181032 3.011632230268 -0.187420503535689
"189" -0.291858342972215 -1.28085627924703 -0.495821849978436 -1.00529215242036 -1.55829040583271 -0.404014995238134 0.537179934421165 0.949717525218042 -0.184611874436796
"190" 0.730788603660576 1.88225134200525 -1.17183061957449 -0.245094264165807 0.125874075789235 -0.40410816275063 -1.51831038111055 0.092336483508457 -0.76580994104176
"191" -2.53288404996832 -1.33782096636013 -2.31729806656092 -3.17112284225932 -0.757070469301422 -1.64751068141975 -0.299555917630398 -0.767145816925476 -0.46560381290211
"192" -1.28214702041811 -0.480281615310613 -1.9461011559874 0.963285091322101 0.374455070893056 -0.204643485769425 -0.441284563749506 1.15812915888336 -0.90404272385906
"193" 1.62206308841538 0.0417904500699496 1.22997122283788 0.289033145750205 0.110458707716722 0.94796511879487 0.341559786311419 1.32278696017336 0.376919402312467
"194" -0.928422315299069 -0.496645405156409 -1.84212388785848 -1.81974653633302 0.325503706452491 -1.79891496991903 -1.94242819512501 1.97919312562767 0.166671265168807
"195" -0.694253127930247 -0.0666391623735997 -0.171844446612049 -0.152221915376405 -0.2214561321382 -0.037479581447143 1.13054594311927 -0.00158360764163712 2.02658947659569
"196" -0.570149554260572 -0.433387373172244 -0.0298094112471722 1.60567381416874 0.670700786078501 -0.0992600656198668 -0.736488153694054 -1.58914198614852 -0.0255192647265392
"197" -1.05779494881356 -1.03385367202492 -0.965020212084576 1.33132792766927 -0.453751304723215 0.0675155317268252 -1.35840542986093 -1.72647461465481 -1.69207938971401
"198" -0.0966434388615862 0.444989368631216 1.60812566572476 -0.503861784716428 -0.57847052539234 -0.789527476377798 -0.997129099306932 -0.650186918237734 -1.78430943847229
"199" 1.1596068600744 -0.336131093366108 1.10135070887049 0.337322501276573 0.220947426564056 0.0601577903029372 0.085131717808842 -1.60253204044453 0.317201194571142
"200" 0.43865856360119 -0.341307806608795 0.747968255948992 -0.403231010121953 -1.78822999377931 -1.07626844471044 0.971189598671298 -0.276690762691499 1.74922193261787
"201" -1.75808020158665 -1.58616404740596 -2.11249401702628 -2.04284916741255 -1.67490118317576 -1.2193351819768 -1.15972812313829 -0.232622892905626 -1.20476348214918
"202" 0.3390877878341 -0.666614188298471 0.19365184144643 -0.597435498668204 -0.582347557184591 -0.627402141275752 0.636196154211479 0.100438353422822 0.218355426902448
"203" -0.315867944413809 -0.104984788528904 -0.435683749871901 0.407138746938507 0.366039076158419 -0.46621019252049 0.0621320121561891 -1.76993582671767 -0.559372101986806
"204" 1.01481886179283 0.870047285090313 -0.414285463150034 -0.614318433940542 0.0488888942078003 -0.00216476432079615 0.183962589882762 0.633226554789016 -0.237328569500226
"205" 0.63548897373226 1.60707657226551 -0.132497381749842 1.56744491414978 1.18842370668379 1.25954687962979 -0.51548502275062 0.0465568642612537 0.0787522084407786
"206" -0.32812011995606 -0.134928017585898 -0.250821139765616 -0.19868812671109 0.256608097946098 -0.0572311527690215 2.59458449107617 1.22365149608579 -0.147881813153588
"207" -0.0645063868521967 0.116538030011833 -0.479527964568992 1.11075516851335 0.706017080911029 -0.479038115299755 0.754422363262374 0.660721320621265 -0.764556352207793
"208" 2.44304520651368 1.02070609701896 0.376235172440734 1.91592485649803 0.968007733979361 1.53627226748465 -1.32344114847547 -2.01087101395455 -0.289904132350877
"209" 0.665733346059413 0.969469505861264 0.0111003559435589 -0.164829744792083 -1.71493707687061 -2.12854569301938 0.109761736151321 -0.481340209646407 -0.425236227229311
"210" -0.314001890847435 -1.5094195755362 0.110024503125461 -0.06466653498423 0.140755040573222 0.250705127324495 1.21270924299625 -0.083293583194031 0.112804992220916
"211" 0.930387630560466 1.87983112822861 -0.133408817758879 -0.598557641297307 0.28740902473172 0.422157430832573 0.491601067577519 0.737734996885827 0.861777887980504
"212" 0.438543703922642 -0.189652522151224 0.887631485013489 0.436132187266669 0.0688051557240404 0.234233573889356 2.11579717634711 2.08449957937429 1.39220372930351
"213" 0.366754336320667 0.629617930096414 -0.528672811966338 1.13202862187699 1.47033418815202 1.24305856864244 2.1609997715498 -0.00925973107623546 0.40131273672073
"214" 1.71320805126853 0.762849164745923 0.798832457579817 0.866817654848616 -0.10485505222948 0.448578110181608 4.56950614871668 1.94608354790678 2.00366533035921
"215" -0.381207227004625 -1.11056397409108 -0.666208085400568 -1.71722851707762 -1.73605118837673 -0.57508733089989 -0.889779456132287 -1.2730011621676 0.19362998943056
"216" -0.868323535054515 -1.29365782997067 0.41430820948571 -1.14574621883968 -1.32068995929755 -0.304111516828879 0.0544366979016381 -0.593291669296044 0.414597531257176
"217" 0.138414420951066 1.16375035447154 2.29756245018805 2.44588533713623 -0.124988663002844 1.10518324828761 -0.695810934404793 0.0560817939192635 0.862201064578377
"218" -1.87817302608592 -0.372199315629163 -1.10423720422149 -0.586158618923849 -0.626290958495307 -0.537647501621453 -4.059009840944 -1.78462751986977 -0.722167369723642
"219" -0.973375571732126 -1.20477354087981 -1.25979364563989 0.27847950104039 0.534810609107564 1.37906611284697 2.07365137327754 1.49059507009005 1.36898517957087
"220" -0.0392803267465133 1.67495400831983 -1.00374000874602 -0.293133138751803 0.88038526704478 -0.495953633875254 0.540835232134583 1.21769566763362 -1.09737120637596
"221" 1.71890439747475 1.81286315372929 -0.414925452111023 -0.59237679553331 0.471915584371327 -0.105905312575098 0.864530763045555 2.02335995130191 -0.14677688542381
"222" 0.181229449270199 0.611091685348973 -0.279314290360448 -1.58776739814365 -1.09092919953549 -2.72158078964804 0.117193591309595 0.291069839438009 -0.0623041675774889
"223" 0.403201055439503 0.146982090531456 1.53117757789086 -1.35562657120668 -0.139276233564611 -0.615355622970475 -0.659177380506318 -0.646796574327095 0.980474420125694
"224" -0.526120376549267 0.529461898096341 0.145109354362206 -1.63401820221594 -2.07699055869112 -0.320914810039866 -0.252188948582239 1.48609025463612 -0.832530090868564
"225" -1.85413526589749 -1.01046921373515 -0.60440962894965 1.00132705276153 -0.0621311390514068 -0.831737029294389 -2.24050268350578 -0.512226327515865 -1.50386921805462
"226" -0.387091861282053 0.105147461957844 0.317581766253493 -1.38789825594022 -0.0277379226107476 -1.65806280759024 0.279249242578394 0.190369650104985 0.330330355051204
"227" 1.17357122079131 -0.914206708598774 -0.0610005361394174 3.97122401996506 2.61869340383741 3.1280795669499 2.06504777592214 0.342270916433597 0.196070096094358
"228" 3.01964096530288 1.26631224955705 1.17190382524458 0.372520928855199 0.491137776355901 0.778926249125147 1.383368637886 0.131544353729485 -0.260818371988551
"229" -0.331635712174249 0.559248198907841 -1.03135962259813 -0.0934135405088242 1.41275486978088 1.09384359524723 1.3095167586015 1.19671703617248 1.25620292287111
"230" -1.61772000109739 -1.62716946281861 -0.207035225811126 -0.675991455033775 -0.48474157224889 0.0274213924779367 -1.41712207405226 -2.72388039694831 -0.894824498712504
"231" 0.26351000417106 0.59742254788734 -0.123404845783797 -0.0315859566145508 -0.942729297068615 -0.878664124879245 -0.377002800777946 0.623941253787033 0.800928114428931
"232" -0.191009575980004 -0.993702682041055 0.242733213047147 -1.16511581338156 -1.10924132700851 -2.34264147914389 -2.12560700355678 -1.83385657045375 -0.510594541928472
"233" -0.246333268031156 -0.344810452421778 0.394649659086314 0.963488791050609 0.643245063370241 1.3207343632935 1.03311624808875 1.13542332347938 -0.697923999351017
"234" -0.0264132628675096 -0.185636885807362 -1.45554477145519 1.21820014221647 -0.123422447046589 -0.108239127488432 -1.38365749256333 0.720640915825509 -1.45072808014739
"235" 0.728943303513479 2.29027189125471 -0.190630056132418 1.24498319216147 2.00965653094963 1.15733570299238 0.555946546761289 2.109189983027 -0.0826555933646458
"236" 3.77742701191781 3.33077344162596 1.68221757928898 0.952176079877174 1.12361695971095 -0.317420928747304 -0.827500919418035 -0.262534221944513 -1.09847570753055
"237" 1.17444622172301 -0.30819370268339 0.333777221271496 0.333850939381817 0.182812786178866 -0.384033689358835 1.73780943875561 0.0288820151654977 -0.547274696685497
"238" -0.178914778804701 -1.58392654243865 1.59021474652265 -0.805561736277807 -0.0745011843515848 0.238963317572187 0.35422701022482 -2.86365992176199 -1.75716538096233
"239" 0.0465514677408165 1.44929404984041 1.45320865437252 0.992129923053243 2.1477300778098 1.02432942735456 0.616223423450294 -0.310759390643852 -0.270060420180108
"240" -0.146840236214537 0.0309185577844725 -0.560444425483367 -2.19135781424566 -3.22156920385177 -0.963906523758122 0.727733673588815 1.47986501251685 -0.0915284505850171
"241" -1.12284174327186 -0.499128290062755 -0.655030917090875 0.268209234875022 -0.460769421304159 -0.519363722920909 -0.839710525483721 0.0105188813115515 0.440087742766892
"242" 2.52666258956296 1.59144826187759 1.86627433522628 -1.26526066528391 -0.548003259209283 -0.374503355449915 2.49694158374393 1.71143545252317 -0.63003588893458
"243" 1.0034721611906 0.678713586477068 0.506426662338506 -0.533867342002555 -0.165622042111903 0.915716477781679 0.966561405055284 -1.3727120462214 -0.729255464073808
"244" 1.0168105411681 -0.740547477087677 1.24636712838118 2.031163493566 -0.551950602034901 0.395739452957266 2.49375845486822 0.361216272009706 0.818262317463035
"245" -0.50240373437325 0.995675612587195 0.367773038998057 -0.277850685770948 -0.47204613033422 0.688058751468324 0.597622224146465 0.35706261115337 1.17558173420082
"246" 0.198664004549185 -0.0581740573554724 -0.042028865264215 -0.258046147408406 1.24841717431908 -0.36838454773038 1.41058021695647 1.72170964617623 0.538322684345186
"247" 0.238335751208223 1.46323839441696 0.384076711352215 -1.15112153428244 0.783173159444784 0.443616238745718 1.16666619915813 1.9669485877884 1.34647108204438
"248" -1.73355703444379 -1.92927747296962 -1.12078889379419 -1.89031769909753 -0.444383766191192 -3.09088771028914 -1.17619861899301 -0.00515814767686956 -0.370009003204314
"249" 0.75643941572558 1.49811625260559 -0.825535910576404 1.16472085473762 1.50924381400098 0.784407684081471 -0.90505068874393 0.130025584586703 -1.33068800180805
"250" -0.815269815671468 -2.00261140192278 -0.636739764459324 0.288868359839556 0.693607396083706 0.115891157328126 -0.965036625606021 0.0554849089910135 -0.365779549850499
"251" 0.428377853852776 -0.422378444218935 0.362529795707461 1.22617305120294 -0.549275438194403 -0.713159727812595 2.12867731132544 -0.052710049226572 0.492632825152687
"252" -1.07500918975936 -0.0969182181094208 -0.806339788403073 0.0893959605023814 1.4207870001214 -0.235654505111345 -2.02083445108033 0.0191398395240216 -0.524824773472309
"253" -0.321799818879888 -0.248881613706915 -1.17546356337891 -0.176219775046672 -0.113422613459241 -0.791555747476561 -0.215747608529443 -0.395634112689588 -0.749916256265585
"254" -1.02335153307849 -1.29349059143436 -0.863424041625479 -3.37692166005638 -1.90957051073209 -2.60814142055307 0.68178834479241 0.336692824765922 -0.713233278995342
"255" 2.013623298655 2.5845051182639 1.01176315089815 2.16721535476707 2.46510635736895 1.59031848882032 0.0629733644859202 1.22290973691089 0.728893520694041
"256" 1.63731525004378 -0.257081486053804 1.60227871937335 0.465907090209241 -0.231895805164794 0.322325839938917 -0.823187711735365 -1.80937201721838 -0.86040267792806
"257" -0.642605593206891 2.06859941742142 -0.668026467160815 -0.457737699367995 0.567308569522593 -1.18438038883473 -0.711398326871521 0.538202290541169 -0.562526464255299
"258" -1.27379230150475 -1.60452036582809 -0.205935795987238 0.362490897381411 -1.36111187177122 0.615963999702964 -0.387725479924484 -2.72703439362352 -1.24360570500199
"259" -0.0882268642034986 -0.385447391151781 -2.44761419801183 -1.17108468063326 -1.16360174922652 -2.05686953665333 -1.40245480687653 1.69110868051199 -1.5061125898222
"260" 2.23079762506683 1.67834361655857 0.796952859338682 0.213553894822357 0.39992091698154 -0.366042984870029 -1.01897403615244 -1.21894307011084 -0.0444390590836645
"261" -0.824146002764094 -0.356502037835493 -0.659274875702655 0.273426912364119 -0.194238708374506 0.220869408012686 -0.0705055984316664 -0.224683396462877 -1.05164301256551
"262" 0.767632720723118 1.74238968554302 -0.385161406649817 -0.713035536163 0.159759507441828 -0.16262016388531 -2.55951187700611 -1.14029991365475 -2.3080613319178
"263" -1.55814591458991 -1.04485940305824 -0.590476832621726 -0.561587260216957 -0.115928979727118 -1.10073029383994 -1.66920371773257 -0.306794100624797 -1.96907985184687
"264" -0.052299286925806 -0.361608658723097 -0.778897152235464 -1.62539620785405 -1.5308547018445 -0.89432053501984 -1.49642525041001 0.916769704713466 -0.957772832799607
"265" -0.678697062709483 -0.427013243102352 -1.056688866076 -0.511756344544616 -0.688068869131499 -0.938628813770187 -1.54051290503687 -0.861484973216147 0.118416544986838
"266" -0.0514768724718728 -0.387391133827519 -0.73923757671739 1.67130524521184 0.274978004550254 1.89286410786775 -0.0217320869790213 0.273374127755918 0.0916181514378428
"267" 1.70122610934781 2.04140277814759 0.459817263804293 -0.613647725189515 -1.18479853490879 -1.4383002945008 0.899109745225077 1.740770491454 0.0155381840594055
"268" -0.185506049617686 0.650575113935106 -0.485341827561482 1.30484787081602 0.372715058998288 0.45864404309983 -0.0588581184925286 0.0144143914455447 -0.16412858238174
"269" -1.22865668961843 -1.46150754255812 -0.858481350117816 0.593414609968728 1.12907724393329 0.0253501720195297 2.04008011976097 2.31141798900404 0.934675407086483
"270" 1.27101942128546 0.504006398050069 1.41738007253359 1.29819166665702 -0.567849042323589 0.494872330031199 2.64081265012966 -0.242836086868081 -1.05860431281558
"271" 0.546294426458564 -0.474251087224261 1.76382587092012 0.264282710779242 0.246028039068558 0.477355610207319 0.542972904422594 -1.6468099236198 -0.0991414448660854
"272" 1.03855654244602 -0.272007035700453 1.060690550967 0.791135351287067 1.51359473794222 1.81167549132322 1.05729603377141 0.700591311446582 0.475424462670116
"273" -1.97396468090467 -1.21498835574612 -1.15607146929217 -0.154568861687599 2.24868380710639 0.598878009482261 -1.39184474258124 -0.601472705251874 -1.60976908126007
"274" 1.21459206701175 2.57265933075104 0.366609346792754 1.04161008796805 0.965243326535131 -0.481886177085067 -0.968130430713959 -0.284656867337666 0.112466339115867
"275" 0.098101256728077 -1.08229476813052 -0.456871677862901 0.726540995680616 1.06736738662503 1.07948541695454 0.760690404407842 0.360375772265727 0.320071198137371
"276" 0.684825174038806 -0.771798002965692 0.35288602456497 -0.689391212731894 -0.69932443727598 -0.447650292771156 0.399864361058108 0.277791912185516 -0.182950570609468
"277" -0.737552775157851 -0.21809422196662 0.188057490167182 0.467839220799036 0.697787703663351 1.56243736041081 -0.14329769963242 -0.989168493498423 -0.582909341384985
"278" 1.87063533501425 1.70305556394383 0.835295939276547 -0.785971833774179 -0.719335766075549 -0.0437261310448023 3.39070525212758 -0.13556932166973 1.15595323278812
"279" -0.98576291678004 0.193146127532859 -1.49191981488661 -1.4956838751295 0.0796165762686505 -1.50056700736102 0.238050925308982 2.09796235547298 0.504629454334688
"280" -1.79685599876795 -0.941865760191292 -1.83811771804287 -3.306251365118 -0.153309213517392 -3.13153384097528 -1.44137057362244 0.52618274473859 -0.341155028700079
"281" 0.124547840189242 0.833665784738618 -0.827510204220522 -0.814401827913369 0.805038135904048 -0.377958800192461 -3.88505542779105 -1.19004636928037 -1.93631091445509
"282" 0.144213538044003 -1.09119865177603 0.282952533070811 0.162304242063171 -1.11770172809597 0.0773176819472217 -0.244260574436743 -2.94523235828518 -0.0807764111672048
"283" -1.20398135400469 -0.540085054766409 -0.779548171954223 -0.273400850542234 -1.0903486095019 -2.55211657286621 -0.524165435589361 -1.03666449787902 -0.197899067758874
"284" -1.50672536621786 -0.672803997754763 -0.974774916040826 -0.242154895865517 -0.168464124302451 -1.41166753808874 -1.42006653952898 0.953246266011858 0.0614197101024587
"285" -1.48420521295442 0.177354536480547 -0.864514312296649 -1.00109825850794 -0.549573062006433 -1.62678466654781 -0.585647213849332 0.89544658256699 1.28615573276247
"286" -1.12822661634884 -2.16089742706131 -0.486884865934327 -0.84247125845966 -1.6122932608997 -1.6023670247739 -2.11738371184456 -2.84722129524411 -1.54089927388421
"287" -0.25753220703953 -0.462889106422552 -0.711722373852082 -1.48113836364032 -0.0675970885252649 -0.575335387147857 0.105505887935905 1.07238697691041 -0.932196992742129
"288" -2.3530062584291 -1.38993022670292 -2.6388087686451 -3.32933847154193 -1.15427618119517 -2.76209290644433 -1.62903360038303 -0.977462528028834 0.174531625934404
"289" -0.791828895747496 -0.899391288052427 -0.563768090081918 1.88751188157682 1.45179931689306 1.40859122212687 1.92324940623142 1.79499421343118 1.76645767203704
"290" -0.590654568733912 -1.18990861711636 1.22340064231742 1.12304437738161 -0.142013283136865 -0.417658082237423 -0.30108477521498 -0.321077114669246 0.0987024516181167
"291" -0.829633905065392 -0.365756979346664 -0.539514315315094 0.0492746079957044 0.682433482775504 -0.0706287284938973 -1.38264859275244 -0.508388797346923 0.0852673400671965
"292" -3.22968494064873 -3.3803264087838 -1.47474544528754 -1.20333895868618 -1.62088548722597 -1.14423573167579 -0.382788362757117 -0.200003898759293 0.163777983452413
"293" 1.68365758471598 0.641241521165806 0.594016051805554 0.527386266220454 -0.674037226174446 0.644258650758665 1.60552359719747 -0.57766320100098 1.88148892073181
"294" -0.689293923367935 -0.0224001999797772 0.980151526060533 1.34321239615676 1.60102614028728 2.41502469459591 2.04336922398735 0.429099948798855 1.45866895884625
"295" 0.107534200203747 -1.74991807743547 0.685719478325738 2.58427558185479 -0.440104735549827 2.54391953304175 1.62282822654773 -1.49567073265077 0.0625281039711363
"296" -1.29872248130146 -1.01264677831778 -0.65336638544034 -2.56106406589166 -2.02703233903695 -1.82102945824037 -0.255168790733459 0.944502244600212 1.06007950587688
"297" -0.174914355734257 0.949360722973444 -1.08861387693743 -1.31742830204114 0.536747925876312 -1.28895788377198 -0.583613927961442 1.69202731275758 -0.83718557689581
"298" 0.854462825714076 0.658778578027166 0.0429648534170487 -0.157490570117198 0.544092270340998 1.12902247152212 2.85810341261035 0.197420066316484 2.32599631239357
"299" -2.61656678854525 -2.22671565172869 -0.54995665234837 -1.89613975435365 -1.37760133932042 -2.47036355408236 -0.38031148782839 -0.127276867008764 -0.482497009708568
"300" -1.71167879257942 -1.07378701419795 -1.55884608542264 -1.4877771540208 -1.41827581425784 -1.06295550767758 -0.169743312674682 0.482701684587365 0.151751336617207
"301" -1.00138349464314 1.44337466774452 -0.962617687181996 -0.675840727218361 1.49218032376733 -1.47260460335895 -0.166372329695323 1.10780148789249 -1.21575595341444
"302" 0.947150797875931 -0.254066124737903 0.441045942463054 -0.231879227181138 0.487976933589098 0.782927871814179 -0.775160507706666 0.354303082292339 -0.856904242479361
"303" -0.489082397990236 0.93486622689633 0.368114409010315 0.128591509008705 -0.381691434843338 -0.00779018955442044 -0.482509838673821 1.42085204115945 -1.24863197334893
"304" -0.336388808072708 -0.662219501947434 -1.12755364783431 1.1491095873484 1.2708369268421 2.59794504829158 0.583388192237906 0.876384488411672 0.360536444909736
"305" 2.18647527571272 1.18602049732123 1.00051272324679 1.52377317172309 -0.0995578419560362 1.76014012666152 0.206941545028454 0.304835650256461 0.851448481357578
"306" -0.976722702500687 0.286224917365767 -1.47848461440549 0.322319298218934 1.66441080207452 0.153222163839565 -0.781598123735764 -0.695829118602836 -1.36374162938291
"307" -0.625163432756879 -0.571323803466742 0.457764055470425 -1.29358131289373 -0.838005752436967 -1.11768470615964 0.79123787511548 0.643094497900207 0.598441413951778
"308" -1.62337845391141 -1.15677182282251 -0.955324541975213 -1.49679796508949 -1.41226851993587 -3.37885657909877 -2.41053131678421 -0.175738659242146 -0.812262427432481
"309" 0.849401016483902 -0.851341837555053 0.8995210157269 0.786256470888532 -0.308345655810053 0.899062002010176 1.91198205565865 -0.223433708251614 0.797285695557169
"310" 0.297496710544354 0.00424477108563488 1.30229417656735 0.872608225608934 -0.350387113768351 0.392403634532216 -0.390217898225861 -0.245913195396628 -0.844551486318992
"311" 1.04088531231684 0.0675360662971401 1.28587931063034 1.67567081871839 0.217097523614896 -0.429155005332299 0.0997858498454793 -0.35830600724035 0.470151167532083
"312" -1.1025200238111 -0.186584936153038 0.206624961657314 -0.653788784809019 0.783235803387957 -0.902309924552736 -0.903668863242267 2.44148801241753 0.248040089822391
"313" -0.786572304830952 -1.2703257144031 -0.684347048036911 0.0400865835892057 -0.763926429467711 0.390215931611722 -2.20372209024993 -1.85487796251815 0.0407558734044206
"314" -0.728751204018949 -0.942132936509264 -0.647120149545937 0.0667973163780868 0.113412295285372 0.321705956602179 -1.77065468852496 -0.176902205731528 0.113249038594384
"315" -1.47818701736888 0.358912799027251 -0.0252068288135872 0.914437942736843 0.440980937044442 0.613296306747923 1.19051695852609 -2.07137520227756 0.314252546130403
"316" -0.240426745802249 0.90272774794729 0.631575292521391 -1.87788922975039 -0.747906934092415 -0.991550644431692 -1.01023350004705 1.16560615915742 1.52938716987536
"317" 0.588924502277449 0.501282629785141 0.551928802057098 2.43301455662909 0.626054177474929 0.394333806125973 0.713021614746141 0.392366038814604 -0.00585685740595787
"318" 0.173199347331656 -0.0201279505073076 0.125788086370426 0.00910521402102857 -0.755085207520299 -0.043290247984794 -2.3860105239835 -2.17717482866783 -0.870814073397646
"319" 0.261900810013838 -1.11308497276305 0.751373006392544 -0.490876821647373 -0.269777496688987 0.345689130359773 -0.102601704219922 -1.31753818379471 1.06751365004436
"320" 0.883059174013299 0.0263478308802439 -0.19076482992199 -0.29521737465013 0.973502276883673 0.0203340615240361 0.542400694010157 1.67139983551837 -0.58297579971322
"321" -0.347016913221757 0.600324749835862 0.314376744352246 0.770624905659454 0.262200871760562 0.138188596847265 0.513618216767716 -0.358068857719349 1.777606269403
"322" 0.412210730897979 2.00466120160578 -0.834578729733307 -1.51120765701664 -0.739460877741273 -1.03396892341517 -1.46175617960037 0.731186152056376 -1.02096134218721
"323" 1.97500449900235 0.630302964295096 0.121771837777564 -0.434244744416385 -0.899912992198588 0.3145938079359 1.90712738804607 1.12911193442623 0.394946654798209
"324" -0.977722550430729 0.0595211317650327 -1.3519655392574 -0.217062282073568 -1.43818443532374 0.512777710522423 0.297031074242556 -1.32466131510499 -0.336281372742477
"325" 1.6164534298133 -0.0804524844250494 1.57039534117039 -0.149411048719482 0.730692762226134 -0.391794607569627 0.752596556856888 -0.825059950353193 0.24234725488467
"326" -0.446600145366191 -1.05620493059922 -0.995116956179437 0.103405470472044 0.166914777003464 1.54590140346892 -0.809395235457596 -0.631709767540284 -0.687118419339543
"327" -1.28743898137126 -0.865500854547338 -2.02123048577375 1.20640247781773 1.17628299733434 0.998357711154463 2.45670894258496 2.06524452287104 1.6311928424107
"328" -1.78519550127512 -0.91401135761242 -1.50397023635375 0.0566918359876565 -0.175511680897522 -1.01843774370204 -0.42221343871255 -1.1142595841566 -1.3944106530201
"329" 0.946123090362964 1.9201526464179 -1.53195948415036 -1.65081148891119 0.509041286942165 -2.06979894931791 0.282917872368676 2.68916069473984 -0.79246172673145
"330" -1.32647536425146 -1.07485592329052 -0.656693447623305 1.1714319984416 0.719995690940923 1.11139298875241 -0.161928107016075 -1.42660062426508 1.37308749437584
"331" 0.973442815096204 0.676863583567751 0.569230770986312 1.19908960695187 0.915049449199197 1.95759592721693 -0.0331738362839422 -1.36308435327565 0.00332234995670525
"332" -0.864809764467411 -0.36424396298953 0.336059313480904 -0.979404549228945 -0.679615468468278 -0.89887242261204 1.56651623074377 0.857853463278982 1.96103190757093
"333" 0.45529268226486 -0.432799924510074 -0.582980469599311 0.370327970500383 1.15978807881424 0.847470169955188 1.44149338445671 1.31826177317281 0.446121389483704
"334" 0.553745576277016 0.380220220019203 -0.433711743374272 -0.926869152994622 -0.598325539920535 0.403587239588179 -0.0273481536465043 0.159174540404566 -0.681426115102286
"335" -0.0377116572764981 0.432623506791297 -1.15355545652934 0.197137157230986 -0.103151329410679 -1.38943125697275 0.377516050721142 1.23807230547492 1.41676925388078
"336" 1.09456766559206 1.16851133743379 -0.206227697276988 -0.341470259734233 0.545740125785415 -1.16486442872134 -0.290992772846633 1.04263404264859 -0.0439610035751855
"337" -1.66381699000466 -0.66445606128494 -0.817801691862069 -1.3663209606839 -0.964382584493119 1.01954071777164 0.823988289133846 -0.186412340080863 -0.478059379756325
"338" 0.78516879308971 -0.545807648751259 0.954460067529342 -1.39230289325862 -2.44867695975015 -1.50775240474563 1.18471135108072 -1.4309163141365 0.774412409724237
"339" -0.729673450611043 -2.01536367324644 0.127267399696593 -2.21402932597792 0.241912081292248 -2.10523147586012 0.394995903834935 0.318654450974718 -0.658722975499038
"340" 1.15670168765594 0.294299474873465 0.680197921050313 1.01802412685096 0.200306750191365 1.63012553496505 1.78914727433064 0.731233087175061 1.05315656566046
"341" 0.14749518688722 0.105569497230212 -0.239078847466093 -1.0043466459261 -0.825293781136222 -0.888178969944285 -0.177083358398288 -0.468089155447303 -0.530667406419505
"342" -0.508291045107489 -0.490143351735109 -0.867331926508401 -0.830058673004071 -1.22605331907866 -1.5831217766274 -1.52716415422763 -0.646511989493911 -1.3700887784191
"343" -0.173129659127712 -0.193963090408559 -0.407652819864488 1.34177543309813 0.699446286117857 0.800204187263528 1.15511935779203 0.416200246440319 1.40090699289465
"344" -0.934454487739711 -0.682508296960225 -0.131015944844059 -1.82982191171216 -0.500540662482406 -0.314855833948427 0.832991830781411 0.805576177891144 -1.26176013025802
"345" -1.42043761347801 -1.59471326786842 0.038813256724762 0.222993421402668 -0.497619057302084 0.432820031604843 1.96768407790032 -0.658512379473206 0.686494626457876
"346" 0.858447719493173 0.255596043830951 1.09419946577122 1.7613166836579 0.594905659466753 1.71941275059676 2.34880712611726 0.672705821731368 1.66939769111633
"347" -1.65634555710495 -1.66663461736502 -1.743475630303 -2.25742226609979 0.386801770280625 -2.49895286496365 -1.22094524355854 0.455891971693354 -1.13853906473125
"348" -0.0154025155869358 -0.216403085554239 -0.863616319198898 0.422453893076902 1.73924757139365 -1.18384501293463 0.39910864366903 2.26096050250323 0.794613245873401
"349" 0.865760075714323 0.493255203602599 1.27411310776195 0.384115521154611 -0.801790828155042 1.5563933133266 2.270960254511 1.73567576750792 3.3749506757002
"350" 1.48531356290522 0.540476850881316 0.321408069669098 -1.20960205997737 -0.925140307950304 -0.400696972501278 1.85123951370202 0.657514806437264 0.819044919924275
"351" 0.728637740498398 0.596552857795967 0.759715420356954 1.86969296668471 1.03227434730739 1.9514095297507 -0.850521241604399 -0.727685128159101 -0.341809061799943
"352" 0.306986230719492 0.52785864666947 0.781044346723216 -0.88302547573764 0.296101428195854 0.508553160247927 -1.12748535034699 -0.074972352290457 -0.785729259762156
"353" -0.894984968061545 -1.36118094697447 -0.210262722467033 -1.67462275308237 -1.20572401661197 -2.12853539184791 0.346407255410682 -1.61987386487004 -0.453966277779065
"354" -2.37290255647017 -2.66597098376003 -1.5802127335473 0.471092287774629 -0.625014858675059 0.161137846706529 -0.0518046596040966 -0.273169514936494 -0.0982828810815348
"355" 0.466227069581366 0.346052030531464 1.99936948808722 0.933408160868203 -0.0117751783402264 1.75249745279757 0.935514113324148 -0.652803147427541 1.78288704797924
"356" 2.1385441995384 1.6983831097253 0.508874066454031 2.18362105583522 0.570028372862241 2.15258227353167 0.125055383260407 -0.536736833461771 -0.60627311151162
"357" -1.06552608095602 -2.05196827064948 -1.44213777498336 -0.919960545229482 -1.90007101865813 -1.44511911959682 0.713795763601969 0.349230680261158 0.770932167422566
"358" -0.442902589207204 -0.715807434404263 -1.44947578091373 0.485876162569731 0.95410072586527 0.241060482928338 -0.0437855728931485 1.44367166064369 0.293776897908434
"359" -0.0342501174620298 -0.0101639154468512 0.383335307258923 0.723485624405467 -0.550164576481099 0.72980850726317 -0.75455322462144 -1.46007807677844 0.710359578028015
"360" -1.14524846162172 -0.790855102787003 -1.58070099479029 2.71181513193105 1.37621268305676 1.53981347219884 -1.24595967293079 0.532607105228997 -0.737750143514629
"361" 0.97564884005429 -0.303233614816533 -0.536322241331545 1.43386491243991 1.30364314170696 2.03851280952513 0.93162376470713 0.0296448656517366 0.226883872276332
"362" -0.227041653712813 -0.883312873844768 -0.165579464267852 0.0817799999321149 0.147118848345412 1.04433275041929 0.223725762129651 -0.261383348196801 -1.84786397957018
"363" -2.49961365456748 -1.84322752438651 -1.38179310430561 -2.44052728580681 -0.630603901257768 -0.884534742118665 -0.97061537212834 -0.183660088292126 -1.80211954137506
"364" 0.147866828930891 2.15131473658225 -0.198201516996278 0.69539288039349 1.52440459642249 1.2990646479739 0.209439041330731 0.277295716201343 -0.514328155619292
"365" -0.166506551294491 -0.747010225695727 -0.420109576030032 1.16167942973702 0.905393555772384 1.30811346135438 -0.759232173898663 1.22029759515991 1.24643867313418
"366" 0.606103387617874 -0.51044758695751 0.632684367582127 1.21361290052456 0.667413103321692 0.576599855374183 1.83109891235416 1.03567122027211 0.0990741241538977
"367" -0.570658919777566 -1.90069706630899 0.642583192778694 -0.182409478572673 -0.434631879481504 -0.189066488260658 -0.51982076409223 1.93343751684179 -0.381000708008069
"368" 0.0205718976001506 0.894145707599443 -0.343789222249121 1.10367451281637 0.647889022225885 1.68742888209514 -0.908708422061104 0.292723129345007 0.289552739985567
"369" -2.5225587004769 -2.25053369409764 -0.908247147967734 -1.16089662155158 0.0909304126214409 -0.656770046469429 -1.38569035135917 -2.42583292950346 -0.555440584364806
"370" 0.658870834648806 0.712797515973774 0.17908562340088 -2.88048482800452 0.0745907470400743 0.146524587177932 0.748899845522 0.452636028380631 -0.684577541363708
"371" 0.812249739728064 0.197068745761136 0.572899415793397 1.24359544988955 -0.953203824652617 -1.47238806817935 2.19194186523721 0.361765083360987 1.98528901362756
"372" 1.38366978101819 0.0777763807740259 0.129672964478856 0.742299656302028 0.188928033097768 2.09197991338759 1.05334672089417 0.274906596191166 -0.814593686186318
"373" 0.253973989923713 -0.119475594876184 0.302175997602395 2.46901705959532 1.54327526700887 1.82422622189342 -0.397458231749367 0.959527965639947 1.40904039522406
"374" 0.0481387292701924 0.532927916766091 0.778419985569711 0.329406630508881 0.538013076695928 -0.0623661281593822 1.37084788476775 0.613283050137305 1.69971335994566
"375" 0.0538656810081071 0.369459547045328 0.0167161391702952 0.385567478339548 -0.301958529071248 0.464261261156924 -0.637614449986289 -0.388977407807488 1.07859264304066
"376" 0.20161822433128 0.0870298573516409 0.579577142772109 -0.688345230990654 -0.0759971786559148 -0.0217449074168831 -1.19931321097511 -1.42591686440181 -0.906714750068701
"377" 0.998983189793918 0.331589642573826 1.01336521084897 0.588553333036325 -0.271250423690159 0.767326470359956 -2.39528641356245 -2.5000973847756 -1.62621493514908
"378" 0.142597610568216 1.13299527499258 0.328337386855168 -0.237832195776054 0.632748974934953 -0.666673595716393 -0.474248183433786 2.77091835956195 0.428278775299458
"379" 1.89579901855417 0.888053610048419 1.16982244853666 0.962069420162257 1.54330044392536 1.32178227014076 -0.604419991713998 0.00270695657754882 -0.69709108580643
"380" 0.0510513450086729 1.51678716105516 -0.910246156837139 1.07643311529993 0.906106091975189 1.29492457699019 -0.548497518527087 0.05870866656705 -0.720982585325047
"381" 1.6368410603918 1.38803800992834 1.23697464144105 -0.528269487694349 -0.595121841721176 -0.646101367701423 1.61048124014168 0.885014690253776 0.531501544278121
"382" 0.0286678971859615 -0.427422826434479 -0.454794163948192 0.393867246495387 0.550166353102654 0.846899801295048 -0.991670148097403 -0.732607911072804 -1.17850037601589
"383" -1.1988253311722 -0.471641455861181 0.352362162754427 -0.513907520666187 1.25553751278183 1.26420333326974 -0.367865895959643 -1.60238642449351 -0.210214383442847
"384" 0.00506671464780854 -0.640057223412902 1.45845040736778 0.923781518372925 1.01314842190618 0.595795956956968 1.80143191284523 0.401630526360292 -0.0992417392081566
"385" -1.00542283997445 -1.69944339065077 -0.119595315065808 0.253524699908051 -0.293247815652355 0.448456270547465 2.00927035726397 0.417940088398639 0.046458078421441
"386" 0.771886719744821 -0.612601127194133 1.03014212463233 -0.0611719061218832 -0.193025716820484 -1.52211959872211 -1.9966637751005 -1.51034995024417 -1.63279713172648
"387" -3.42144325577103 -3.12341573772071 -2.22792587605763 -1.83149912279818 0.0225490673218329 -2.03540292128101 -2.1352525833701 0.136096823128742 -1.79653131557365
"388" -0.200515721308792 -1.15045377621981 1.13324130604182 0.516611614025296 -0.958964461904036 -0.177894671523037 -1.73788243078393 -1.72887471345393 1.30270226611198
"389" 0.314788623637691 0.193214606480653 1.39550404577743 2.61214318990524 0.296821365831107 2.82162240224608 1.13421178838315 0.0131524993086139 0.591062000454277
"390" 1.24609243778181 0.0335222506932344 0.163851075651871 -1.66891471899344 -0.35915611381988 -0.832869830929003 0.411906440201944 -0.655551227622474 -0.43662928037742
"391" 1.81130964510341 1.32597093714426 0.379722525023918 0.884658165166566 0.781508987998594 1.09793612155622 0.993466169458208 0.140845263595229 1.10794305024882
"392" 2.43432343071424 0.836940261138839 2.5999225074433 0.846265313602956 -0.0123522789161685 0.348065195140636 1.91685574886893 -0.994266298278146 -0.0363132544883561
"393" -0.30143479637125 -1.12053523143871 -0.0124094491123216 -0.760352317329616 -0.308030759687383 -0.174057652614719 -0.75456001026993 -0.190957886291836 -1.42067671085328
"394" -0.566853706288602 0.143487270156452 0.953968741136807 0.503531193806982 1.33447263901259 0.0469709011441863 -0.877557184932031 0.364486198025336 -0.230671452541899
"395" -0.175105871165232 0.494701924856543 -0.354018287950048 -2.15748027292396 -1.09350143946643 -0.873847977999672 0.312724793693584 0.60898031199434 -0.287531093144168
"396" -0.717724201054222 -0.166482873138373 -1.42670560815019 -0.933167752693868 -0.397438912239152 -0.0282376357628544 -1.95525820199179 -0.0194939351402319 -0.374194651698021
"397" -1.74955387129296 -0.956182211457946 -0.783354213172127 -0.581662135656418 -0.0198811614574168 0.384855980748666 -0.822267939642798 -0.123906451959651 -1.37265987122826
"398" -1.07787621876171 0.0996209440370904 -0.652215687973997 0.779136685469602 0.404967850714537 -0.211730646449992 0.296074479090666 0.61566984026781 -0.913903652577205
"399" -0.707687287699708 -0.528053870461728 0.213964021433793 1.07755875786975 -0.208642629821643 0.555791058184869 1.56193753893918 0.531974234447467 1.43153435065296
"400" 0.00144027145695264 -0.404393218080812 1.15848886145532 0.0974489830347093 -0.701297985878593 0.938422677424336 0.725394918509409 -1.64209419055903 0.578763130089604
"401" 1.76311926520951 2.3599361730699 0.853047028042093 0.17066043690043 0.469495239457269 1.41532216877272 -1.37232203866717 0.602279227494774 -0.284008674824834
"402" -1.73914426833862 -1.76566565697973 1.01570393603353 -0.588313301342685 -0.231561204295676 -1.2278151847302 -0.430979604555273 -2.39838446631255 -0.0883704347314279
"403" -0.36677844100167 -0.93766100712583 0.107282165314471 1.02704232481197 0.327483013364152 0.509226472089558 -0.46009648504349 -2.2892754337824 -0.327694290346769
"404" -2.18229526900139 -2.75551823982393 -1.2585601575939 -0.909260682092211 -2.61258532747397 -2.16820201528956 -1.46831750573687 -2.09418078587414 -0.134526179605173
"405" 0.698410781748269 0.941013402649611 0.517158721841081 1.76639663064522 -0.806381231508599 0.39162930007231 1.14767804568064 1.61196307245025 -0.0874333233090535
"406" 0.714159465863269 0.141862845559372 1.40227494569037 2.3252388317052 -0.248638029503582 1.80314465350921 0.193765889569957 -1.43651462842348 0.391389060678133
"407" -0.13241370389014 0.259386083153163 0.371376578321726 -1.35566006978879 -1.00672861658556 -0.586907156355987 0.996129236554368 1.05928094205414 0.918553038367836
"408" -1.17128168848797 -1.17819191103329 -1.10813223582499 -1.13204802549458 -1.90314187247976 -1.81732071111832 0.127790348400388 0.226513559710588 0.384510246383528
"409" -2.13412249378821 -1.16167636375746 -1.11101499376583 -1.23439026492509 0.282074096757226 -2.01973392864701 -2.18638471360831 0.205201940571913 -1.79076230403222
"410" 0.864792619524743 1.44707230648356 0.277332736334068 0.328961304303057 1.14876162978562 2.72187321256684 1.00691384320277 0.351440296108636 -0.426976032039831
"411" 0.560163769182995 0.360400069857028 2.56028581002233 1.14291470027394 -0.587053201268613 1.98902925241419 2.70568701056646 0.0978223433547103 1.57616126475326
"412" 1.52758530114725 2.34629460238903 0.0791612695063449 -1.39118965817428 -0.771730876292273 -0.47036217664047 -1.46571890774353 -0.775700049512422 1.06403164329355
"413" -0.221400615332592 -0.0238910827805907 0.68491576084898 1.46623570954054 -0.439499839162495 1.02456503747422 0.894069685521516 0.553206960263888 1.04269100714374
"414" -0.583376356299617 -1.60504942507496 -0.431454488341681 1.64296758763922 -0.416369877343029 0.708760034261661 2.47020974367927 0.255723971421606 0.54978788303851
"415" -0.0680325623640198 -0.0614888751797217 -0.214497803253273 2.67692281670245 1.9275556563315 2.95971734643589 3.47768918742316 -0.137582895071348 1.46554294572407
"416" 2.20403423871324 0.743461227951626 0.77283529632101 -0.114177343913666 0.112172149168235 -0.554708044036386 0.836391269559634 1.36617111294366 1.53739690956618
"417" 1.32808449449933 1.03054763227077 1.01388874198727 1.18069433408845 0.0985962616047764 1.7089303872598 2.19409578343962 -0.185248596830757 0.565469914692693
"418" -0.410067977530789 -1.16033297550646 -0.773857190220407 0.440408115771831 -0.465945572561246 -0.217812249363531 0.675340310639165 2.10182128435052 0.517471752396728
"419" 0.516705537375334 -0.0713487104193215 0.765623322826736 -1.2072555636114 0.0981381324824487 1.09335928516727 1.43364762219108 2.4597016881562 0.506406979837419
"420" -1.7922243466206 -0.793396613684682 -0.1351874587414 -1.461170575722 -1.01593270471942 -0.170569347308847 -0.496114196057942 0.87705023034622 -1.03412533553035
"421" 2.2258444056124 0.622490276191992 0.719539354619905 0.832794484401985 0.220601427690415 1.42235932981366 -0.138094859574992 -0.833547122265668 -0.00158747930487182
"422" 1.42068086795805 1.23786918362826 0.907305108937504 2.03311989707983 2.06742152761297 1.32923831180042 -0.272280405153729 0.821461402932214 0.955108452828421
"423" 0.630684967079406 -0.473335295760094 0.234608246656447 0.66107575616217 0.491179818867275 -1.36628225856741 -0.621308677281458 1.19220262227343 0.295397826232671
"424" -1.2268116673369 -1.65520340258712 -0.233822639456806 0.867914708664546 -0.449069289083553 0.349847117526012 0.479013835684411 -0.43034635714226 0.483953777064818
"425" -1.32388216541856 -0.0679704674848469 -0.827301045875495 0.611531894844286 -0.235633823901312 -0.785651343564375 -0.269933689062579 2.48868804175308 -1.31882404606955
"426" -0.953036099643443 0.405473059993059 -1.03993707970222 -0.417402054728168 0.601816895406008 -0.117391780580267 -0.655800485341909 0.979416593073768 -1.72776484479248
"427" 0.700382591339503 1.07867619100562 -0.0929646750088533 -0.639252512052541 -0.101588400778039 -1.55140060106166 -0.680704676499491 1.04445921762378 0.422351198492741
"428" 1.27505524239653 2.1299181471074 0.251043023528639 0.206460662412371 0.875019998663555 1.39666399223466 0.304939467323347 0.588954736612309 -0.157319924883548
"429" -1.0168057604302 -0.238832661905156 -0.266650732565603 0.0535845040774338 -0.498050027610361 0.102393318075567 -0.00650271185606066 1.49181084712444 0.616602105632228
"430" -0.0760555737903853 -1.01160183825249 -0.420375800255663 -1.80163965806684 -0.677533379151768 -1.22687407706523 -1.31099244348716 -2.53876705783784 0.0666704210137398
"431" -0.419962172269044 -0.554090064529925 -0.390477621449316 -0.751361767960486 1.09814782401026 1.01011867321902 1.38852153849744 0.183727484469326 1.01818760972584
"432" -0.736618213529487 -0.504789787031174 -1.0284043871399 0.104811905968551 1.45431192770279 0.304790414650514 -1.42486615993625 -0.466337989561139 -1.4520088075882
"433" 0.366903129423485 -0.0909045073649199 0.737441041242842 1.5055978919653 0.361194319383359 1.77865496007369 0.794177360971192 0.678387238282358 0.863331087003499
"434" 0.553731370651193 1.57791683828484 -0.949627888324843 -1.02188990691658 1.06119306204431 -1.24496743856866 -0.819414947554357 2.87746268030882 0.680363442878502
"435" 1.14889970664573 1.08334702229087 1.19646740766862 1.33164239786526 0.165396253997011 0.224597094377169 -0.5221897236064 -2.01818384894086 -0.573571567290754
"436" -0.495007370698798 -0.193320868820751 -0.148997444905312 -1.90989051714485 -2.66899461616038 -1.48173993484365 -0.520628220456108 -0.0237993516237235 -0.573982744402016
"437" 0.888914506771614 0.159621012747977 -0.230638481359192 -1.48657377745433 -1.60210277988004 -1.01219235623955 -1.07763459491787 -1.14459396112513 1.18655832043957
"438" 1.8677326347479 0.231296681433718 1.71765869711749 -0.00519920019824194 0.985523631534347 1.14977380415215 0.76226043515175 0.389957872702331 0.505439051860364
"439" -0.0756752388176339 -0.713387579847554 -0.144222555489225 -0.463581801318201 -1.15841754918556 0.459258678100929 -0.720467797264915 -1.19983727774851 -0.216384518374429
"440" 1.30424158048397 0.326302647891427 0.333110674157736 0.0540735558552884 -0.254586244711866 -0.067434851088941 -1.72727479537199 -1.3658632300464 -0.0802776582861602
"441" 0.341908355682819 -0.43064178856975 0.505506532147831 1.76980202536449 1.40953815521402 0.801344165347599 0.142161150073872 0.184983713622493 0.997960605818499
"442" -1.40876994887177 -0.212800273865706 -1.79462498048595 -1.8997562107261 -0.619619202366097 -2.78811896189031 -0.873594550979077 0.107743698834743 0.171453771635466
"443" -1.87781919256098 -1.30319255955054 -0.352551560479442 -2.56836096723674 -2.05679627526457 -1.86061461615506 0.269038994083862 -0.32777603154404 0.106045789824546
"444" -0.240940939415696 -0.528254383438059 0.209884241674737 0.930854814238944 -0.314264144934452 -0.268538072976563 0.360076386839207 -0.0223997248834743 -0.408803902162973
"445" -2.34162125436718 0.465497875534224 -2.3476634752059 -1.67638471430885 1.27773450244559 -1.75728807704106 -1.91129285920617 3.61759045839303 -0.982081873469544
"446" 0.671022586851499 1.14356578367925 0.642136158650884 -1.23867088944164 0.164769823811426 -0.357447942789331 0.145347266106081 -0.0736010579298109 0.231172178965931
"447" 0.551746867401756 1.13141146161696 1.0368087319909 -0.488248253049289 0.0464851155460942 -0.0459737629878558 1.79558481810482 0.269523406122795 0.784139724280232
"448" 1.46011131762406 0.283114703943323 0.861538784073724 2.45311170931394 1.43455569912698 2.48393601892181 1.83412217295812 0.646994763429537 1.25848313573837
"449" -0.175281056983888 0.570862331872849 -0.292517144136791 1.03971002681901 0.169275707469486 -0.487696582633001 -1.50259127872875 -0.822332043245798 -0.536077337275822
"450" -0.312272999504525 -0.0762550860520003 -0.617629340427607 2.0503589830696 1.02538421446024 1.17147907749326 0.508200793022853 0.577225408900626 0.00845330013299289
"451" -1.10836547161104 -1.07278967560197 -0.863151706123625 -1.0426055224156 -1.04694694466711 -0.85154343766263 1.15303289731735 0.824934752433622 0.671426767955406
"452" 0.414534151320008 0.232004285802192 0.27224110030782 0.415272539850758 0.397197617089896 0.646271036777682 1.34034863940056 1.07520366111032 1.27830263953372
"453" -0.478396148980614 -0.42528911388503 -0.580591595412084 -0.392209641691409 -0.483580837926985 -0.701588353476831 0.593562778512079 2.20432087299653 -0.184221497364345
"454" -0.515087930181942 -0.365088139875666 -0.688540615965385 3.15711577818684 2.00607283333757 3.28214953026059 3.005659481674 2.04449492808677 1.00684518153593
"455" 1.82412581930882 1.50016342427649 1.58035077825062 -0.177156261688793 0.171150489006886 0.238683835896155 0.986670718277712 0.486055358337021 1.40078386423263
"456" -1.33343149455966 -1.11547030315624 -1.64318693294762 -2.57452324423298 -1.48717201448977 -2.55666219784219 -0.52081526957454 -0.679122615420373 -1.62071997262675
"457" 1.43019211944077 1.33376834035681 0.71925212902309 1.02854451728901 0.173210431303956 0.222198359184257 -0.0328002032933006 0.987133218849975 1.46199180787075
"458" -0.286251501328184 -0.682003234254533 0.971760993084079 -1.09004660961869 0.00322011791769405 -1.43525138994298 0.419673443939228 -0.291286607712674 -0.049335044591524
"459" -1.2593557570658 0.0767323003527169 -0.262326077983342 -0.257315228836273 -0.889911683016525 -0.518370967240362 -1.9705455604394 -0.757393160080239 -0.973126859193111
"460" -1.30194356615817 0.257812809101148 -0.812612797807215 -1.34385410390951 -0.702663888400732 -1.19459437635383 -1.22319670395518 0.770927666727969 -0.998763129222107
"461" -0.28538143303199 0.984371399537 0.775187047517412 0.058266835022299 -1.80779319363272 -0.456027899178735 -0.680642254064792 -0.533201048726141 -1.76356129691315
"462" -1.30467103111591 -0.642820759781705 0.0556174849553045 2.67694324591688 1.35601427710383 1.03738483049326 2.70994061876444 0.987716782879159 0.858096849633582
"463" 0.584499334854238 -0.432641347418193 -1.78318534208738 0.291477176536148 0.743810662524753 -0.774486203138967 1.43377697517863 0.82886322969613 -0.356611022321029
"464" -1.70203394429047 -0.917852869202176 0.751519339944661 -2.18809343052167 -1.26481827622193 -1.39532886212348 -1.59163146524961 -0.650552312622211 0.178736623864253
"465" -1.03790515680402 -0.746207830230272 -0.714379982638067 -0.27618216988054 -0.162360143766971 -1.06583244336039 0.243405291250461 0.0903600903028635 -0.245384292059023
"466" -2.23273446785209 -1.06602545820672 -2.38229104950568 -1.52656693016454 0.438490062468105 -0.933798535666216 -2.69403895084905 -0.64099149861102 -2.60617937289385
"467" 1.36419631383851 0.22876322992091 0.916367323618632 1.03341289360509 0.482858469583257 0.787500500340573 0.967122752000489 1.30401067579194 -0.56908297350845
"468" 0.871932536451531 -0.54051640581008 1.5126394647652 2.03869137711323 1.35130579117101 2.15150262708193 1.67625451744032 0.59907563383402 1.95897730711303
"469" 0.960038919296682 -0.609517867661275 0.669138578630829 -0.0218992573269312 -0.333007493100869 -0.636518253195415 1.82799834877666 0.161392463955866 1.33635683103779
"470" 1.36154226415905 0.958607118655543 0.83572343345557 1.65879340226481 0.722639657817888 1.97519128590179 4.09923700843686 1.78063490205744 1.04033132531266
"471" 0.0159858414486365 -0.158529916073753 -0.780544627343012 0.390749833907933 -0.0182971129306099 -1.19322576931437 -0.629721472845773 2.86442459900861 -0.185909705794845
"472" 1.47836160187021 1.79640733996148 0.252304793067016 -2.12510552904989 -2.12340145681572 -0.650421337856153 0.0983408319541945 2.14867840984255 1.0970085433355
"473" 1.29245165971601 0.648592110123858 0.60539313248114 0.555441922146469 -1.197844708822 1.39832220766583 0.846624723377054 0.00866095615774792 1.48104434602286
"474" -1.83074110198845 -0.346642294100787 -1.22676661608265 0.386462220135911 0.187619654891189 -1.78339227682163 -0.935184323668794 -1.01704632704853 -0.516423413964936
"475" 0.266109740513096 0.477262006407543 -0.00328950328914357 -0.517551777790727 0.558186427183126 -0.98544065007826 -0.309737266912787 -0.317962809827966 -0.436610944679634
"476" -0.288393567065968 -0.807408106403044 -0.94756651327654 -1.64139302416554 0.303183760881784 -1.42265430227805 0.0709312290099151 1.76560275894691 -0.0307365084788094
"477" 1.16541623295812 0.375003665283187 -0.867017281052045 0.727693902164073 -0.441087558375274 0.744135210852956 0.351044394546258 -0.297912305040118 0.283335917487851
"478" 1.56865686511414 -1.09927075523202 -0.00186706476199319 1.85374504086045 1.15123607668588 0.0458623215299768 0.572494777189246 -0.533831815145554 0.101064689214691
"479" -2.51093206013621 -2.10975645026998 -1.85064740359533 -1.73468792017179 -0.014596665615663 -1.42445843403708 -2.19242675346373 -0.439049259818765 -0.553580204112472
"480" -0.497784110847291 1.22734373469824 -1.03486591602744 1.90137886083894 3.26158550559731 1.77771613003882 1.47583578025202 2.61363216408116 0.0311425494177137
"481" 1.35914827144505 1.41846364894494 0.0531082619573727 1.21038406083416 1.34058427878813 1.06257337310653 0.300950150629924 0.812981179307033 -0.730578261316135
"482" 1.23378295075566 1.16027938063924 1.28782376185736 -0.0479487073406353 0.532449250056433 -0.496064293139807 1.16905890083506 -0.0675146476806172 0.301944160936692
"483" 0.892639010228773 -0.138378223061351 -0.468946866631543 1.63428030511699 0.02950460213025 0.88756613490183 -0.180902958959693 0.585421115277362 1.05319180968005
"484" 0.907661357573694 0.721867972293806 1.43265260649664 -0.408403677684737 -0.274057303293043 1.4370126108895 -0.358551710638505 -1.20788397327971 -0.214669759145066
"485" 1.25629956482756 0.790586444212221 1.08706501232646 0.295105639091549 -1.65152663235008 0.570056159769212 2.71150857845805 0.971784614393914 2.53903904774866
"486" -2.16241315963043 -1.30596601839156 -1.94993448104891 -1.29793577521702 -0.119594170891183 -1.51177874588507 -2.68313928296575 -0.40514539313407 -1.41743280805164
"487" -0.0143709155576454 1.2098319247033 -0.485310565021743 0.0379758510485628 0.40823064743426 0.385405908088754 -0.598625076990597 0.236109370119479 -0.498189376414125
"488" 1.84675946090724 0.444005567913051 2.4600711581037 -0.0360115790098789 -1.3969436263035 -0.197532446311049 1.00013887628718 -0.805106749947467 -0.342710510821069
"489" -0.194316111141841 1.10812111957826 -0.768639296423037 -0.69125151478411 1.05993697916312 -0.0317983217534212 -3.76145033029337 -1.27158209796897 -2.02962525363936
"490" -2.51585122694367 -2.25682626332665 -1.3040733719435 -1.20873359691076 -1.038205014947 -1.98715029132137 -1.53013193580567 -0.775092209378142 -0.572799518786528
"491" -1.29415945834915 -0.71346923098486 -0.213274014456561 0.17869564455592 -0.194760534371016 0.127407470537586 -2.40226996978178 -0.187077950774859 -0.512336530720649
"492" 0.385028112632876 0.710270798230512 0.110027209141222 1.29471986959273 0.236912265589661 0.904423587211859 0.277362837783528 1.75559690955247 -0.187266576315491
"493" 0.795713489177976 -0.866813039041757 0.0245664243289548 -0.261847138107835 -0.127637350169427 -1.35653681933853 -0.362647589173843 -0.502179450112671 0.0824807977179157
"494" 0.981986595474415 0.375136037639599 1.08071949407272 0.290710351632478 0.779413335796274 0.17476966504458 0.646160700048686 1.49495948164471 -0.205365267520789
"495" 0.0595080744550535 0.0164684670005565 0.504987313945723 -0.471189148135443 -1.41655809946983 -0.484952021415399 2.06666142023464 0.344028925002029 0.853847650869671
"496" 0.253757165250596 0.256791986612365 0.910561429967688 -0.873833972123354 -1.18175033760417 -2.45349609779401 -0.247149710536783 -0.160942585643852 0.96393968036923
"497" 1.07264052171024 1.06463975414821 0.286411398401819 -0.971052220191649 0.801486618486907 -0.590378243440729 1.09328980869186 -0.25846111838342 -0.129349800896356
"498" 0.986737930351821 -0.682498589074746 1.41354156890046 2.11138248416232 1.16798807042353 1.52786575069746 1.38225936903374 0.989543057584129 1.43347251626279
"499" 0.811566485105709 -0.57120847946437 -0.23191802710826 0.823353748979494 0.369295926793066 1.22756012679153 -1.21026347002994 -2.1357166761704 0.0772114939708032
"500" 0.364553139044036 -0.80090436665872 -0.822821078686952 -0.147202312098127 -0.355467154053497 0.628238198105753 -1.00291278240394 -0.403201682511968 0.44676021368571
