"V1" "V2" "V3" "V4" "V5" "V6" "V7" "V8" "V9"
"1" -0.11954232501639 -0.365415767835806 -0.454620255340828 0.574760164927391 -0.91887426828815 0.052048889179907 0.16570767420604 0.00758137603684397 0.245643061713805
"2" -0.2138730055858 0.255213759318238 0.0517585223264863 1.05881558735638 0.882624696466895 0.187367538624261 0.303107647256011 -0.59484607761689 0.365669390971857
"3" -1.4490113570584 -0.371336065355813 -1.51777241094177 -0.519478538058427 1.17475379590227 1.39855177317376 -0.678881402573284 1.54722072300132 -0.318803499436868
"4" -1.2847021181482 -0.698941070764914 -0.457594198824279 0.043407857112251 0.565595441471657 0.813903936306172 -0.974020464661208 -0.0909391489120015 -1.7401552162822
"5" 1.64619942946976 0.0891783471886313 1.93665877458558 0.581839593992467 -0.150424362470231 0.456524128444222 0.212540883052859 -1.09734992628707 -0.0604323559740428
"6" -0.408294483198615 -0.548443580412238 -0.658178141290545 0.924065612296035 -0.617759151845674 -0.207878979600855 -1.35141138320836 -0.152986831953245 0.0299720893653434
"7" 0.568047851326026 0.0593700610534017 1.16615400550062 1.39579153298426 0.39310348512786 0.198550908973994 -0.942336610378604 -1.03838866574702 0.0614337956980908
"8" 0.957549727142585 0.0936178330966654 0.317742231968149 -1.08867307156613 -1.34114601755486 -0.0978718133149876 2.10167574908572 -0.84326102994551 0.669598687835216
"9" -0.650672119688606 -0.196407928184993 -0.874722773342872 0.899568910504767 -0.0337947228634595 1.18007962780439 -1.08225774960846 -0.567038484522961 -0.668003173560799
"10" -2.17649868681645 -2.30025491026255 -0.999986263849916 3.29715580694683 0.921560410070774 4.18020966608911 1.04530837115658 0.540659691321983 0.609764830668182
"11" 0.244405719839582 -0.131188475822776 -0.799807138758101 -1.3985357836977 -0.805779494353828 -1.08488127959423 0.42355958250314 1.04500675640406 1.76807688364945
"12" -1.39508632005857 -0.357660944889753 0.336395320057817 -1.52710234757028 -0.211022287889353 -1.57769161981078 -1.47295207812817 -1.6232926537418 -0.305371585210144
"13" -0.255546485268951 -0.503458529535761 -1.20023490324299 -1.31529244641116 0.733797187245921 -1.29490526646701 -2.12157782986699 -1.08607210274103 -2.52816929376662
"14" -2.2334358353474 -0.193107214479374 -1.01844844551846 -0.673179969275695 -0.00196453180856532 -1.25979753626288 -3.74265257924798 -0.0954685941163592 -0.861659753422729
"15" -3.90521229824699 -2.63438820616201 -2.56033420203542 -1.78798428329361 -1.19504150504281 -1.1013215880377 -3.22282237266551 -1.30682126479014 -0.482654376106865
"16" -0.160790266262327 0.801850293585052 0.146943019975039 0.240689431620287 0.390682320232045 -0.164645627169918 2.45192391280741 0.887825406432191 1.55785185327713
"17" -0.0970968941029173 -0.464517131129023 -0.588340192197005 -0.620305777183105 -0.943149924636844 -1.43980673238061 -1.48306386467898 -0.469364206170741 -1.60000896005823
"18" 0.985279710366697 0.622657304979231 0.96516646783027 -0.521882035404246 -0.504353477465718 -0.350480999749073 1.16927702530902 -0.198160042748827 1.19884148103617
"19" -1.12111289286445 -1.78421822026525 -0.936434825927169 1.74994338958976 1.52644675774585 1.34802532586176 1.02003169291699 0.17300285627345 0.713773853145333
"20" -0.20063712895527 0.929206331809472 -1.01832631563818 0.0381052359470201 0.972349093390553 -0.860951122262051 -1.63512776735075 -1.14738832882739 -3.18316165902646
"21" -0.841619960928203 -1.83148948100991 -0.704673896545288 -0.482310334507801 -0.651346504815624 -0.781629139298635 -0.384302556592264 -1.98634348747004 -1.95175181374748
"22" 0.763393811482878 -0.381497953738493 0.205780699506159 -0.556175222945597 -0.21583201017521 -0.844698901734155 1.4953149791511 0.109940364076187 -0.718487954394257
"23" 0.857913461568894 1.16403454054476 0.642536715210122 2.17899414074214 0.638835531276719 0.794028925914085 0.320723864368638 0.771807011542071 -1.7395437554961
"24" -1.39009499782752 -0.498309885636227 -0.624193349362299 0.791367753582575 -0.982764339896795 0.508529707815782 0.329835681558734 -0.870416576739047 0.659913570875468
"25" 1.86478936043389 0.677181760661582 0.721469560345665 -1.29330902952632 -0.770689743120702 -0.479234554816284 0.265067361122449 -0.219006124909102 -0.149477497387418
"26" 0.357234986611726 0.203367155233439 1.21725853554349 1.87878103277848 0.114004852849074 1.17910002389857 0.330071250985166 1.4471785261664 1.73796757980758
"27" 1.12967670029632 1.712415519422 1.01567486353703 1.44823957009329 0.065813801518315 1.17946749297808 -1.5007217728274 -1.07580315379703 -0.686610964337938
"28" 0.610735810200781 0.699179635009798 0.0444127014879472 -1.7623992110185 0.682339306390542 -0.479369982023366 -0.293870791318544 0.825851633409203 -0.437926171651824
"29" 1.68831213346338 1.11534453724371 2.0897450799825 1.12346546642208 -0.826160769570945 0.147333577397595 -1.34836234328294 -1.32462392056609 -1.32007637852326
"30" 0.0497961350706179 -0.0952951084786121 0.31257509744726 1.87694623953895 0.891216713081106 1.50405783021604 1.1229178899782 1.20673474867385 1.1699819192649
"31" 1.7377415354512 0.629788476486508 1.71629004993117 0.159119594736751 -0.110303982604339 0.217876283558102 -0.453635857939827 -0.21954292765319 -0.974571791829405
"32" 0.510628549551158 0.715213522413333 1.42581667744987 0.890033710408219 -0.111128614134309 0.399773146146031 1.75081352464476 0.515394338016959 0.148975585968454
"33" -1.54158166905777 -1.64056444591058 -1.76035060101593 -2.27134788405296 -0.485698614648639 -1.75628659069282 -0.51965108332045 -1.14661718949102 -1.23379814938515
"34" 1.74480610439242 0.231735822064707 0.631233591765025 0.159718268936621 -0.860353646888518 -0.074369979112297 0.829120271684099 -1.27743055086876 0.115719983695758
"35" 1.21271194676451 -0.111441053031066 0.275781420680168 1.25237115209856 -0.667011528005633 0.395845998030093 1.73961586132039 -0.390021468689776 1.40285275245244
"36" -1.62958151805068 -1.02563418852919 -1.34251726151193 -0.718104729240411 -0.308123230463983 -1.09372587926402 -1.45220076790226 -1.36517265593239 -0.844011251753008
"37" 1.41626110374761 -0.272362819533828 1.35135730884517 -0.216094045087479 0.200346896751026 -0.100202502504148 1.641609963028 0.601403800106744 -0.0807274020782978
"38" -0.471054898617699 0.395372296033399 -0.294160232199765 -1.56266041157263 -0.588752066213241 -0.226222607829432 -2.52065728065175 1.07898538880517 -0.678656549267811
"39" -1.57360337125054 -2.14376092002575 -0.380090250953709 -0.840118004128227 -0.871906454121038 0.0276497494929267 0.901450599533359 0.206163345271002 1.12630943127879
"40" -0.527631739448161 0.217061971681087 0.767118606505767 -2.0632755034351 -1.98032356563648 -1.75957368115007 -0.221884315436476 -0.734548320391238 1.01484756625171
"41" 1.21460947587215 1.38295071902425 -0.200647623516989 1.93967227528799 0.726710966373958 1.44521028462177 -0.346385240169894 0.593736120967165 0.164678166623738
"42" 1.40549985505714 1.06676888326698 1.12898104860044 -1.27577799795163 -2.01271825737999 -0.267237218265918 1.07770491949838 2.23786979286367 1.86911210030036
"43" 2.35195195966227 1.05670421341628 2.08556094953691 -1.19752945459166 -0.0469485870850541 -0.591207011703775 0.642273689366003 -0.313268977460252 0.0219781975610325
"44" 1.05278169779593 0.325803958613289 1.02122452299821 -0.0777228582325247 -1.16787293733179 0.17882942029515 2.81071184942132 0.699121940511596 2.20719660770268
"45" -1.98662598463834 -2.87608752400722 -0.536356912978495 -0.241741415538037 -0.157130971418476 -0.84860729500118 -1.81075986747247 -1.7722193664858 -1.49052283124096
"46" -0.244207378883872 -0.725936444748316 -0.0890509592689053 1.35943762989665 1.36689876119791 0.548405963719258 -0.771604952149165 -2.25704003203472 -0.381710858686382
"47" -0.768783012248294 0.65149982111604 0.856465421816828 0.506743103463914 0.767985233923224 2.11284217465253 0.534776973678087 0.36237020167392 1.15622491114925
"48" 0.195697704769173 0.305156396134117 -0.615152242172233 1.81386945257777 1.32764776370477 1.86278604232424 1.10942722544137 1.15568336802006 1.11353927086355
"49" 0.695628002333748 0.116694626935625 0.589049472926801 0.097379475943019 -0.444260643867178 0.348894454681995 0.748675848699549 1.13910931572148 1.11102627904374
"50" 0.422967207767264 0.349430572324771 0.692799111596435 0.108284275741936 0.616304308346626 1.34353633232668 0.633941860150554 0.815624486821187 -0.691772908192956
"51" 0.867343701280167 0.532131323188934 -0.673335670304699 1.48068983488463 -0.246559407868371 0.603832555695599 -1.27702226787617 -1.81493887802502 -0.66047232910081
"52" 1.25809924305364 -0.593935548452525 2.0703243757794 1.6383748338304 0.26395289036146 2.2739137301404 3.00749473505498 -0.122192483610972 0.689925588883037
"53" 1.50005317982074 1.22612630946627 0.304730712096288 0.507501047642755 -0.376834700783275 -0.514494211396631 -1.97273828566816 -1.05308585770546 -1.62184460565401
"54" -0.811278404154364 -0.0816849797535193 0.320950111787118 -1.19108799708146 -0.127166343207231 -0.679272160213998 0.981984071980661 1.45622653974589 0.459804990711771
"55" 0.53739094088388 0.775763259350824 -0.466803281875052 -0.956395978078934 -0.110339397703532 -1.19872999524557 -1.19287888508947 -1.62518371746836 -2.10079081143765
"56" -0.331171694656576 -0.417935196686101 0.768666488302029 -1.0135653422697 -1.37236935658168 -0.309261220511756 -0.210501349358539 -0.690247003264471 0.0146377077573218
"57" -0.476010454656332 -0.439203555019128 -0.211303298559256 -0.561531611130255 -1.93584697486975 -0.858105714543104 -0.601107158720233 -0.763253285492736 0.30476242780783
"58" 1.29171128642692 0.194837877351874 0.961559432323994 0.300456919200771 0.500326612319755 -0.0499952764684438 0.260786895859099 0.929977390069547 0.168779045820999
"59" 2.1698238928494 1.40447228007327 0.443527261111981 2.78940494458438 1.14156171872041 1.39800605297091 -1.55503810636474 0.409449767447092 -0.904153781824883
"60" -0.461167850235363 -1.38125947634284 0.164815568767813 1.55179166819561 0.367710372011169 1.08756997679152 2.2781565815988 -0.619681716824367 -0.149528625228969
"61" -0.106386992659109 1.11560919435635 -0.240442772459974 0.188848145336228 -0.271354655243401 -0.0774592727349587 0.133353940866335 -0.478394593733515 0.160948165727767
"62" -0.42141273011872 0.127798889448001 -0.466955219715382 -1.20319569437308 -1.04009231126324 -1.15072836991008 1.42963824808188 1.21796297350859 0.00335698029968051
"63" -3.0371534947104 -1.7224131270323 -1.54277987584209 -1.75577682194157 -0.860249200808303 -0.6570178016353 -1.46338508984724 -0.980810299490654 -1.24018261739123
"64" -1.58379416431851 -0.578811207172022 0.159837475689164 -0.452542683953218 0.899027284853668 -0.585217399996093 -2.51142142680896 -0.797932472252406 -1.35279316370259
"65" -1.21572646569179 -0.156233696511815 -1.18750937321703 0.0662385889212358 1.21426463549826 0.557679820704571 -1.69067442622648 0.258877604587276 0.500236078328147
"66" 0.456215419900149 0.624082643883387 0.619444064144212 1.44874662475643 -0.149707106121023 2.21723647965688 0.947743530671376 0.78493050600067 0.488953769938912
"67" 1.73534877902087 1.75667800149017 1.17401767530628 2.28364540364124 0.740644286157578 0.297585037550615 3.45724676817582 1.13832350842196 1.84224424914892
"68" 0.362744137219957 -0.24068892437234 0.136961518272761 -0.245495419167926 -1.49444125921725 -0.180468608844642 1.29368435196951 -1.16776566482446 1.15065798178735
"69" 0.660943558595946 0.537000287882682 0.840226519646895 0.561265795161618 0.175457067730736 0.666753587009186 1.54615141942134 -0.238800829755813 -0.0925715304185369
"70" 0.342924536060053 1.5678794925071 0.0757184578716062 1.03879161155912 0.639523671090024 0.0268847891034878 -0.354938829150695 -0.956385715277216 -0.575474874882751
"71" 0.0850599746746975 0.177537746726442 1.1824120410164 -0.332146994488026 -0.343026462784972 -0.526250983142152 0.632065647130461 -1.88983322973161 0.614534926993873
"72" 0.333624302186932 0.315244718605776 -0.274615232890243 0.909845964608978 0.489139761219967 0.662245153394954 -0.413706501582897 -0.365609785150622 -0.153804001407343
"73" -1.46685176606882 -1.08617096255816 -1.21932934682324 -0.738634519340114 -0.208918169098525 0.213845316148831 0.743138953472537 2.08244728737727 -0.155662473401864
"74" -2.08070391135913 -1.61409158312052 -0.415727499992333 -1.45325219501875 -1.77051970997912 -1.57625002303474 1.31044157645681 0.3518885721662 0.323561578638279
"75" -0.0647484879009959 0.400387926085365 -0.179682292244281 2.21914092070577 1.11104432646545 2.225427491813 2.72723813096049 0.644938675493303 1.1363887067867
"76" 0.455282837138125 1.15013545091423 0.466892799134954 -0.147932231459227 -0.253809449593307 0.819547061429819 0.249167009582488 0.914616030365307 0.306627923695695
"77" -2.20486308481679 -1.28861139770047 -1.40037333328596 -0.464747967498097 0.0271683386197854 -1.29412963321335 -0.400313719417799 -0.0935231931455767 -0.636450943897851
"78" -0.148085848619832 -1.5540803777563 0.945040492491748 2.5590704154861 -0.64236597362162 1.93366589230386 0.813696331781426 -0.0123361860177691 -0.279685352870806
"79" 0.546276301131402 -0.800703194893368 -0.625822813025854 0.321938711773928 0.17995992779842 -0.269169299798073 -0.166800342471186 0.997695956681185 -0.266532599541559
"80" 0.863412070961487 2.57242505503079 0.6928510239182 0.764482596271534 0.944898278404735 0.0874792557842621 1.5703005857703 3.08506157167696 0.711591430646258
"81" 0.303715856472338 0.453004978951481 -0.283251091634928 -0.0481879855434352 0.552673879826366 1.02839327529104 0.79101476984112 0.0633043700039223 0.74913498223248
"82" 1.76835341382261 0.882074695719925 1.54484168156442 -0.667217921039903 -0.181158118839255 -0.740786829063924 2.45792754376189 0.940974573402652 1.35237299672548
"83" 1.14753184066408 -1.38168802736456 -1.15791747533313 0.601109159235218 0.574602873980013 -0.412407151807314 0.468475222738849 0.504959414872591 0.578220773673885
"84" -2.64091106554142 -0.732553175884477 -1.26065379180834 -2.13964289724027 -0.875398427812363 -3.01865277761548 0.591205634563615 -1.41946405029473 0.385724952136824
"85" 2.03811672523973 2.51922503186787 0.878971644193247 1.25246454597223 0.737873815244944 0.921662509793649 0.145403557133763 0.0586396369377507 -0.30034632045262
"86" 0.586122205310726 -1.12628667272551 -0.774113630151222 -1.26823549014995 -0.302884910087253 0.677154842186607 0.0111952028494208 -0.235030401332047 -0.601606299402716
"87" 2.48049815865336 0.721512148610302 1.92999786631584 0.593682788951994 -0.683331641080691 2.07106777920235 1.2282157152774 -1.46475477533585 1.62080673773372
"88" -1.50936771198016 0.626842224821917 -0.755091400926886 -1.0647055076786 -0.181683186146279 -1.29574320863209 -4.06518441753659 -0.0192498396220289 -3.32961866573468
"89" 0.513650135742764 0.169166613956524 0.963450138678859 -0.440328971377675 -0.758701977110908 -1.0430252645142 0.93552396288342 -1.51935307002968 -0.809939833034538
"90" -0.699968108566487 -0.116467551904175 -1.19822193883426 -0.493414621348012 -0.662874972925812 0.335989057931943 0.320814723345522 -1.92617023027454 -0.196844691171603
"91" -0.141460634098004 1.04708729284437 -0.479008717454618 -0.0197709240373111 -0.477406979822361 -1.41426235596719 0.921541986082886 1.35063516786805 0.891873413360113
"92" -2.65679314135542 -1.90682766106017 -0.732383064547686 -1.69470359277543 -1.57575067556898 -1.06549222807431 -3.35317212570757 -3.66081518813019 -1.56745298435659
"93" 1.76376820080837 -0.0314580055459617 1.61134843114868 1.78901862331082 -0.414037500596661 2.82184522289425 1.64000343549017 -0.927510208607831 1.51317950346235
"94" 1.2396482759083 1.7336466057297 1.79344705038693 0.153778368242319 1.19246632706492 0.40099782497022 2.00435244095301 1.4643561609736 1.33467514878015
"95" 0.352299203900829 0.700253674634682 -0.952124237129892 -0.61738742828442 0.387268229844816 -1.26301845945851 -1.42248436417737 0.309759569644115 -1.71551089555307
"96" -1.46808624935277 -1.21517409567177 -0.473894706521903 0.805974079968259 -0.68207243851489 -0.250431888740101 -0.0812788673698147 -0.669207499418724 0.497882365398902
"97" 1.29079756691804 1.46241915303377 0.523389774670646 -2.00633563869783 -0.176634931198485 -2.44021226611448 0.337402857752874 -0.777032239842206 -0.90632993575053
"98" 0.264748884303123 0.853696915605947 -1.02253605226929 0.515798014770966 1.03535745730289 0.984905300279871 -0.945062414638616 1.37781428931457 0.263021745769103
"99" 2.81103826692233 1.86960804971397 2.3079610608199 0.13724830105205 0.379183333315471 1.47056556111409 -2.37985966246664 -2.58746949604778 -1.92282477145442
"100" -1.25384184365727 -1.61472992518147 -1.49851797048602 -0.951022165236737 -0.567345412121888 -0.658233703933166 -0.096378493043332 2.10450363862958 -0.343842024296335
"101" 0.579643211277861 -0.983360536590012 0.327484772676224 0.946294153840221 -0.699465045495356 -0.166076874984357 -1.03245252508943 -2.6918781510069 0.0946584666183352
"102" 0.126676264713083 0.0542529707886287 -0.502951522510065 -2.29194777694004 -1.42365490505692 -1.48549909839166 0.613650642247827 0.994215899224945 0.17265364276669
"103" -1.04527570054521 0.272152523424596 -0.318754018358923 -0.0154861060581075 0.324554086155788 0.247212016750378 -0.611788346028032 -0.624993692505931 0.120503771506541
"104" 0.553465845748351 -1.30820852782456 1.11510043113421 1.26973213164219 0.627464723203812 -0.074005800042841 1.17243486298059 -0.2080934486521 1.51163927346663
"105" 1.50814314655308 -0.801901731797974 1.12914476500168 2.29381344979277 -0.674018128803909 2.61182735134224 1.2478820748539 -0.361145019519837 2.59318160347149
"106" -2.48012355300154 -2.50193302610127 -1.2791350973995 -2.20671159882404 -0.648889354519379 -1.28569045683879 -0.884322846506184 -2.24499276281216 -1.70134506422766
"107" 0.516430727353222 0.184230777361032 0.96529616335404 -0.535304037605113 0.606923581856571 -0.277399693641013 -1.42804034121109 -0.6988782070586 0.993957472402382
"108" 0.53250929913549 0.736572536630495 1.13345877140954 -1.20108823334703 -0.126540008341273 -0.759584549237854 -0.599683715781148 -0.644617188557297 -2.52230382994471
"109" 1.80106994548287 0.288447033510155 0.658882966763796 0.041649480295069 0.91558543635927 -0.435616322250244 -0.515495649002626 0.348410459445977 -1.07723673525672
"110" -0.907588245216835 -1.70722883064582 -0.460891882672004 0.470802606734829 -0.333576851331764 -0.245019639195994 -0.718385033744233 0.677349985277147 -0.0567818716484385
"111" -0.9104052047776 -0.797582662667547 -1.18878072683199 2.31236869064931 2.02416258969496 1.19187584273847 1.94700463420069 1.92994137954615 0.796348166872224
"112" -2.43729733737081 -1.41081046509616 -0.424786906561639 -1.62186934991888 -1.35876564559156 -1.51218551288734 -0.444192341068865 -1.00419827520677 -2.28106753069509
"113" -0.656193897349395 -0.348426941986994 -0.880267848006699 -0.741708646088297 -0.567880472646994 -1.30724084834376 -2.75541696744222 -1.35374249436629 0.297882216728453
"114" 0.77568007164618 -0.143745192481975 -0.329273396659344 -2.89698333597431 -0.704818936581894 -1.21998902502708 -0.452425709664587 0.917366409926305 -0.509779160983154
"115" 0.39055510115107 -0.982270492847747 0.228051999467018 -0.815463951254158 -0.382351424499144 0.349618020958657 -0.398315631142113 0.260531005984128 0.490749132463712
"116" -1.57549183634174 -0.631269675195245 -1.85271727008855 -0.311796792124775 0.643822968487526 -0.503374247803114 -1.56506976450841 1.82552051878218 0.3411379415647
"117" 0.842417548895414 1.94036268445191 -0.516535405097788 -0.252977829353417 0.671514792331922 1.6773634882178 -1.93303267894347 0.824821422569628 -1.72074673379743
"118" -0.00343036836980942 -1.21153603011078 1.28397138917678 -1.23426519737523 -1.09700988762848 -1.35572009486366 0.105012533385663 -0.612832708630919 0.164159104955893
"119" 1.2945943702978 0.0526758726997483 0.376014791716118 -0.300171801349709 -0.264520875148231 -0.984889323197968 0.435630402776262 0.222671764713029 0.374092062539408
"120" 0.116954156870251 2.12509857906553 0.551808290191256 0.848919342326024 1.10360533169061 -1.40971084500531 -2.15949873739769 1.6762892431949 0.0793415915747329
"121" -0.17520056805695 0.277026603045855 -0.286434495230342 1.34859147844749 1.57445225268521 0.691868142991579 -1.31746122713848 0.431426770677054 0.206048061145876
"122" 0.839476412721816 -0.104816036060721 0.435489436472175 -0.366067762248174 -0.653669319620781 -1.34663204976997 -0.210901255384781 1.37148844120754 0.539438977487203
"123" 2.26456280840844 1.06171885185423 0.748880005577421 4.47790545049443 1.49869116944881 2.65952620215139 1.44306717044882 2.09676997656888 0.764020793176641
"124" -0.393933628994412 0.144941280777743 0.271519906855865 -0.378826234267642 0.0828485725114311 -0.518652069072777 0.00448374983210653 -1.07408877695587 -0.807574724623612
"125" -1.54949987493044 -1.12799409887742 -1.3645176904865 -0.69729270374508 -0.0927778673174258 -1.21461594316814 -0.324255147413097 0.365366390726116 0.795213090785692
"126" 1.67484079944545 1.44120099322619 0.554487755355141 -1.34593157801939 0.773283896221105 1.44360854438447 -0.186148626552136 0.0288779624754709 -0.356142395876464
"127" 0.230668227798537 -1.50383724054257 0.207775586812077 0.101548921682997 0.544407458330574 0.752429341123918 1.63880037142902 1.87711702319974 -0.0762126310637389
"128" -4.32546921932336 -1.79814160691353 -2.5227071547878 -2.30448036850718 -1.50567984265236 -3.1983471388148 -3.72675097101104 0.641048849603381 -2.50159639429636
"129" 0.00624177159998918 0.378258961947795 0.686511066764123 0.00768561886653951 0.307892035719133 -0.510296280462744 1.07343226602638 0.134255923085431 0.531139629128352
"130" -0.196514655503994 0.339824214065721 -0.398757805051548 1.47305755827799 0.53560505930668 0.464927561015998 0.3374297146089 1.50837150647816 0.757524072752457
"131" 1.36607008564896 0.680121964779575 0.0194108849161021 0.235995135606407 0.0478585771450614 -0.273597210578515 -1.11594276792461 0.704549201871689 0.484418592789922
"132" 1.34294501567964 1.02964427731915 -0.0176149001582098 1.51634938273851 1.38831744853128 2.60179389754321 2.6124956581271 -0.16330206409742 1.38970586061974
"133" 0.989088826747367 -0.122291035529264 -0.216450361912306 1.08488161927534 -0.101520457673777 1.11475020267065 1.43530007936872 0.304100874704824 0.462214334501999
"134" -0.051448214375155 0.901972391635516 0.0258086606261565 0.98470054734108 1.37214402193246 0.581081206819294 0.844423542470578 0.290268939392554 -0.210520126543416
"135" 1.78484328465298 1.27762459426558 0.860345802687714 1.02037590312502 0.267883559878275 -0.149882971798564 1.22704031520137 0.0964324382645733 0.857849899319177
"136" 1.01436901322973 -0.436044575723686 0.762981666725875 -0.00632088194230392 -0.970021053354338 0.319911595518891 -0.823668964865512 -0.991393333914167 -0.465327686214876
"137" 1.35507169215582 2.77290756378799 -0.755073837074592 -0.257596704044689 1.52297621141441 -0.794138493203112 -0.817025969208279 1.07716428040124 -0.129912701790023
"138" -1.02759208132763 0.245538603315357 -1.27923467549972 -0.618261881526895 0.433186739056595 0.0893792992952913 1.51302435103195 1.97690254964593 0.98152263429876
"139" 0.273648631528331 -1.56594262184999 -0.412287159429784 -0.273611581941956 0.689179746635582 -0.544159630786375 0.903234335739083 1.19658086706777 1.05288627856585
"140" 3.48799678941143 1.623942714766 2.50517375507364 1.07236518061886 -0.355651903048504 2.5349358818414 0.122296659178312 -2.84632557070424 -0.363694650468967
"141" -0.851103560321235 -0.952485301482737 -0.594147729103679 -0.797644289097933 -0.661623350879517 -0.470780932408685 2.03927267546754 0.516294818604287 0.511327323903304
"142" 0.374073855732543 0.0132592041050479 -0.743634466182616 -0.880446303352999 -0.227639561739096 0.164787666780575 0.460252317381779 -0.800005991965414 -0.369888097460813
"143" -0.931181792758187 0.493640663840636 0.157636710237004 1.95866434566212 1.15036605476348 1.50326285571754 -1.51703188024265 1.41218266890203 0.251431817160354
"144" -1.33446471736991 -0.94484694440827 -0.892418500028629 0.228079596388328 -0.946088611216906 0.569131066254444 -0.341997999775513 -0.170799045132724 0.73657131832514
"145" -2.96867905604773 -2.00075197002883 -1.19493600801994 -0.970650107869291 0.149369891053496 -0.634174548815438 -0.335378483523621 -1.57574419962572 0.491275726231021
"146" 1.95346546949451 0.352450593705714 1.71728013702282 1.49026983705118 0.286003239795223 3.04898263022874 3.38980188317278 1.35382956104676 3.23768368158554
"147" -2.66367748509568 -2.3724176585672 -0.958524364249629 -0.576862425425843 -1.48606266523473 0.200175339908054 -0.349633299654502 -2.715098994447 -0.690543134361818
"148" 1.51146995925765 0.128302762300001 -0.441149821420305 0.266081579140563 -0.879038819816892 0.117963248632529 -0.130660057457706 1.61964233064877 0.21142629737532
"149" 1.63563125747938 1.52153998778875 0.880468738851553 0.321667939536586 -1.27088710083908 -1.11332570818269 1.1509424300232 2.49378738407473 0.796352125422086
"150" 2.1268026913989 1.96301472484299 0.349743085772715 -1.05290019735499 1.48603595776144 -0.527425030993716 2.32022415195239 3.09284222019241 0.48052996823941
"151" -3.61519217877044 -1.8058737281935 -1.36845257810492 -1.37249610335487 -1.38258069116656 -1.55390530314193 -1.80967364210309 -0.87658161014654 0.492226302462875
"152" 1.37468629086422 1.07814329041323 1.55885380719839 1.06916760165971 0.107833837211961 1.21576295127405 -1.91657731403267 -1.20200178018034 -1.42166524389051
"153" -0.0546617763498354 0.128739423587281 1.11341461022663 0.359898088094093 0.367837735362095 -0.31528501699205 1.17089043102971 1.12164188850394 0.648568189951627
"154" -0.777369054396091 0.113977858070445 -0.839032031462634 -2.59723020232926 -1.55890217382414 -2.31207764662862 -0.840020007698795 0.555053289537265 -0.0356433715031272
"155" -1.68022090486069 -0.534800640267624 -0.0204946813939291 -1.95766387754092 -0.391693994435068 1.09887056025354 -0.351200881810389 -0.497147628704427 1.04265696528187
"156" 1.01605816665409 0.557854235397615 0.506070008884337 -0.554766891106209 -0.119361347022862 -0.303754831853025 -1.3833777553852 -0.165134448442423 0.620832412575405
"157" -0.293365679876125 0.312416973654801 0.91554264523105 0.215475069278561 -2.2136311180391 -0.0969466760161682 0.335035817947763 0.171932958227124 0.395789663762559
"158" -1.42285495297276 -2.53615277635795 -0.682418349405127 -0.50287445541112 -0.181517990098042 0.378572842511805 -0.146258525039154 -1.63819659455028 -0.729206459064787
"159" -1.92217227863239 -0.0673035207452547 -0.672690873470467 -1.39376993309877 1.24297942587359 -1.10563489784468 -0.972590725630398 -0.507635806669095 -1.08693501978855
"160" -0.190852715189823 0.48167499821365 0.817484465817579 1.35858263311495 -1.13629269095689 0.244866407495088 0.190425269364894 -0.15381526905848 0.873170977328398
"161" -2.01622230465255 -0.828031907203903 -1.86402687928557 -4.0871156634836 -2.16932759385008 -2.12655908889691 -1.89863671186708 -0.0829003775207027 -1.81579719133727
"162" -1.45926436696695 -1.34819911074692 -1.12315810105789 0.979861748098182 0.903600999544806 -0.998199631674104 0.837468260513475 0.165455894725397 0.893928357816302
"163" -1.24556480651759 0.157431282069076 -1.23928327810564 -0.474967097737351 -1.28159741938677 -0.0433933554442323 -1.55984997460785 0.0683284678057238 -0.306120640163068
"164" -1.21905875831214 0.669070582059065 -0.113244245620258 1.49067898990447 1.91554479246139 1.39796809230157 1.74301499607564 0.747321839707366 0.533469629590424
"165" -0.778261523823091 -1.20447182751958 0.0353076483332091 -0.195101265707182 -2.46267425994104 -0.968149996201676 0.265883451067846 0.138612307577573 -0.729822106774537
"166" 1.12328037025071 0.620028117285441 1.13802638315626 1.01736894272361 -0.760660737748838 0.135732090886549 0.199563054682493 1.02823177011535 1.0443293573635
"167" -0.857272584982038 -0.369494019180246 -0.383218883544693 -2.33232253882723 -1.65150866570172 -1.94651026927501 -0.0357182571246822 0.531991956558744 0.741882034201766
"168" -1.01107776370776 -0.296563829796812 -0.524845876984828 -1.52878889758758 -0.909351974507067 -1.4305984390341 0.774139295596722 -0.275752499056907 0.690127697278925
"169" -2.11510795132876 -2.1998527306969 -0.887760159487988 0.0250050297838592 0.420619354655775 0.350319565167386 -1.19129730448953 -0.793274618078877 -1.05108283229195
"170" 2.14886338798761 0.504479032267433 1.80407035018075 1.48733534859047 1.1450646763097 2.41504000182618 0.304854188911774 -1.51736992178895 -0.867600606034541
"171" 1.4185668469543 0.764100837143986 1.95317871692754 1.3265222364903 0.738654087848625 0.0426866829007917 2.28134076713474 1.66726594383875 1.64554279762641
"172" -0.243599379009708 0.729913210960491 -0.93558454921401 -0.615125021039821 0.677926103974094 -1.41511465360431 -2.16486982816252 0.175844173963272 -0.551569565330357
"173" -0.715283812282517 -0.724448854281652 -1.24130409724909 0.666347712732437 1.78235968813238 0.664902112012122 -0.194465356427934 1.55593696768479 -0.897332214646996
"174" -1.17357756903235 -0.766673868280748 -2.27636614618292 -1.50724309062237 -0.961558895104845 -0.21325086954897 -0.0354157349687571 -1.16082219420678 -0.541938514144754
"175" 0.177761581315781 0.0936425630616047 -0.229141755828298 -0.843525371466891 -0.35084511333803 -0.668091493936667 -0.408045083178936 -0.993637630178746 -0.884977422478373
"176" -1.40562533054527 -2.08203707094442 -0.606532133868806 0.771476335394345 -1.64252808717603 0.540933032941489 0.0718204279060041 -0.220244279603986 -0.979298923299751
"177" -1.33802451087497 -1.33066019120193 -0.753837169448122 -0.990640725539942 -0.650649007737679 -0.506238884056275 -0.532311911216505 -1.05803379724268 0.697920569510931
"178" 1.64532259022482 0.422390361047051 -0.172698989733134 2.41187464775713 1.71368181786237 0.175221885712395 1.34937769365071 1.59927609361474 1.06823831355342
"179" -0.671285157257437 1.4688727565949 0.307248392035121 -0.659013533834945 -0.392372614377103 -0.765021741830745 2.5145169245437 2.35234618545971 2.17357883402975
"180" -2.53072319207893 -1.08898753529151 -1.33286417898638 -1.30087228904141 -0.119818603777552 -1.29453454048691 -0.424061594229883 -0.542159991188724 -0.170308681430451
"181" -3.09783959313916 -3.9249474125525 -1.40257243574484 -3.00123158701151 -1.7303929468601 -1.57585932364358 -0.202196620351274 -0.919932269375016 -0.191362444947881
"182" 1.27017763163603 0.77056042018153 0.616555196716526 2.02651196472166 1.12918562621436 1.14845207894947 -2.64926108711261 -0.793320462558584 -1.33807308633663
"183" -1.98073919631759 -2.30675695309727 -1.05655571304914 -1.88638250400592 -1.19482310239406 -1.02035860764837 0.912890828220145 -0.519164729516302 -1.41849777216033
"184" -0.686313714042277 0.568095609045706 -0.147812783633926 0.614073021888685 0.266909532381332 1.16000556248723 -1.83206087993419 -1.01387021308281 -1.63839942056126
"185" -2.53336575721084 -2.06928712343485 -1.69174941362728 -1.02786187245788 -0.646967122277516 -1.32521149704471 -1.26538920655963 -0.935086840054361 -1.25133868132167
"186" -0.520211464506637 -0.960599659214077 -0.379411573714519 0.305542503831947 0.875437950393871 -0.252555487345125 1.1564202502327 1.30499829337238 -0.0392080485468386
"187" 0.90071474453534 0.3744826410883 1.03383231424422 -0.427827468753882 0.28049422275997 0.635909371041994 1.1950124909034 -1.20251457372578 -0.359569672486313
"188" 0.472764949724596 -0.0965030315409565 0.607692996839414 -1.40578772239909 0.0224795125223638 -0.950244646195009 1.43561034825868 2.63462015069653 2.00157826865821
"189" 1.26996608893394 0.592985870566777 1.25688088992384 -2.41092267392715 -1.75508401950398 -2.01480374557995 1.44494925134098 0.650701478769177 1.76532183602277
"190" 0.659106018252457 1.44370222987405 -0.494779519632921 0.313333947005175 -0.336474229909632 1.58455837440484 2.24762687083143 0.737607662670116 2.27786275071024
"191" -0.873215555681115 -0.938334471337085 -1.41358995989981 0.518651601324883 1.21785824683356 0.314858864122665 -0.68502042972981 0.84801617900849 1.04312363003477
"192" 0.351773275381126 1.18016322183126 1.08052044560083 0.667685562739123 0.319549519048057 0.262724711165449 1.64628227039184 0.04739964617047 0.249987302662327
"193" 0.390958489064445 0.323974230534149 0.499503754823212 -0.00683909831594851 0.470894178378245 -0.235780254066071 0.990762047074863 0.700076728200892 0.495126793325602
"194" 0.0809250061623432 -0.591562565496096 0.889407705574112 -0.19695086281729 -0.141268171518863 -0.753666698523038 -0.833957029386448 -0.301801550885715 0.78831554208451
"195" -0.218626328732526 -0.0914336504985366 0.388688302444414 2.02874707771779 1.57473232961604 1.73397299550273 2.16796118740833 1.56062233532774 0.233020982576513
"196" -0.361238097176185 -0.948515264695406 -1.03180870282482 -1.27480299243414 -0.231531015522663 -1.64800552642989 -1.68044779486355 0.367134703070893 -0.176013360190328
"197" 0.144707676448127 0.947539603292434 0.363485467033088 0.552151203337784 0.204787330157748 0.497497221563163 -0.587280443492279 -0.282300247928623 0.820365774486369
"198" -0.898438933079859 -1.21801865188506 -0.622654379916415 0.37651803823247 -0.168785760998997 0.766386151426862 0.103612578450731 -0.301551501759607 0.433782633042664
"199" 0.589789930301756 1.07501041896795 0.723844120194287 -0.127272639174378 0.102119902407655 0.665782223266802 0.587225066535568 0.306451290529387 0.0533517038847508
"200" -0.706666069981281 -0.88975060849048 -0.640844349228491 -1.76127424965879 0.728125513317896 -1.48338985968538 0.559640881496274 0.541066111726199 0.551302952842182
"201" -0.749774255903246 -1.73170216651737 0.292591741380133 1.28621309812806 0.839011552536279 2.09989531782555 -0.833402879439249 -2.08334857090189 0.864349468745274
"202" 0.438797597770445 0.599998377698107 0.476186667100692 -1.11422810141205 -0.0380260656203523 -1.42770936348581 -0.254022653878781 1.76253082726011 -1.00281221624871
"203" -1.16780641406522 -0.798271173870682 -0.445506755076491 -0.600816203415395 1.02083468661704 -0.87406387596005 -1.382733363151 -0.49888117320974 -1.17477387509648
"204" -0.19803155295264 0.497849602502518 0.177335874349841 -0.59629903083427 0.244968344281852 -0.233764348045744 -2.13499050557977 -1.174518012415 -0.917338411604059
"205" -0.164690629998516 1.14689705870112 -0.621787227823257 -0.193063198954932 1.19253680527691 -0.566231567751325 0.913023834232686 0.500262726243178 0.00752223946818603
"206" 1.11872389130799 2.23400576522122 0.760728107138516 -0.0145910751483733 -1.06762860033717 -0.290683229151237 -0.357121292417261 -1.13257349065902 0.277580026166785
"207" -1.08574686022983 0.367363598541082 -0.190918283424675 1.05326460997863 0.55067856742058 1.62683436431781 -0.927773961287593 -0.758503227934866 0.237614510628661
"208" -1.13429203427316 -0.196209271770506 -1.41455514234527 -0.381960813669625 -0.497970140811669 -0.336478372357869 -0.507824747466751 1.47620871613586 1.37063723350554
"209" 0.596907148995715 0.129950659776103 1.00950048763554 -0.611229498735201 0.0135667736240653 -0.725104259940378 0.783634727962554 -0.946120328944678 1.06076235270211
"210" 0.966594486353061 0.744866870137607 0.401193682841778 0.480414287490688 0.3435319057081 1.64679558647856 1.22248967419328 0.597952253770296 -0.131874691334997
"211" -2.53158996940724 -2.64046294484551 -0.985191749506593 -1.32937788979809 -0.303416036918081 -0.445209052431273 -0.226855836916121 0.141821480914071 -0.72782513720241
"212" 0.387738544788148 1.36035012816775 1.22022486937637 1.11418533687105 -0.14725944052151 -0.257724392676465 -1.23825620753641 0.255426288025302 0.124879657823607
"213" -1.25724129957819 -0.642704223031978 -1.78738631915021 -2.61045765798678 0.0733781551958064 -2.5098047821971 -0.0495350709171121 0.735640276571541 -0.23147504654191
"214" 1.55059866896011 1.35487203857305 0.0331273061328559 -0.472172335146208 -0.376848482489294 0.294263479382369 1.52260296729919 1.03026660856747 -0.603153008914519
"215" 1.93114526634152 0.258488360239594 1.64301223050759 2.44060415326254 1.05400918300453 1.61429417713856 0.911277573041584 1.22693333889163 0.65272373004106
"216" 0.759445546495139 0.473504034194781 1.11407201480008 -0.281776783235698 -0.653649088138862 0.324250932517631 -2.34196510341587 -0.592694119761665 -1.64676416668072
"217" 0.270918735189764 -0.947210402741608 1.11605239071385 0.665294127113006 -0.646028262703479 1.72962923884783 1.17854045043383 -1.32587589392131 1.04905515407736
"218" 1.38106212822511 1.05690420888793 0.735798871913488 3.04259226689975 0.871084331479273 3.56424501493624 -0.597176074014868 -0.797888171260701 0.239005339899358
"219" 1.84651968142814 2.17044524692051 0.941106484576768 0.287845201993978 0.918288208139649 -1.77884784839447 -1.30992562091099 1.89142882590489 -0.146667261585729
"220" 0.353144980531262 0.353944443743283 -0.153211006203282 -0.986631869387036 -0.336500759626778 -0.574345347546175 1.1077572178581 0.719420698225427 0.868739611982599
"221" 0.701490054945044 1.33851962252654 1.24505783676054 -0.159607850209621 0.00844155374096489 0.625636193447413 2.45041135843171 1.04543201184805 0.345263257836356
"222" 0.845910574600996 0.559763173184341 -0.0330770874670966 -1.90537396946486 -0.872245490642779 -0.320538475044638 -2.82098388839627 -2.38552417709384 -0.890253277259363
"223" -0.0506630850389369 0.620630634832366 -0.232175432516609 0.549684182261723 0.949054413016175 1.50617974272477 0.202527950937351 -0.930456300182351 0.16363894629358
"224" -1.33501743842822 -1.13564124810249 -0.234381095365741 -1.47698644452497 -0.957680246395619 -2.36268729184094 -1.60075392985365 -1.19933533194079 -1.5850068755021
"225" -0.0139986555642588 -0.213204150021689 -0.0485414265929398 -0.655919571663075 0.321784047347412 -0.223617625784368 0.946296726327125 -0.569327236439793 -0.0654121167260838
"226" -0.872206405759206 -0.542327097439888 -0.549254280903259 0.753353255390426 0.839701687550464 -0.289096421108543 -0.28940173728378 0.533324274270889 0.842443390949966
"227" -0.0919004696795304 1.24300386026051 -1.07008338067739 0.159078442676059 1.66172124270624 -0.573358550953079 -0.686144683889026 1.53137052768413 0.916376784776225
"228" -0.589950911063513 1.67458754207516 -2.29562870510056 -0.0994081850333995 1.55353388799085 -1.25487612823729 -0.42730195346793 1.07514974290874 0.669309680984397
"229" 1.10140821687611 0.251479838054076 1.5384851852933 1.04395657789505 -0.252393119524476 1.73542250266617 0.351691682681826 -3.342743646465 0.177219523537886
"230" -3.79596918508106 -2.22358001454223 -3.67979103829759 -1.20191803997242 -0.46203739009621 -1.66623580530952 -0.0907562549206385 -0.413153112894843 -1.3286708782193
"231" -0.894573785431831 -0.970816051513443 -0.483066746717595 -0.284749378827776 -0.882485604303904 -1.38013635985311 0.507081564803003 0.645010088147436 0.365696844197872
"232" 0.415784879361308 0.349401198750436 -0.726894674062201 0.628265060843673 -0.847895170618697 0.382308661037662 0.299278224781681 -1.048393388739 0.0895573402761392
"233" 1.19264606420559 0.840753009635438 -0.105458380348869 -1.49082129387805 0.128366423050329 -2.20600650146757 2.05321602693909 1.59677802696977 0.565581156316052
"234" 1.75648175721065 1.42125596604731 1.43143229753895 0.076615784234747 1.32495499104318 0.0529253023328567 0.00398616465977863 0.882296646145043 0.213081525391662
"235" 0.663873674284135 -0.822017959026797 0.141972295770001 -1.13396674499104 -0.509272218896956 -0.76210609802802 1.0316484848656 1.56204211023571 1.46144358363102
"236" 0.958639545154473 2.160329313161 -0.195402934110197 -0.281731384139398 0.0456150769962724 -2.55981927712356 0.345553295445069 0.672778674382521 0.108736478767369
"237" 0.485828041261857 0.066345190437907 -0.16289527309711 0.530499109090333 -0.159328258923797 0.392966857858631 -0.758788097961825 -0.329209709769906 0.0593178725615847
"238" -0.691761081827438 -0.903248314391951 -0.177778968678736 2.22198080515042 0.815030174029171 2.57916842037996 0.1786463873956 -0.161366320223909 0.62599919729438
"239" 1.22497663721424 1.33634695819865 -0.269479169202335 0.971274232418041 1.35557522321701 0.484591961379216 -0.522475183469384 1.86925479005106 0.176738268903181
"240" -1.92333365497535 -1.23635787098588 -0.603141810028667 1.52297765067115 0.267915223932874 1.01516899236727 0.349308979609179 0.66050652169138 0.765400495625802
"241" -1.09068304022085 -0.598113832448055 -2.00389923568861 -3.1976995493861 -0.0406718604480247 -1.28438248821635 -1.44046779596237 0.19720231304001 -0.353736667408226
"242" -0.530768206107733 0.200014796145082 -0.120876888340881 -0.532479166058566 1.20585391127487 0.193542207418587 -0.823539092782963 0.526278247830325 0.710593554740909
"243" 0.890687357432066 -1.16826658989313 -0.577454960235143 -1.55377840724655 -0.42484935030042 -0.744096591858666 0.865185135579626 1.43964738921615 -1.08420941015524
"244" 0.263677585828715 -0.100704241037077 0.267214126001075 1.44592820501016 0.39520888127275 1.69344280117586 0.279835628070723 -0.90275510214959 -0.190377631144665
"245" 0.453434271093036 0.469304495868999 -0.713213262733768 0.0574437654702106 0.609620696018769 0.175764374797978 0.158899667926434 1.2122182755287 0.263454600099593
"246" -0.793209289782548 -0.600766158541434 -0.798649727793584 3.10326050645015 2.32460239398828 3.86709572996017 1.48462817008862 0.658880170319099 -0.464414862604386
"247" -0.408216617350678 -0.614884425654824 0.0587996506236803 -2.09284619746778 0.456831599937487 0.113651838200978 0.907275634078986 2.97566897913329 0.290538374404318
"248" -0.344286507841803 -1.01802405884516 -0.314480478851759 0.275835117619679 -0.26792103420675 1.61993023010439 -0.154757831967758 -1.59905778732149 0.215250873060933
"249" 2.32807477837715 1.60368139065934 1.01157003577197 1.62294942358272 2.01102626261625 1.95106636310027 0.994938917771014 1.26270481846484 0.637409861374684
"250" 0.85987866732619 -0.076624798612821 1.88219124910243 0.791893334046477 0.847804422736743 1.60705197944954 -2.68582198455803 -2.91036949198759 -1.71305613465588
"251" 2.67102897549232 1.98446796411587 0.707110973677819 0.0160194830204676 0.387770832390117 0.323037533270714 -1.15911633959414 0.149296397098293 0.187400577203343
"252" 0.723624287398375 0.828381453293878 0.0844640396797507 -1.63035004155178 -1.42887263108116 -2.00876353616893 0.786935287596322 -0.0535432574241442 0.341801175771737
"253" 2.33284063996575 2.29569035952271 1.76102977641217 1.76794782889695 0.449864227753958 1.79413045760869 0.741578692878664 0.860217187273838 0.569469359607536
"254" -1.3467931445268 -1.0207526863665 -0.281614940099887 -0.432689880701384 -0.601250237958894 -0.793025841410644 -0.142782512430318 1.19669031647246 0.659825356616081
"255" -2.363868177469 -2.51229473510203 -0.705425669961233 -0.819041489712539 0.0434374571473843 -0.260852597048779 -1.22496868800213 -1.82517269288529 -0.805706771982083
"256" 0.100221429002787 0.640352566764806 0.592845868481676 0.483469797837834 -1.26182257781723 -0.966479505606181 1.40539014124658 0.793241085928151 0.675996850497133
"257" 0.234972992948123 0.716394248320433 0.510134996756131 0.0277169477558363 0.197686832778469 -0.318627828943113 1.17093479363228 1.22319412758695 -0.216006495644876
"258" -0.59251889722089 0.987753631839744 -1.55361533547724 0.568818191427694 0.723495544147282 -0.410065940505481 -0.365989327664055 1.71519125089328 -0.300859203695554
"259" -1.09321768672368 -0.326080356567431 -0.865867877449905 -2.13597609568544 -0.339127331241103 -0.408990965378003 -3.49320773000865 -3.36529884426947 -1.05903827224466
"260" -1.70832018604585 -0.514685271918013 0.164375073760608 0.761411887186583 0.546044271104441 -0.194313113273866 -0.0790576319630958 0.504061178589063 1.20981696101886
"261" 0.946324471405363 0.296790769216243 0.620337948680801 1.35223929646792 -0.0245872348395796 1.50172368121746 1.70565146630606 -1.1339351644624 1.31892684527067
"262" 7.26886285340456e-06 -0.238102910855535 0.348385605041095 1.19956950630673 1.00423839505657 0.632979298408894 -0.869774590028888 -0.676681067292808 -1.6527624203199
"263" 0.635736833359036 0.412364120110121 1.3921788017753 0.239682304704776 0.0736143772877174 1.62089887161727 -0.103092285068395 0.563149749418074 -0.808275899151432
"264" -2.3502911693738 -1.30661087839452 -1.01320636387936 -0.799400470179944 0.964043536830286 -0.659244245265297 -1.39929323988859 1.27740203816091 -2.03272035960348
"265" 0.149233832462054 0.573673503769331 -0.0910998028526484 -0.834714753358345 -1.19709703336265 -1.01435796570164 0.639075854310028 -0.204472166099424 -0.546349952033002
"266" -0.286963608538167 0.544929635002086 0.77398616071961 0.760878872402653 0.424956963156128 0.0124077252750286 -2.18908592646758 0.632415955903773 -2.02809272144571
"267" 0.908095154961398 -0.223145482902947 0.353488202471554 -0.294349701319585 -1.13536611384072 -1.65375624259803 -0.36215618370824 -0.541237450901435 1.16797902385409
"268" 0.576690144400878 -0.908576206286966 0.970116834299262 1.41787913735929 -0.0380082582801489 0.98822307263568 0.502449890665642 0.898117218941498 0.537866748132238
"269" 2.05869304756098 0.00660191500596354 3.53563642468178 3.48363246962578 0.435496400560454 2.61935742734243 3.99185443714316 -1.95359389128411 2.67064197815566
"270" -0.697134501863887 -1.14813704315754 -2.22314258939056 0.567512125268804 1.1923787948973 0.0547993596416373 0.635946839173561 3.19760719931288 0.544688591938271
"271" 0.255698645761683 0.139667105310931 1.27931384363609 -0.0718011762434928 0.853655604114226 -0.116925920543737 1.28128763456524 -0.0135423192704633 0.440835101398316
"272" 1.06224482840791 -0.0494232785006611 1.37586369890011 -0.145927906977212 -1.59882150304823 0.763408904827355 2.14238902816239 -0.196604099022234 1.03700001671301
"273" 0.217694523396512 0.244597744648285 -0.437902531757972 0.00568690051772761 1.32916246206233 0.564637678465548 2.21483312679856 2.62919142686184 1.87890018820883
"274" 2.26215005630483 0.763538714441061 1.07528981007006 0.515668021974773 -0.669126819206777 0.518475293655671 -0.729363677169239 -2.06810475497042 -0.816775672794686
"275" 1.31700077343901 0.906768947749295 0.436585827687668 -0.964090406809244 0.274011285475842 -1.62788728969853 0.377885032301876 1.86937188358211 0.861572757934136
"276" -1.72573140832173 -0.103647652305672 -1.67969503712155 -0.0727149418137347 0.115371354365648 -0.213159866123702 -0.905877186831486 0.463182439664739 0.242048636061144
"277" 0.0256367629616677 -0.612496380913362 -0.948816088389323 -0.0618508837251589 -2.01388471656268 -0.361107900968446 -1.744681134236 -0.701479698272056 -1.70305586680006
"278" 0.607025654119633 -0.925860527044274 0.778590793829041 1.09575413919799 -1.06577416185726 -0.384553820263779 1.90597049117512 -1.40477873882183 0.57740873561632
"279" -0.147843319918593 -1.84655139421765 1.38426893132167 -1.21327810981225 -0.890196373338473 -1.16114088178701 2.94259164246924 -0.677711086318537 0.14384510738448
"280" -1.79310998431522 -1.80801948082664 -0.658203557769904 -0.20366178301814 -0.791422516465272 -0.397083614626655 0.23562410554328 -1.16956418668348 -1.11484348683043
"281" -0.132611864843453 0.840336817535661 0.662433852114006 0.265132725139748 -1.56416958094137 -0.191769192170749 0.82063934323348 0.0793702160636556 0.305339329192085
"282" 2.14771075977331 1.3293614736812 1.28179041680288 1.05903289720028 1.11835285064654 1.82412724426463 -0.777221716716383 -1.92699918245749 0.274478947697383
"283" 0.423962489180571 -0.729211709758767 0.0531655177298726 3.68737988559052 1.91960217171547 2.79202322933896 0.210668872177235 -0.315605960939409 0.594114516308959
"284" 0.110665553169378 -0.894294169038279 -0.0600102706179166 1.60901841089465 1.32490789659143 0.488860856591335 1.50818516865397 -1.60113839161065 -0.616228419250193
"285" -0.815500353021524 -1.04396887112642 -0.408150877060074 -2.89760215256979 -1.00317777909153 -1.25517172556403 1.06497394445767 -1.80168187040035 0.276822912946438
"286" 1.42379490996994 0.36842885762007 1.08867085415207 2.15330864089324 1.20788556109927 1.00967477779542 -0.966213596125156 -2.42436501344555 -0.747751755782686
"287" 0.0934701122334326 1.18044627791229 -1.22568221905007 0.566362520394202 0.987462182576912 -1.12269837463854 0.878841288933778 1.26682931579745 1.34520286556728
"288" 1.25804452135243 0.504067195012556 1.96760470551373 0.623233949057473 -0.739476799365479 -0.838698678196789 1.21102386186055 -0.44600484199954 0.784690984790243
"289" 0.946880782853086 1.58423302544842 0.00751520974760713 1.18367608291967 -0.726527798886341 -0.0827372659878236 -0.309458460776902 0.516321225400486 0.791987115716913
"290" -1.52288501164807 -1.37714615393059 -1.35969067428997 -0.0903821582169069 -1.57672470137856 -1.44011237393117 1.86239010015907 1.22336644633067 0.277430907296407
"291" -1.93840574434232 -0.961382229565001 -0.529666458800879 -0.313983232347102 0.121267373146426 0.415662950483047 0.902888893284689 -0.897972204717095 0.391975401047966
"292" 0.515768134708018 -0.334226367587173 1.10918517029644 2.18926228718987 0.099985598162831 2.20999215925563 0.609807823779455 -1.29038709991284 0.959977762726672
"293" -0.279451567927022 0.62276777183356 0.00982022688526139 -0.172407873941983 0.142520126861203 0.152904937609284 -2.04897897574419 -1.34946633516768 -1.27762168842453
"294" 0.468187959068104 1.36194184141245 1.3138877657593 2.78010004694344 2.50157775413232 1.43941090542442 0.250418202844293 0.118588735036592 1.01624077242034
"295" 0.20494695831684 -0.159642556324456 -0.148955000611122 -1.58544045575016 -0.590430862253107 -1.06792254186478 -1.03527861289102 0.471891061253371 -0.587763500127436
"296" -2.71192667773862 -1.60635178106902 -1.06779409994856 -0.402126314590018 -0.962131051631571 0.58546750761656 1.13903055074555 -2.02962012282902 0.783187310559127
"297" 0.783842656681972 1.43211807391736 -0.138835806965349 -0.256881384748281 0.448539663831348 -0.117592835017596 0.552637996458622 -0.307143693258582 -0.160601461148425
"298" 1.64583898188805 1.52578867075931 0.0865370624666627 0.594416080253237 0.885815818522216 1.5810435429546 -1.43052503981269 -0.123978712611718 0.996380772949567
"299" -1.73562270052112 -0.768598921638964 -0.790009329287648 -0.104198416338257 0.418713367969981 -0.115945114718316 -2.03488003175395 -2.26168859268346 -0.942326146131448
"300" 0.080278145742673 -0.404928094758221 0.111275219368347 -0.699360577162023 -1.52648888193777 -0.629049732906612 1.51884530417814 -0.322847228299755 1.70598813301717
"301" 5.74851791047786 4.27590805514087 3.47246385925639 0.832532146347845 0.401673824764584 0.576259739203282 1.22876925556621 0.0926160090307298 1.25318030866991
"302" -2.46506969842216 -1.4902850162597 -0.519170789179753 -0.400127674624708 0.589274242486575 -0.446523648748475 1.55090621070293 2.17618084398766 0.546913708073523
"303" 0.675140822921282 0.560126606481753 0.508787276131084 1.16970640279609 0.710019202155486 1.46623155853132 -0.576653695628286 0.511106062373844 0.464787367716631
"304" 0.218552750138913 -1.86838209011913 -0.114516699893319 -1.2271723528129 0.0157054307679294 0.403400471008429 0.333319715071354 0.416122594582861 -0.142994618364828
"305" -1.78062994990546 -1.88477259198428 -1.36651566283724 -1.38225070057174 0.589011035422885 -1.33173604770065 -0.390545540179783 -2.06536544016992 0.195166974599176
"306" 0.0940786386906621 2.13218960823882 -0.352148276470431 1.57002676025913 2.48253641158354 0.310429698568865 0.243813205976538 1.98284185710473 0.583276243856733
"307" 1.07329403061659 0.0364147446913329 0.962695318156655 0.0855570261786324 -0.224288087051056 -0.841821624949852 -0.14950689946426 0.0241923563774346 0.478951759030144
"308" 1.38207410848034 2.04358001319715 0.463673452950317 -0.207800171429894 0.381282957669383 0.159581999882847 0.589995386341891 -0.446600847094639 -0.958365736591592
"309" 1.24708472563507 -0.721611502314833 0.089158007180463 1.4541750521876 0.737070777045267 1.60800973074229 0.630122674446343 0.931256015940761 0.0410262716791825
"310" 1.08337233540351 0.776254865723669 1.02759175661223 0.106713228625259 -0.556347284092832 -0.00024834393240214 -1.53311925609326 -1.92980068851502 -2.43999239775331
"311" 0.999858272668693 0.189676934169457 -0.4774258705018 0.424915844585561 1.12505633790915 -0.254050365131142 0.226781780626736 1.65111248003588 -1.58837790460425
"312" -0.0858916799737177 0.479103595672813 -0.654606353889955 -0.699740401207228 1.23312081617498 0.971305047043571 -0.806174435449461 0.310428285547996 0.499564589603954
"313" 1.23459337836566 1.29958694972993 0.618745421679648 1.55963588311018 -1.23904253542855 0.843876303295423 2.113022550574 0.300610104890456 0.690802675938815
"314" -0.17836650445586 -0.462349831166837 -1.36403732422749 0.0661501825458946 -1.04339909829244 -0.886537331853125 -0.153763724466721 1.54808784226368 0.373519371787328
"315" -1.38553578907098 -0.307700751749841 -1.45040306698563 -0.65843105725427 0.420766992805462 -1.30192476992991 -2.35485388098001 1.03575298106499 -0.974421996711967
"316" 0.240211267984133 1.55216182117963 0.154418921944103 -0.927710238757035 1.15750850255887 0.200331861119426 0.219928766678055 0.365789772197509 -0.321362612775473
"317" -0.653900446127243 -0.575349630682152 -0.964990474960753 0.270326850906292 -1.31567461120402 -1.55230440885388 -0.622343864900335 0.38866765531363 0.00169275172596639
"318" 2.04974443757857 1.16027341073148 0.572468131538252 0.951772489138429 0.147200064744288 -0.635972754643303 0.716576243208506 1.28587464490631 0.74971762501415
"319" 0.108650435586518 2.08569844952891 -1.15205127970036 -1.89220951125847 1.42152703244627 -1.25215005720683 -0.0389060804681005 2.16786241062411 -1.08201026563563
"320" 2.15630706025732 3.00040465683596 -0.100152597938606 0.443444315837335 2.96809546722621 -0.589364078186419 -2.8936354653472 1.08053566902737 -0.750309785410605
"321" 3.4321537298182 3.10236039317973 2.08891147655717 -0.680222426593325 0.0463490751816568 -0.711129546959243 1.53808441134322 1.82366805685756 2.29494320982609
"322" -1.94446427126326 -0.77972056689167 0.0576129376896954 -0.49401313666877 -0.228444453671059 0.205276483497147 0.354638660731981 0.641775532011508 -0.971091486385934
"323" -0.589627612127637 -0.667369928230937 -0.825314600164467 1.03835938648759 0.0765212877753321 1.52745185443572 0.186114441552492 1.21259316063466 0.615593763685021
"324" -0.68220440273376 -0.803794331412182 -0.562991347815294 -0.344230641164807 -0.77496755699901 -0.336446740236194 -0.807557528083694 -2.69385782926775 -0.985923897243727
"325" 0.503183725761865 0.338599531434734 -0.324974350201425 0.548685010909604 0.69846842975762 -0.809556595142826 1.06890775386761 -0.534372113655442 0.261327144587455
"326" 1.55706006975682 0.301978497561536 -0.344322653641453 1.0306125749528 1.01021163414339 1.25218310811982 -0.447321312534685 -1.73208581118503 0.165513123502632
"327" 0.271075476659318 0.0949993745084824 -0.954155239760658 0.142582855450849 0.259959168456115 -0.892579828313069 -0.239495189926934 0.920255109321803 -0.512040234419553
"328" 1.17062897190841 0.754164879131873 1.58584908275792 1.47030409381641 0.833052484410167 1.05765269759707 0.39648035848865 -1.20421314181064 -0.599996337872493
"329" 1.35578536425808 0.226299097896733 0.439397615829285 1.30418291037057 -0.38764184266418 1.11793975609671 -0.373741513937243 -1.22358111579127 1.06821084911952
"330" 0.205785285107584 -0.826882677748742 0.675439415276097 1.62591694507411 0.384420420794481 1.89444950667522 -0.0792750880907679 -0.244885560288383 0.847366823043406
"331" 0.314371006871997 -0.968396177288177 0.288956913098442 1.27354513667078 0.105933742377899 0.738701833008567 2.62168918624125 1.1855620630263 1.8993799216321
"332" -0.861761335322752 -0.421789924754511 -1.0611287637628 0.304249682934538 -0.139393101770289 0.454547576932095 0.910387587101548 0.393443954091284 -0.0231712313840795
"333" 1.56354497008624 1.79924966068565 1.32282062027629 2.34702630273182 1.32563218077437 2.12381136321897 -0.888576875647242 -1.05330265668347 -2.05099840921199
"334" 2.26431932025587 0.00120502416843857 1.053594241352 -0.301976844507167 -0.157274064036541 0.136010463800705 0.763340636848138 -1.63577175758699 -0.277492806493298
"335" -1.51581312816783 -1.69460443024896 -0.544929102392889 -0.366269651566697 2.37335069443004 0.303094553315549 -0.412507547344294 1.16295106510126 -0.0464577462827572
"336" 1.37894202054484 0.557213666953481 0.841031312353026 0.973530637675284 1.09848245541161 0.0492960829315751 -0.301482590047312 -0.351670277018639 -0.725715730897665
"337" -1.10172074659739 -0.657194203451911 -0.437328490600406 -1.83384264229499 -0.0402101186678883 -1.48970081461803 -2.04043352792386 -1.92164362722548 -1.26437395309902
"338" -1.51970483823171 -1.59657385432539 -0.616756682464021 -0.498392849703703 -1.65209674032506 -0.269686295005522 0.530952880037242 0.584668929442089 -0.554822389469799
"339" 1.48711485744446 1.29494257064978 1.44884851342661 0.375287506771233 -0.29060389536163 0.100881098959098 -0.146210643752764 2.65664166880728 1.20299717804447
"340" -0.201977066349744 -1.00735662343843 0.330672422546257 -0.121745985616879 -1.1131772451197 0.86473984477528 -0.0683397243714304 -2.15446878780568 0.443848347343348
"341" -0.67151637564009 -1.0011197812841 -0.69342909381254 -1.04634221615338 0.0519160204934427 -0.213415095749348 -1.93134671172555 0.744931293563945 0.93690636733717
"342" -0.777962117436848 0.85268676821928 -1.79936545226317 0.526653199054464 0.452735838077633 -1.86841387428773 -1.15340451451501 1.80700778818343 -1.54367466819764
"343" -1.51408572107648 -3.01673423200813 -1.17157684171953 0.585081617013609 -1.32984053830283 0.50453899807125 1.04230696765145 -1.41408132274934 0.518715774505611
"344" 0.923202134308522 -1.21162803552204 -0.413185821404636 -0.262744230788939 -0.33667274804583 0.889627031485935 2.62510969914123 1.28248674947865 0.725431368132991
"345" 0.152303333098982 -1.29773418998112 0.00579500257596122 1.32457017933688 -0.415367884171588 0.00649112023126365 -0.410130898398388 -1.05161930923529 -0.0730062850343188
"346" -1.14242488811513 -0.482963303220027 -0.0967334836861138 -0.737587542678985 -0.5805335451175 -0.369169732353329 -0.207810627039814 -0.333642841224225 0.571641497793028
"347" 0.276244637586255 -0.0360932054978187 0.547970034479835 -0.462624725558533 -0.0739561452671231 0.314364851390145 0.332792895417825 1.11545860776889 -0.568706567935423
"348" -0.489626479204739 -1.31728729682516 0.229207500782466 -0.523980344887341 0.0314541075302841 0.556034033237863 -0.00968387951002403 0.441722254060001 -0.182272259419438
"349" -0.837917201266258 0.805022502323651 -0.0689891493298203 0.103848910196514 0.918574699175597 0.213202170958582 0.483073893373267 1.45240069996222 0.608046806447654
"350" 0.885974517315709 1.65243948645322 0.952716472938306 0.493953608883752 0.176394133830618 -0.204361828592021 0.223576284140602 1.90910998184195 -0.207273355169788
"351" 0.953371455613405 0.296353512947681 0.995300261873287 -0.720949968184899 -0.323637700576562 -1.43523442769036 -1.62396733657255 -4.08040026034077 -1.3600954780342
"352" -0.403006107003553 -1.36048271052466 0.46381305827494 -0.755014934406798 -0.388528340522044 -1.05398384904234 -0.0827678447363787 -0.261123270997306 -0.0577135366501089
"353" -2.75020089579161 0.527917296506002 -2.07803094302206 -0.0806170323736325 1.41428172548879 -2.00490305858408 -0.750674515784254 3.04518702603095 -1.00603684100132
"354" 0.810629015038722 2.25543684803469 0.568260587217514 -0.680929465391196 0.429771743562845 -0.0961174372496241 0.103578594700889 1.85003463081806 -0.450171697221762
"355" 0.671466999653579 1.99330077670746 0.28390179856855 1.01643233152122 0.851860459379544 0.068774163784996 0.266890253564557 2.44206972642971 1.5176244431593
"356" 0.475084958319551 -0.350722769673902 0.042454689604411 -1.03070389295985 -0.91158232733972 -0.371664397923407 1.33613574284304 0.24985034917341 0.685286215759472
"357" -0.965861420504623 -0.34138249362133 0.0868815390957589 0.383726060544675 -0.0280947092304413 -0.603872031095776 -1.90168405853819 -0.569618021570584 -1.11309266940029
"358" -0.534545523580235 1.08543380710461 -0.366290845810478 -1.82114087226573 -0.463667989336312 -0.743159114491916 2.02542040268467 0.924371593896764 -0.391869457991317
"359" -0.966116895984188 -1.43319768340159 -0.35539454051023 -1.23674153190273 -1.55431041394513 -0.816863226950051 1.74680031101736 -1.27655196594999 0.459449836308589
"360" 0.529938773178893 -0.355419379489546 0.830270203001009 1.64357957504409 -0.312161712118393 0.352994358557777 1.60161729772659 0.351112300765465 1.79134890597383
"361" -1.29803614559514 -0.970448245901598 -0.497643654079267 -1.73049159936768 0.0220027279726338 -0.216249064936449 -1.01993914052526 0.29512272149175 0.00351761254705707
"362" -2.24924439963047 -1.11039756120372 -0.982168953698614 -1.92316309892891 -0.971559396835681 -2.38108845831376 -1.92409964213412 0.0760852595152223 -1.73614758913038
"363" 2.3337765652051 1.8133518276742 1.00068581985668 2.86554105988616 0.886878602420275 0.584364360229997 -0.60440540929544 -0.139636957560089 -0.752560213403311
"364" 0.253713300150057 -0.0563080821323013 -0.57748985340589 -0.809700105121601 0.233551057945515 1.60513583880521 0.385482206452358 -1.2313592346929 -0.752181778688334
"365" 1.4405238130423 1.13337506939172 1.67463494088548 0.953219947826995 0.849841991873458 0.923792203652688 0.489178995091746 0.170802198288685 0.136324567781667
"366" 0.251149090928833 -0.778548249943277 -0.554681958685298 0.640508656788214 0.683919579569086 0.830526266862206 0.805097795293544 2.04114034236995 1.36258398720873
"367" -1.35455823008555 -2.15003909256522 -0.916784269572522 -0.268847159247423 1.14722421992936 0.182815619426299 -0.0107096828559887 -1.23622622101743 -0.723769108489124
"368" 0.123594915953574 1.20326383574792 0.441622527998997 -1.29456318409174 -0.812934924826853 -1.52088569497554 -1.54163255207395 0.13806744473747 0.372300522594896
"369" 0.554611584780389 0.641038054629343 -0.362106781938595 0.189969227039213 0.0914074290093227 -0.74113693871806 1.03014372452188 1.84881031560578 1.30035574491366
"370" -0.829816760855397 -1.40947716798351 -0.539329576737776 -1.11268742865198 0.356995954903537 -0.00355161118846459 -0.501933440904361 -0.410078282085426 0.71609907806261
"371" -1.81577185473851 -1.50509026594923 -2.60853175639522 -4.00541680813074 -0.778444215409964 -3.68892001646263 -3.20653263418956 1.26099300794797 -0.559021541715626
"372" -3.87646498486361 -2.87597940565572 -1.64610294418417 -0.513063159718912 -0.00251255196620531 -0.498267628969947 -1.31338611684091 -1.59605115333419 -1.16967452015334
"373" -1.42261510560272 -1.68928623481579 -0.214542104475093 0.673953975078541 -0.787315277458504 0.726464823326924 -0.437515730287445 -1.43515071490908 1.02942442637281
"374" 2.6818563777322 1.10405769072032 1.30876654960233 0.447150463068346 -0.747797344887141 0.724248182674953 2.35026674882218 0.66130311926252 0.728583819484335
"375" -0.388425023530478 0.779220449972625 0.712584025280855 0.51408141725162 1.12036431763667 -0.828828102888027 -0.338440213486569 -1.00738814709699 0.3178471609362
"376" -0.66745012398116 -1.4787846676217 -0.278398162665792 1.85432217666983 0.912094394254765 1.20685894975957 0.438673015033823 -0.214909519034527 0.689039266147885
"377" -1.71554253831046 -0.477367065129449 -0.839841825459315 -0.679124776393324 -0.641415663210827 -0.0263210474961986 -1.22684023100393 0.350841906043828 0.344004297849105
"378" 0.520935085133625 1.21747041852313 -0.423258060133756 0.562009882737849 -0.62340551650861 -0.0517957486663128 -1.44325092808538 1.24214945219175 0.0298533862984584
"379" -0.286030009660836 -0.0369047696257827 0.125657818976082 0.141636481083579 0.57435663754569 1.07999141463726 -0.531679749927682 -1.06283283594425 0.257467478349739
"380" 0.12501431900724 -0.246889634433475 -0.844603932168842 0.18051159629307 -0.721454448511163 -1.5905380230459 1.01957024402917 1.75780273467404 -0.372335222894166
"381" 1.03410261386185 1.0646748437107 -0.302031988641975 2.48210277021848 1.00145613420731 2.30923265765181 0.144645653244556 -0.72116661565924 -1.56059657415639
"382" 1.188684359765 -0.914560859629627 0.804459946130593 -0.131581797362061 -0.568703155783387 -0.107489631474801 1.74951977228594 -1.03824207897496 0.0865549109025371
"383" -1.72338103581115 -0.818023422933078 -0.883933380656077 -1.52374726285252 -1.5927446450698 -1.38557621232241 -0.566778819008268 -1.80575487626431 0.488088068625352
"384" 0.553816104384348 -0.0580277615867961 0.243291127687792 -1.8372043722782 -0.0576214981318533 -0.26270118830336 0.299134271507101 0.401786516107588 -0.367700348198205
"385" -0.130819294545529 0.413064175434181 -0.541254986419963 -0.449692265422852 -0.587264923884913 -0.680237662141206 0.0441290821853587 1.6765076144208 0.102846686287054
"386" 0.075186685267932 1.22280963432002 -0.143313928047774 -0.615028398971984 0.688136247596107 0.0938575144815688 -0.727319997100597 -0.613629858793928 0.142677340225282
"387" -0.714970504558245 0.603470079390175 -0.512542041439685 0.225658541623653 0.566785523444211 -0.80861407255901 -1.07532450806861 0.110718096809476 -1.14187433477801
"388" -1.29907522975254 -0.703517711916657 -0.220388916389642 2.18818537619684 0.507190299679017 1.25451000893412 -0.823113387603119 -0.367758410651664 0.457539103085962
"389" 1.00970710299686 0.510341240204841 1.17406107701639 -0.428808750526108 0.594570028545388 0.741637122906959 -0.60552691296158 -0.635790955587339 0.722296903195747
"390" 0.415729081311394 -0.487846845945985 -0.829649709703215 -0.0588388257941834 -0.15040649808758 0.58584444541025 0.622826879849573 0.645053198174678 -0.800375744829465
"391" 0.4445178317442 1.38451117210103 -0.269947572728847 1.2438642098456 0.885504609502961 0.538409271603096 -0.61160740716018 0.615500297325019 -1.45387863011608
"392" -1.04394722191688 -0.619174332811072 -0.771229676102767 -0.183129412329655 -0.408074902051814 -0.677930237379277 -1.24991381446371 -0.40397470294124 -0.260191171381788
"393" 0.799358015299233 1.31392587556665 -0.0957789222560924 1.06731935861735 1.05492086768847 -0.549327473523777 -0.666157300073108 -0.721136200865032 0.0318163169071206
"394" 1.36509082033096 2.25606819020313 1.17219261071964 1.60243701974216 1.05441887012182 1.79461349116419 -1.46793050147119 -0.217974196291774 -0.261933350427467
"395" 1.15621703110115 -0.811857625097485 1.35523225413817 0.277367324980136 -2.22287741619307 1.34138481866631 2.66192559341514 -1.04383250843812 1.75737687113707
"396" -1.64662354342916 -1.46324198281923 -1.17253551095951 0.301888710064825 -0.801995334712194 0.42088118328506 0.39286435672478 -0.722590517672399 -0.0206553499531733
"397" -0.342721924373556 1.62068969878751 -0.39104740718389 -0.0531491249274537 1.04537775160182 -0.818619241827666 -2.61738746798912 0.899879754006938 -1.81333010381307
"398" 2.1091295497326 0.200556409431973 0.902021724373742 1.3334496984142 -0.765858413718679 1.083967615014 0.205371114653618 -1.19150281883557 -0.219268622183475
"399" -0.479270412430915 0.373984295083867 -0.14075119377281 0.0954604491071911 0.143207108172509 -0.583082521574932 -1.36742331620624 -2.21132546000469 0.937481775478725
"400" -0.647666550973356 -1.24687906152408 1.22685178782077 0.608364081847885 -1.20499845159662 2.67053581371939 2.00544853190923 -1.57849584789008 2.67783620439241
"401" 3.83910282735867 2.70448326783311 2.33086937156776 -1.15956297561108 -0.347640543113644 -1.05844714879362 1.12342385884977 1.20718392934145 0.186337542406828
"402" -0.877475633793892 -0.981740102903621 -0.327510872578125 -0.0621672830379292 0.614988963575256 0.572335494139506 0.754514045662271 -0.384234236934327 -1.48159168414843
"403" 0.905380211044177 -0.221478197979917 -0.0533153938107907 0.463116188378591 0.757580260388146 1.08613454470666 -0.012318404971912 0.206434486955405 -0.326410538268175
"404" 0.233063957851296 -1.14606519316408 -0.534823438811485 0.884141291963182 0.708973166742997 0.587190082177697 -0.528304301290447 -1.93074228904876 -0.095519433695322
"405" 1.43064555356539 1.86638603053892 0.397688821528641 0.49059072606374 2.24293807560625 0.0683327079645707 -1.57592279036832 1.1240772988775 0.0962774993630158
"406" 1.10198199079963 2.097500763346 0.30427950054739 2.89155410772559 2.10120639720758 1.74390977268248 1.74081515973632 0.891070401988355 0.0699620818370229
"407" -1.49346677384032 -2.32169853901664 -1.70316641459731 -0.208355547799858 -0.451286343376051 0.171617223890027 -1.35620640009683 -1.42985867201893 -1.55299721247328
"408" -2.66790940361681 -1.5827862750683 -0.284217872094313 -1.45199533185235 -0.50449968243293 -0.661355321084985 -1.75337617505563 -1.23558275607624 -0.197986776259576
"409" -1.81257626520778 -1.69282412753566 -2.09191788588455 -3.1632691448657 -1.16377338536457 -3.02788033012485 -2.2759762956043 0.0505431690322383 -1.0665050029028
"410" 0.415438830925422 0.164149970591929 0.233811259107083 0.734599866429694 0.366496244863073 -0.194732939460142 0.126285884108116 0.972867200034501 -0.523965473606117
"411" -1.25183295945057 1.17393596605025 -0.251184907039878 0.196717037495379 1.05139217848515 -0.961728432252502 -1.9651164821504 0.196000060215711 -0.818310107654767
"412" 1.51657538713136 1.51963262581068 1.45280538608516 1.23315687697634 0.388705290269092 1.0232687571911 1.54603863068421 -0.552816347418219 1.71511538682053
"413" 1.01667556505808 0.214583037349363 0.509484742319523 0.356023075639489 1.12086893866844 -0.151119779653884 2.44750101686491 2.62355882252804 1.117187104439
"414" 4.02369235421736 3.28363974763842 1.2771886889193 -1.26204898774889 -0.675732653686456 -0.704136687154686 0.80973551943896 1.96392837648624 0.717487964575253
"415" 5.34863225165746 5.12542237972998 2.68927137794567 1.00840249636575 1.14520146996425 0.875294689630194 -0.962691563940733 0.783984244594222 0.142437719474769
"416" -0.588741974560056 0.293799001305648 -1.59793923601941 -2.23395855108918 -0.984675303055562 -1.30333589210797 -1.59168848338009 0.651758740708062 -2.67998389532971
"417" 0.371001392491133 1.06777037661453 -0.55504353066777 0.38383411352531 -0.282854205586101 -0.473893529010746 -0.709635127748642 -0.740762590780675 -0.69558457509676
"418" 0.428800961569608 -1.72365082773739 0.112604397440991 2.32753303804965 1.38329794652653 1.51145324710593 1.70717036798116 0.785792859773216 0.84540329016733
"419" 2.01568830843428 1.48949075880839 0.313065770253373 1.02827472299181 1.06345038168452 0.950091105797487 2.19840143697414 2.66138774964424 1.53410763313918
"420" -1.00514287344137 -0.462819832658068 -0.682267045559002 -1.64047087481451 -1.61932092246376 -3.68898940836746 0.415859276444428 1.22373414977386 -0.828211047847005
"421" 0.136790085725898 -0.348440680387318 0.228216477982444 1.51153122711879 -0.0219710660774046 -0.0308582727103311 -1.10761316291658 -0.296037574231134 -0.793679410905426
"422" 1.23837705915765 1.61494271781416 -1.13397021044939 -0.179025307071056 1.79541122470845 -0.922351227403919 0.659780136912697 0.818934645195411 -0.14331386713308
"423" 1.16031532524328 1.44716136729607 1.29545123093681 -0.540277612758528 -2.28289332794583 -1.76783360605261 0.251102483278147 1.29427546428061 1.13774264129361
"424" 0.426414319419588 0.757730677326157 -0.0241807023412529 -0.703367142412528 -0.755952022666296 -0.627928230555332 1.30898100715854 0.356869695191134 0.767079795528268
"425" 1.26996556242675 0.741761028415967 1.04300719674042 0.672140439511866 0.272304992793338 -0.0601254485905258 1.69723784312875 1.68110247004227 -0.262419518513678
"426" 1.36562607711096 1.17447593656292 0.753613263601563 0.842953853028665 1.16596633771564 1.5312913646006 -0.325482994516193 -1.16723423348396 -0.554773538238395
"427" 1.0148327306195 1.80755542411334 0.789371265114491 2.1206633599994 0.114459205470498 0.582408455610325 0.404843555017685 -0.232538915788938 -1.30859638916194
"428" 0.277751954785987 0.294408667695048 -0.439034783563032 -0.479104874361145 -0.439365172670171 -1.9194283713272 1.82981762542256 1.7148841092988 0.776492660526934
"429" -0.694155413610909 -0.735798702468263 -0.457339592528028 -0.433064263944315 0.930770397298986 -0.23498727358451 -0.75746857140486 -1.13976065038918 -1.14476109892121
"430" 0.208591203856805 -0.637786219589823 0.816522199362804 0.922377527060395 0.251570599652201 -0.122434020040023 0.587183685869544 -0.830833712248958 -0.733610415582829
"431" 0.0630835290039075 0.552837786555875 -0.259571880077663 -1.53066558028824 -0.236666448056162 -0.407939288552357 -0.291511128616048 -0.512234098161372 -1.05648092691695
"432" 0.173725951746957 1.21883872436076 -0.624194283673201 -1.82320536721237 0.454746349672259 -1.20885519491757 0.229750104528191 2.05368036540877 -0.689946813515831
"433" 2.5024837490618 2.3296118143574 0.023371166525587 -1.19443016104798 -0.172505766577167 -0.47932711831629 0.0376094916311899 1.18613022062122 0.342462519855158
"434" -0.659337022309415 -1.77201217554215 -1.01751787677201 -0.857745880010147 -3.09409036792163 -0.27439973327779 -0.292729227905786 -0.692208010987497 -1.20765491214261
"435" -1.47197684636003 -1.37550654706213 -0.104276610953927 0.799284697580597 -0.90315004580167 0.544679559973677 -0.744822484349638 0.54292332213814 -0.303769572070669
"436" 0.0511545774453834 -0.986321893001189 -0.425093704862965 0.838217573868723 0.28820332106379 1.49429132078585 0.243628217576897 -0.47187629819918 -1.07012647164118
"437" -1.25703996377918 -0.61242131419689 0.522212024848762 -0.35991530401877 -1.16487517114531 0.166198583617843 0.460577722996137 -0.217232049876227 0.479099874518894
"438" -0.458891297839208 -0.288777986986368 -0.190369930814633 -0.374811117335024 -0.968143729195598 -1.3069464617218 -0.303201626924924 0.909644460749871 -0.0380861935305024
"439" -0.552180731129258 -0.748723433696815 -1.37421857231361 -0.727133313851733 1.0068996211569 -1.29908014024682 -1.75803147189605 0.0366309676364766 -1.23940226777948
"440" 1.05617325937488 0.670036926503232 0.869057498554862 -0.365274744414137 -0.0711593824264004 0.280536244784243 -0.132609427276046 -0.944195128311309 -0.211044725392266
"441" -0.731933655048856 -0.113804586473552 -0.114182731841789 -0.460823393571643 -0.881184084666488 0.520646651518881 -0.096241222973483 1.77588381447091 0.293607455776471
"442" -0.339638738021827 0.389879746903493 0.87876896396083 1.35036395356141 -0.0101572508769532 1.83001783576382 -1.31910698237798 -1.43231072315848 -1.33546905172718
"443" -2.73221925836029 -2.30177631112213 -0.76760246427303 -2.12742359453683 -1.33933309287981 -1.47428968147856 -1.7443667064591 -2.10306061198853 -0.977802439297802
"444" 0.747123866330629 -0.230291684937868 -0.713899937083458 -1.32402367118624 0.844029342101659 -1.46608902093726 0.207108737675275 0.851553536883003 1.17100024637464
"445" 0.358686334228868 -0.424734640078777 -0.115512751801267 1.31242297342765 0.327380562644645 0.786274213889834 0.628535326896722 -0.117939844116584 -0.470926627871753
"446" -0.981056632147556 -0.0368962193802648 0.836198997451816 2.05297342290321 1.36613702555543 1.06063144961807 2.07632422805221 0.767065052141861 1.79281040348949
"447" -1.44096987024395 -1.97669072172229 -0.00679606022434864 0.983732208245098 -1.68782901920528 0.436135323578928 -0.0434025488786216 -2.66971662631501 -0.738281204450643
"448" -0.109034275590398 0.376276569200523 -0.0452203349374124 -0.61067967044885 0.963269341040526 -1.78621869853662 -1.73114769477614 0.746426124714666 -0.518874104064004
"449" 0.967565793724717 1.55643007187808 -0.98559788297088 -0.944022907646644 -0.142196458336842 0.362435798956127 -1.9529824087008 1.0779503388364 0.177147058395591
"450" -1.29208406248666 -0.270884671387517 -1.08792088354705 0.364922172387893 0.0325770387723863 0.158677781339817 -1.54524800894112 0.841112350942872 -0.543503130279723
"451" 0.50033508106447 -1.01376697021543 0.00399405501879457 0.380973850811175 -1.60438387434434 0.0323989934172633 -0.183824218894488 -0.219654987634982 1.61443449572528
"452" 2.92953964476483 1.17723765751236 1.69573733142806 3.27842904730918 1.84705236524911 2.54177886288248 1.68731591538296 -1.79312677732229 0.830639787823357
"453" -3.81814243780919 -2.08288686145466 -2.39127843253625 -3.45113113136863 -1.95170691880553 -3.17079322434693 -3.0125405022872 0.14398413309635 -0.759580727646982
"454" 1.01484166933911 0.352570790246911 0.51086773332674 0.475485969530612 1.17943452949617 0.610270229218266 -1.36988785189395 -1.03710157763227 -0.164957488454606
"455" 0.113281828128305 0.679175633757211 1.00109277825901 -0.492708860641637 -0.125526236746207 1.91070391636884 -0.339818652690524 -0.46570209924295 0.70720201049005
"456" -0.479487163052775 -0.83587364189548 0.0545727510418127 4.09491135793774 1.95691725153544 3.91129820068702 0.979134206251562 0.466703531299797 0.771229839882851
"457" -2.35510666314056 -1.77658335846736 -0.88788596198363 -3.69006436679917 -1.24340201866606 -3.74844109994077 -2.1147083282291 -1.29724301998334 -1.3584957965472
"458" -0.691336105957635 -0.352856219687381 -0.307242076949856 -0.398829082612626 0.75860354420897 0.248871224829285 1.61688893960317 0.682300648341329 -0.360294915742808
"459" 0.279622529764089 -0.358714341646813 -0.411225069243128 0.273412019446554 0.433992709060134 0.676964849187035 1.97049098788956 2.02424167095887 1.71847815953813
"460" 1.30286211120423 0.611710598248466 0.29301378759041 0.166756786275881 -1.00078237683479 0.032506868232007 1.28878642977819 -0.218400385987654 -0.709680842086101
"461" 3.29254638098017 2.21386627385614 1.5274224906612 1.59650669795849 0.393801117400377 1.73712347347762 0.856186825279547 -0.23226713913887 -0.172728576839447
"462" -0.924920872181171 0.751205302948902 0.321377423579212 -2.05503699893981 -1.40130487338765 -1.44503350552434 -1.51664814605907 -0.782894739538848 -1.36071586110061
"463" -1.37010473953044 -1.93476871916206 -1.35507837264076 1.75614657072488 1.75638442272692 2.26696021146217 2.72485734494173 1.49493758791033 0.485956103448068
"464" 0.549529478023573 0.723728872046705 0.639452802134969 1.77080023950819 1.21775454885846 2.43022908629711 0.259748475032581 -0.385894259628684 -0.587048611631013
"465" 0.0433287560207861 0.368349567285772 -0.843572617807516 -0.372065318368587 0.757853093264177 -0.76636830454081 -0.586028335627851 1.15565609484144 0.0836045079592584
"466" 0.667851789624612 -0.639764621858239 -1.25490093444181 0.840735141165142 -0.177230607780447 1.36360456707562 0.168582064249293 0.679031751750949 -0.655844943188985
"467" -0.882815048385659 -0.191011017653867 -0.0876539014352077 -1.92475991154437 -0.872967548552051 -0.00663444314912065 -2.23256353625008 -0.571416902584238 -0.15575053454521
"468" -2.68541008497426 -3.57912215851074 -1.87735728899966 -0.832944226373763 -0.748830761308463 -2.76337894119375 -1.57740181185123 -1.31619472604065 0.0571440179969339
"469" 0.803216323709284 0.262804273127405 0.443032804905094 0.10342217253773 0.700518780923492 -0.902831221175478 -0.13115120689265 -0.396267977961063 -0.149395367305707
"470" -3.46363346434462 -3.37534751234559 -1.68460277115948 -0.848134943736683 -1.22109187011172 -1.39670852068387 -0.404160642264734 -1.79927011704869 0.121838921961866
"471" -1.79289723062863 -1.60181446957567 -0.740501873150822 0.186124188555003 0.170782346181148 -0.659094756838421 -0.280748568683902 -1.01705243448264 0.0509104726231414
"472" 1.90701260090759 0.485351718422669 -0.215956694926749 1.2307122006931 0.657782585532398 1.31644723317359 0.957279594837941 -0.728392812411987 0.306760187874263
"473" -0.3010084993172 -0.043405575308583 -1.13106056002027 -0.918562159394829 -1.37595777786756 0.151173189400765 -1.34603562110157 -0.115611453163796 0.503667077027394
"474" -1.24306691875051 -1.30394674518868 -0.41089968147154 -1.85578268728078 1.04185390420141 -0.174943204265453 -0.393578327069964 -1.3433143179601 -0.271727213800704
"475" 1.96339150105241 0.795968642176712 0.787295031015188 1.00512629428306 -0.138319576801569 0.837920176469285 0.606521987665027 0.932256896991655 0.22087751533096
"476" 0.290627391719158 -1.48356394493605 -0.442449242898804 0.587790097170867 -0.383281793349755 1.13053217995713 -1.41927464389447 -1.06984866867688 0.556087429551667
"477" -1.18359452715001 -1.91602135550167 0.0478980719371353 -0.651252448886463 -1.84519683556003 -0.562028730406134 0.659998635004353 0.62552220884085 0.351981567224884
"478" 0.752859946286112 0.548751497668321 0.27166271267232 0.128940993212695 -0.844943908886505 0.684099182142262 -0.332748480282555 -1.65599263769827 0.0671348602110724
"479" -1.7149259516081 -0.158301344451029 -0.724177646890783 -0.91490966239709 0.979513775556558 -0.794804457496148 -2.20426487158751 -0.283797471915377 -2.12167011160512
"480" 0.0342037551713562 0.608075501884157 -0.60112157955497 -1.20022919527621 -0.840712490336441 -0.94014142707937 -0.111938402087017 0.149353644118184 -0.354484380369638
"481" 1.17383332162129 1.98369733457213 0.874537404847576 -1.20705810017267 0.0168790787188524 0.311635750607839 1.31149022654176 3.48700534889634 2.10776074952142
"482" 0.300940002947702 -0.769679801535779 1.08271269960617 0.299909098693662 0.919531433905354 1.01104242042052 2.43843935896514 1.58792617904948 1.94975315034556
"483" 0.467886969916179 0.524410415424343 0.578729496778426 1.98348774476331 1.36964937907448 1.00071272944662 0.212810503343659 0.574923645652153 -0.594159315895163
"484" -1.5886029532635 -1.60194033160578 -1.8301838647969 -1.55978812161928 0.0809533730665524 -0.819494924399774 -1.01648777849155 0.281597466012895 -0.686651518114285
"485" 1.47929201393959 0.189575066288346 -0.0362631649662019 0.642313789189237 0.27515707143549 0.70623957707051 -0.975598170608233 -1.04548164347412 -1.01361819163304
"486" 0.705156157588603 -0.694631889276296 0.144402318706756 1.67273064670304 0.0990512254631468 0.343210697522489 0.08297576213437 0.847305896072343 -0.793908250683671
"487" -2.18889074224939 -0.799963701420303 -1.42090825677833 1.80300263357675 1.67003022153806 0.651309392110717 1.24219047708497 1.83232137298232 0.498648061770779
"488" -1.23309492846914 -1.99095988803216 -0.396113081284513 -2.21942109397226 -2.13646643784399 -2.76737152894387 0.196030733856929 -0.0380253798680297 0.327374074098633
"489" 1.31734987635101 -0.0358980512708978 1.10164437319052 2.01795729116464 -0.714204899110761 0.144399064469799 3.24781786138463 1.74270503251835 2.16591520006327
"490" 0.149916454193531 0.323200188573693 -0.153715509674574 -0.387349137246536 -0.226709396544304 -0.306737846131095 -0.485287827921238 -0.177847078424955 0.0550597318224942
"491" -0.0867438517638335 -0.654767166145062 0.279885617071907 -0.166913312623514 -0.187113838934184 0.577224165916874 -0.0319695074423 -1.0279120076675 -0.087886172953254
"492" 0.668545709130674 -0.67012341322866 1.16861973623089 0.139492507735263 0.503559601221451 0.947772375735674 -0.422489285669826 0.154328377998217 0.598010712507495
"493" 0.18113739215837 0.536885413318491 0.659766728118229 1.41640956182253 -0.509645373626688 0.137241802089516 0.347069434594244 1.97522170325589 1.87836205325788
"494" -0.458162039936647 -0.900908679730332 0.521167116829361 -0.708756250689848 -0.180165501447874 0.153495258671778 1.26366301223818 -1.21263314570178 1.44096003306973
"495" -0.412386767776668 -0.663837045316856 -0.944733025150609 0.952430944015991 0.290123331559226 0.20313867076555 -0.178829514905688 1.14255546034729 -1.13047761436879
"496" -0.196347692939369 -1.67085680667992 0.920714722529763 -0.29896618408212 -1.51054843383633 0.822582303464508 2.26510946102187 -1.11934129238928 0.467147232234982
"497" -0.0282459366009713 0.618887012494858 -1.91123117787684 -1.15027646966648 0.38800307027192 -1.41104404801657 -3.62553612074051 -0.957880482140713 -3.03598079083571
"498" -1.51608958759173 -1.13167269392256 1.11886467848436 0.605825818664814 0.321736768935148 0.205796136426333 1.47005127772754 -0.248923457832801 1.67054253114254
"499" -1.80338539262181 -2.26191200193979 -1.11644588185547 -0.770839100050004 -1.41362648757335 -0.991425193294686 1.15066182704263 -1.50175175742141 -1.58867718964658
"500" -0.220723983060936 1.02017901729741 -0.0143674829726541 0.524006616136048 -0.837573904452326 1.01870611041147 1.01115621930403 -1.25521776908235 1.11903256639249
