"V1" "V2" "V3" "V4" "V5" "V6" "V7" "V8" "V9"
"1" 0.257208141057724 -0.528696749570037 1.12968078343475 1.61400888529812 0.525162772289738 0.226026180670204 3.59122508247042 1.67143457884997 1.88093628638581
"2" 1.24298333373336 -0.142350297812452 -0.118522372887305 0.855753123240064 -0.16385184291383 0.973336538695236 1.09843442865049 0.225315137386269 3.46727018445934
"3" -0.512963422044486 0.360314541988407 0.325889459162769 0.979191956257206 -0.0925563783448544 1.92962066064669 -0.268497978700569 0.436716422786442 0.429949962533037
"4" 1.05489004777946 1.10595822494364 0.0755229528621612 -0.652803896344193 -0.34160087810881 -0.372478758155328 1.51089074881116 1.19415748719599 0.901321061031522
"5" -1.65145635562777 -0.967131429153411 0.106736397899704 -1.72460025023817 -0.656812258806249 -0.989859606862452 -0.58431984033019 -0.410956769420073 1.02286582718603
"6" 1.57874518528304 1.44302732788336 1.41858084256712 1.16525805800228 -0.124523337012693 0.740855392362681 1.22787257868222 -0.292136322547883 1.15948355363096
"7" 0.837467528834425 0.853325247070724 0.157481046895124 -0.285658845328352 0.942698949407842 0.257402166419181 0.0619913888169357 1.53943696601338 0.458346835817204
"8" 1.08242642196946 1.5473192659524 0.240029999379909 -1.10989381042318 0.489725198635667 -0.325453388735203 -0.756400659544564 0.530819519454357 -0.609742111287405
"9" 1.07601867568061 1.84001538967379 0.431055811416841 -1.12797503732588 -0.440754315512212 -1.22856894414308 -0.134590683325211 1.0003323135708 1.1075098509249
"10" -1.06044346377713 -0.276448367753831 -0.525257455968834 -1.51052260740813 -0.37717049417768 -1.00022219396174 -0.863356711814231 1.39918952858939 -1.3964991587086
"11" 0.801940294299665 1.58027403031754 1.09528403851191 2.00824491652166 1.929680963148 1.10083635522342 0.587549424917009 1.55372325582457 0.667811409579469
"12" -0.557442231389033 0.565699673406159 -0.353913645908861 -2.20606301618729 -0.652242442773019 -1.7138168614284 -0.620808129027394 1.50564509986237 -0.683316466281663
"13" -0.164529716293452 0.481651383203424 -0.415395987012326 0.320921466904093 -1.2711179789206 -1.69605379682198 -0.0220047222653794 1.14557583916696 -2.15157120552082
"14" 0.546205021329796 0.495159225115207 0.407967656205057 -0.616156931732133 -1.58644808249113 -0.0685638652737163 2.11563169110797 -0.332061122711725 -0.136559879659972
"15" 0.217366837465499 -0.609135951465608 0.466327830648673 1.11257474295927 1.00107401292077 0.470009062986279 1.22697439515204 -0.495384831187708 1.32160455073605
"16" -0.0874273898250245 -0.175137216415105 -1.1941797441633 0.49248284142148 1.78945800313685 0.914915573713232 -1.56634088534072 0.508524026816893 -1.13216715763915
"17" 0.402282381761948 1.53710903011154 -0.693980663071529 -0.0698352568992234 0.356256209477212 0.351426022294912 0.433410652057422 2.49169664071672 0.180295481670956
"18" -1.50484253580698 0.168847751713034 0.0575883239879874 -0.243662905232078 0.992597934824985 1.26985028489085 3.04296368884438 0.960592276370412 1.81951822865926
"19" 0.801475633227409 0.127535982413434 1.01500582265348 2.50406918086508 0.504736020847662 1.66287758775047 1.17337473871252 0.400378544765363 0.0482817699533263
"20" -0.073216524623843 0.126413244637751 -0.226327535147149 -1.13051032576722 0.585958319534362 1.60578372768033 0.75933459474899 -0.999610403743622 1.03496482699569
"21" 0.101797082604545 1.23332620063443 0.298166547802619 -1.6082866377398 -0.558126650291342 -0.391946996246627 0.687244865869425 0.403106238905504 -0.405949136573721
"22" -1.13646741019616 -1.06170284683152 -0.525818442065275 -0.111960389594609 0.316517926605837 -0.218133404603812 0.520352385851573 -0.209085614648782 -0.479921577487243
"23" 1.13252022931877 1.4610214640352 0.626345584446745 -2.25656828423082 -1.83559939773085 -1.95126349824202 -0.431839114001987 2.54867765025267 -0.211934411675129
"24" 0.641583911012834 -0.109565241020564 0.887999488106838 1.47023995711755 0.799383514582855 2.45349729095151 0.256906145665979 -1.08759528803429 0.360158750694373
"25" 1.12023573082887 0.840791545868526 0.143730350723671 0.260975659139926 -0.923628806024517 -0.770179347239855 0.0115881820519502 1.45095675551889 0.557167373191189
"26" 1.42326483275921 1.32449245997799 1.64478677478696 0.363578117909187 1.35648925606269 -0.479852595715945 -0.702774192088477 -0.63992282692809 -0.714199129941812
"27" -1.38503037407331 0.635284571309434 -0.480753712807005 1.77770565430287 0.886151183273724 0.486403421129538 -1.25963657414159 0.608111242624841 -1.06963098698647
"28" -1.84863714786656 -0.863029994199066 -0.274408942293094 -1.32706589210562 -1.40112342749761 -0.940343249664942 0.938081387982435 0.744909450599117 -0.0264917443434322
"29" 1.43032162820144 1.08289503956537 -0.0715532740319122 -0.189750010948839 2.02805191012431 2.03467100762535 1.87191305366649 1.04655125484579 0.875398574951912
"30" -0.244653801878055 -0.795063530820138 -0.802318605710572 -1.01941768538066 -0.205922469305169 -0.618788223375767 1.40293432621707 1.55532430966933 0.798320443411058
"31" 0.301372945250668 0.7345196813283 0.703173693081865 2.64212171871863 0.351528379271892 1.51314943233144 0.727222416990379 0.172962714767749 1.54098824584948
"32" -0.957313520776696 0.632056542103813 -0.732104089635098 -0.377327679201064 0.212572903934339 -0.54542525032063 -1.48660245891696 -0.543825574333183 -0.926182262904686
"33" 0.394064380513393 1.18248862006601 0.573247635267325 1.43098990509471 -0.180054450746672 2.51780879884355 1.63941987508942 1.26538158899277 -1.28039650253965
"34" 0.334877705825 0.601939776547206 -0.0438495301997057 0.863948526055857 0.359337157632103 0.496118860271818 0.598197524699702 -0.167407870416318 -1.71835037383909
"35" -1.32242390918838 -1.24011044811791 -2.13547496446859 -1.66697855315956 0.385748401200188 -0.823176415346096 -3.0658466061177 -0.747226090813032 -0.867755880463624
"36" 0.502760152810971 -0.282285868542069 -0.281651009820963 -0.464336229323012 0.261813096213842 -0.41264974411744 -1.33131867016781 0.891150283154264 -0.385950344537755
"37" -2.11492037421649 0.0976591873809821 -1.05509914597067 -1.14902046088526 0.812269438575281 -1.1733053705492 -2.40318984578602 0.400123642305757 -1.53313906798935
"38" 0.323721912868484 -1.30888202710104 1.81977843542524 2.30823948636841 0.411758369744798 3.71949853905376 2.33040158489463 -1.13180619332194 1.44781667575397
"39" 2.3320239017402 2.05743899295893 1.05704591920011 1.38592900592045 -0.962163171935017 1.22179986820228 1.14138768239059 -1.56031567791049 0.116728896256875
"40" -1.84761031528132 -0.886050014842752 -1.56437439649727 -1.0062158198037 -0.504130570554112 -1.15193286898217 -0.542310029971408 -0.409179380056911 -1.08532277135568
"41" 1.59890861705342 1.01676586848799 0.961859562211264 0.340122989253264 -1.77110009259083 -0.590219796090971 1.28817457713176 1.85917510315219 1.27185421470752
"42" -0.0217643911081526 -0.217303455359222 1.36030391560394 -0.305722600303187 -1.23068749506122 -1.82520629829127 2.82374823813917 0.4258822599829 1.91515170863534
"43" 1.75773335433028 0.15380209183113 0.902441836708637 -0.712936998655164 -0.541765802824573 0.966596268015379 1.31510429782567 -0.714412772201422 1.23417889660376
"44" -0.717440226582382 -0.630694411005353 -0.29487646996624 -0.364760366803333 -0.266162193930845 -0.55168587503675 0.574377638467905 1.01106167439946 -0.317673824377114
"45" -0.312149603960232 0.0197511993081391 0.893529581013546 -1.06756281178036 -1.56617094276349 -0.599905597773392 0.545652656077314 0.727337031393663 1.24120661279522
"46" 0.765166033317209 1.13634683194088 -0.345811348884675 1.09837286985372 0.711992576771927 1.58962416641735 -1.97128754645591 -1.01784423082493 -0.192470285731663
"47" -0.975619448913338 -2.05310474925363 -0.538533760409628 -1.58393640517291 -1.42141825003138 -0.25928503592131 0.520020811889255 -1.70717826137992 0.0942428208747743
"48" 2.4400099913975 1.97966105747385 0.205046700227108 -0.56705477532579 -0.0289908496549161 -0.24396719713277 1.09194382334166 2.76401816180551 0.692233530585189
"49" 1.44501513547318 0.314725501111166 1.60229230685021 2.10986515585731 0.0899022453436992 1.59614434883052 1.94487487741455 0.0290944344567783 -0.889162388268667
"50" 0.242920060233169 -0.809006054892289 0.020072992030906 -0.011294835299774 0.211774475167513 1.0602718371341 1.34811669190472 1.06091910979971 0.734051516191655
"51" -0.56407816512105 -0.870842778325091 -0.459005745671414 0.987535011433914 -1.05557750415672 -0.236609661941346 0.348102488515299 -0.424128740197145 0.664024474633807
"52" 1.87648267306919 2.42442382882581 0.23210820904005 -2.66295525178486 -1.16554599318372 -2.02937024279872 -1.48383151465517 1.20284414889104 1.29691745942974
"53" 1.25343042140611 -0.355677960413563 0.751823947507539 1.81144934158696 -0.313218790321041 1.49670312207775 0.201510455358792 -0.144428077677028 0.681898905572309
"54" -0.3515014996661 -0.0692878992671963 -0.0618029416111898 -1.53146003343077 -1.20362073498587 -1.64187765282029 -0.950349830576313 0.731263573717346 -1.26137599574565
"55" -0.0956656482095598 -0.789634764458566 -0.38110433309873 0.0785748065900913 -0.451990790851194 0.549593712428002 -1.09120654633507 -2.54422189531475 -0.0149737529960449
"56" -1.86801877505008 -2.27009052991604 -0.816397031072179 -0.590212627681162 0.731175919178784 -0.297504759662303 0.0196686104392788 -0.567624890743549 0.449118837789859
"57" 0.47357997724923 -0.591202566163729 0.374050835239024 -0.223282441870231 -1.16000111924419 0.999218870988312 2.30718328250511 0.467508953711596 0.843832215891748
"58" 0.589343327968064 0.646313918931137 1.48507468836657 -1.5367146677743 -0.554625313938369 -0.590642768030242 0.789829708625503 -1.07187650515169 -0.688569175730412
"59" 0.703392321106187 0.228341742244417 -0.0179542191952716 0.775119331713474 -0.505035693093588 0.677578552059812 1.67370174360417 -0.528999752586498 0.170118287328139
"60" 0.806325511020437 1.62841154249713 0.0960245298623936 0.688041884643156 0.368463873810476 0.488626577061626 1.32013560650634 1.55048080349437 0.523263928650081
"61" -0.147412874064044 -0.161703266339353 -0.741787861156831 -1.5687552563298 -0.188660958270939 0.0790480543986136 -0.948932585364123 -1.34455825505034 -0.713590179639363
"62" 0.587150358945778 0.482006271356848 0.767196199258754 -0.0467707241981616 0.214618378546041 -0.187187600908362 0.268548808963399 0.731002191569398 1.74989749424979
"63" 0.74958647842272 1.36509473160622 0.740167983132478 0.890569010450064 0.386538916314131 0.888690397415407 1.94882967424128 0.530682834458055 0.638845059591678
"64" -0.718214139244773 -0.766458595335041 0.0119871333163146 -0.819180866018615 0.0999370113316149 -0.805431053094284 -1.19250687634866 0.2034012928271 -0.697681131557275
"65" 0.380937671740071 -0.186774905639119 0.492210306409048 1.72733049997384 1.14165239135141 0.481350391328393 2.90742255684873 1.88489609398199 -0.661404275503507
"66" -0.0662094769263805 -0.809683078025549 -0.00179928988186823 0.76051762421219 -0.0942492714699849 0.875740059431344 2.18600397963086 0.142158586289844 1.08077699245929
"67" 0.429593473969607 -0.462567646641932 2.23134337096508 -0.850793248650725 0.0336806920791747 0.287809587059754 0.127196698379876 0.61806030436578 1.06489014206656
"68" 1.00967247941263 0.124624184424713 -0.0415752151245554 0.976211873114494 0.360429919568089 0.379847140716527 1.45452919015686 0.321241873186548 1.7559249080201
"69" 0.981655452573178 -1.00957672884991 1.18269198284982 1.47713838746405 -0.50704114565695 1.99624299312658 -0.816031870643316 -1.99731440749653 1.26464771870889
"70" -0.762086375516114 -1.58185837972288 -0.234468866725767 -1.87652115939252 0.337551969210302 -0.989525131658015 -2.47210169340675 -2.2913278247009 -1.8686447392737
"71" -0.640030886492406 -0.507107030336196 0.112926420671615 -0.175686410806557 -0.353439491369987 0.244258688618287 -1.079167875415 -2.02225576230093 -0.790914561909395
"72" 1.26001135930282 0.999015196062188 0.742437043704794 -0.906167946608017 0.110587519175837 0.0410317534714392 -0.816043612896221 0.61132163719163 0.94194881563259
"73" -0.56689656777623 -0.223576072393782 -1.14750215476942 1.91097843572191 0.553105418560032 1.34466822568742 0.869150705082769 1.00436239084292 0.904308683260554
"74" -0.0689948029119467 0.0402741220819603 -0.599501007517588 -1.52363837237146 -0.257486721949412 -0.989158649692258 -2.08057081458455 1.36597878900836 -1.12280871632486
"75" 1.39083313507525 0.2679327436483 0.367625567131312 2.33625311970588 0.959535710477688 1.58774831925448 3.50422557909395 0.508981860351157 1.99712853555258
"76" 0.363658950874031 0.0164797181007356 2.38035683152646 2.25244489945158 0.536008523674415 2.34381217855016 2.51705881180968 0.528895091873489 1.89739969690698
"77" -1.69072337144001 1.38169197287943 -0.954858248283306 -0.861276452270421 1.0492876343142 -0.488593682376152 -0.0355458425070676 0.427049193389616 0.494787602850553
"78" -0.716404035013585 -1.35545409472292 0.288330389134253 -0.708555388815455 -0.427580532700763 0.217986935776142 0.751115170443679 -1.38286169160362 0.55720294388662
"79" 2.0336539650137 1.45360027820139 0.481479778268279 1.64091890230822 0.551044007999227 -0.173571177421709 0.229085515774788 1.25642341841435 -1.09133957835098
"80" -0.501313176803886 0.179911958420498 0.347717580836073 0.543865297117222 -0.480804759289919 1.89916506524525 1.7142482991363 -0.245793403653745 1.73520010599469
"81" -0.106881429292746 -0.0101107644971849 0.0716924886207342 -0.390264698911191 0.612850139674073 -0.63348607025492 1.97306733564323 1.55085839736285 1.57767235272845
"82" -0.241721394728455 0.137429525897467 0.124115023206936 -0.152846725505185 1.19192549391115 -0.109827139616833 -1.29886516846639 -1.29140560944527 -2.26489650323793
"83" 1.03134957460254 1.67722308580305 1.26933024359065 0.739512479022695 0.546253918514392 1.19013496215296 0.613221862427451 0.253097347546012 1.54642255226612
"84" 0.182634535866617 -0.161926969525243 0.870665013326442 1.3268992882502 -0.506583742686922 0.788594656479155 1.41861669005351 -0.311234740525433 0.748824168529624
"85" 1.17828911866047 1.2953843679966 1.24760961708577 -1.37781055127042 -1.01585403330003 -1.42772700900623 1.38227972745375 1.96931052774656 -0.62453014692974
"86" -2.45526186288727 -0.294650240633376 -1.91512733182972 -1.52715964572 0.134928219030903 -0.536022033494457 -0.473819342251307 1.43193597498236 -0.0696077731211481
"87" 1.47867535267388 1.29170105990693 1.48903262547325 1.16492317235755 0.154922429688834 0.977388837610244 -0.998882412990693 -1.04761286992456 -0.292294690415956
"88" -0.703410370000333 -1.26993553076759 -0.193735467712735 1.77542001562134 1.04614035899003 2.1196303697431 1.73731460174353 0.210620769158302 1.14095502302517
"89" 1.97806424457305 -0.0950458739429459 2.39648264035816 -0.754361786341948 -0.960572436564749 0.314553219326523 1.50257801146076 -1.03364764358494 0.715778565134998
"90" 0.199685945305029 0.0165831016827033 0.231893904390373 -1.5542551820577 -2.30340771913899 -2.60513821655851 -2.19725278807984 -1.41042847179158 -1.32206281213408
"91" -2.50585022501695 -0.239845609066 -1.41502555146989 -0.956564597891951 -0.962465336392493 -0.917922614492473 -3.034277483518 -1.18606847183869 -1.19915879558484
"92" -0.831024876743777 -1.12951909543797 -0.617346479624815 -2.58729939967753 -2.02732367208036 -2.07042791117759 1.21789855324599 -1.15637287565242 0.656313921803567
"93" -0.0827420963279927 -0.797896487328024 0.76713283577204 -0.679354728813516 -1.73786909154348 0.662398820791632 0.931261246022954 -0.772024170900359 0.0147824962964406
"94" 2.20916161132002 0.869002828881718 1.40811460689996 0.0663827934982292 -0.50978579024601 1.19856958526304 1.70894180328994 1.21592156179703 1.07653113000628
"95" -0.598255505482745 -0.431154495966449 -0.942182119578919 -2.3699885321455 -0.0967415484794419 0.0107025451751593 0.507712249436054 -0.858347349708541 -1.2356850470854
"96" -0.326809024345546 -0.140551623107967 0.826791913330674 0.250290439943977 -0.401012114163385 0.643476097727794 0.193914304120284 -0.372105356275615 -1.09531481252601
"97" 1.71307653226111 0.575699039666516 1.10211408818199 0.198539592034081 -0.593061718235107 0.176997852904804 2.15617443580189 -0.915238107157163 0.358371001113715
"98" 2.24880729171371 1.96921787822453 1.18484391370025 1.97530700987418 1.5198251872484 1.27120032509851 -1.9339287304191 -0.605538189697842 -1.43289109399365
"99" 1.84764595883636 1.99824541153999 0.586237176265417 0.363531417816511 -0.155122972299635 0.406084529263515 0.955212947318728 1.50792157438413 -0.379705088352937
"100" 1.12509525221725 0.293766990840292 0.566343616446174 1.72940433786143 0.121463417146181 0.317827281220039 0.990614705934603 2.10339544352458 1.29341067536281
"101" 0.681463162872318 1.0255395482899 -0.836889696205064 0.396516594703479 -0.090006286134016 0.350255664245381 0.0363185816031575 -1.33804480882225 0.49692017540915
"102" 0.00597873870346957 -0.311314488246862 0.519837561918348 -1.52124473501209 -1.04235399200419 -1.93557371316002 -0.322066923109558 -0.514419588086433 0.476963080381408
"103" -2.1164879707274 -0.451735028730009 -0.866767248676827 -0.890825224481263 -0.153798580013841 -1.81926218372661 -2.19554975078802 -0.0474111992782441 -1.37089422336023
"104" -0.0884249636188736 0.1930379701169 0.291519529822192 0.598323937842168 0.588660728948397 1.2420460945082 -1.01664360138262 -0.973404426162908 -2.34117755043502
"105" -0.719806314155784 -0.742926136532901 -0.289421161653882 0.0820892322581213 -0.768279795183239 -0.61945060323852 -0.572251300722238 0.584594981475823 0.282235890569788
"106" -1.14446367037158 -0.734961216880596 -0.70066029816997 0.779774824001065 -0.333990847513568 -0.87407222823672 -0.242623872268741 -1.50931887216945 -1.12172519947169
"107" -1.31442042181347 -1.38065295253667 -0.0798327390361395 -1.14613222098015 -1.84219714492863 0.504515229589382 0.939080869367022 0.551185565143659 0.292443283995337
"108" -2.1461184460078 -2.55290436467686 -0.580927027221782 -2.0324455009702 -1.08376304043598 -0.327353753758495 -1.49385378980329 -1.64282151702631 -0.596467062930942
"109" 1.94134432821592 -0.436150841400052 1.50614609208544 -0.0254630321310347 -0.378061293511918 1.12884260639784 0.0109838702568461 -1.35934343179922 0.372326734360278
"110" -1.16157565047064 -0.956057302092217 -0.910742243609823 -0.224740565670088 -0.301059932237133 -0.43098011759864 -0.0596940746823783 -1.24335713566159 -0.1800270150409
"111" -4.75295458754897 -2.83750897184826 -2.23072350434358 -1.11301018578274 0.256213074307956 -0.996115559177957 -0.371961513498572 0.132789626220004 -0.310923011222006
"112" 1.31014318628662 -0.493212100909203 1.44711975045982 0.319242579878925 -0.62338956096798 0.0839244234078355 2.54480514775269 0.604250819815352 1.37648518585053
"113" 0.514020117690075 0.344505425135367 -1.04644913088627 -0.822312048113612 -0.368537466832344 -0.0710033793980145 -1.41950831323211 -1.12250924697275 -1.83888603171716
"114" 0.943675926389449 1.23404081740077 0.617864668917516 1.54563257619082 1.87326384347587 1.20939637296198 0.437182953841319 0.251469644002474 -0.0856374855991806
"115" -1.38034835353987 -0.902240788581442 -1.12452577950992 -3.45295959587458 -0.397998401075261 -1.47556780123877 0.0923166388435358 0.600099205881497 -0.925277294133412
"116" -1.8248050381236 -2.02066875195528 -0.736888522420415 0.174639750755201 -1.21449625235652 0.645841099056689 0.150947615577316 -0.503886219047201 -0.0495629201140323
"117" 0.626105250097475 -0.42573542100172 0.0565200799670631 0.227983944731996 0.244526573724502 0.20505283411506 -0.608427260910899 0.27669551978706 0.369651140820087
"118" 1.01645437550381 0.104093360892666 0.761449322108461 0.790680280103764 -0.302596365649044 1.3727228391671 0.409342790381326 0.138914753871765 0.313454038871557
"119" 0.295690750026225 0.227676006181883 0.0546007191837072 -2.26312200360732 -1.98039633005791 -0.0289013170969377 -0.970538654415263 0.554888123428198 -1.10789008418628
"120" 1.17459254589142 1.28336910048091 0.775970706287761 0.45006964305389 -0.088827990524215 -0.0706469755353576 -0.221385624955034 -0.515684888324266 1.10001573082233
"121" 0.791363903312405 1.23245036284836 -0.272369707822741 -2.87372544754529 -1.44988189837091 -0.381320734035958 1.66920449743561 0.986997282334144 0.145707468484963
"122" -2.14956894340979 -2.00210479894486 -0.614879043644736 -1.22582950762111 -0.195400014154431 -0.139264197761308 -1.24946787274937 -0.8890721969492 -0.306974649634025
"123" 0.469688657208588 -0.458450020593319 -0.817397854367015 -1.17672712002193 -0.475465640605805 0.372490429079161 -1.50073955525862 -1.78275973503856 -1.32051859231457
"124" -1.12333846115095 -0.339737451543543 -0.845482860246044 -1.40199108024836 -0.286121740767618 -2.25832820219589 0.497509550059724 0.372395491911862 -0.188764858454392
"125" 0.105497283549053 0.414567150898982 0.0167772070594717 -0.21051653599607 0.771343905036359 -0.0875169866674209 -0.422532112269234 -0.0449629343706924 -0.848594792653902
"126" 0.615895353806438 -1.47078557786398 1.79850949452866 0.402244495224399 0.812785702009239 1.09800351703069 2.88510355704387 -1.92507595449671 0.584372375138571
"127" 0.934464959057848 1.50127630675521 -0.929205860732144 0.291908118292003 0.542284780330892 0.944708043212371 -0.991541850739565 -0.249168172102122 0.429390214309142
"128" 1.08980536680646 1.72829532540639 0.472601948769894 0.83997229021592 0.643075533974143 0.419040157305457 -0.621121580212357 -0.0314787838355427 -0.0183369647233647
"129" -0.973514448642016 0.335728013391208 -0.0307329010002841 -1.75934997567589 -1.27604486000119 -1.4419791592606 -1.59902199289412 0.394016079021827 -0.094722559737024
"130" -0.93256770752891 -0.166616072496663 -1.06975166663669 -1.87288279504792 0.529400180110686 -0.918880118862725 -0.723109694186382 1.89171793159469 -0.827184499179022
"131" -1.8854416560606 -1.94658048906885 -1.05739730302361 1.67275504803896 1.67703145401326 1.09966913629376 1.77786379774967 2.82497996866707 0.651204852439647
"132" 0.952846042459442 -0.496674972042832 1.95990835879397 0.115350069247517 -1.81050174203797 1.21430945553931 1.47154174014154 0.39695789893963 1.31931655035103
"133" 1.99520578486347 1.66565529656443 0.105102063861632 -0.75568963383097 -0.722210683166795 -0.59906945434926 0.631155335605413 0.873092474776654 -0.00687953582477141
"134" -1.63630434345129 -3.13672946651572 -0.751649048138709 -0.991977095284786 -1.75486172335624 -0.708641850811335 -1.57623855349332 0.555207237933108 -0.227590683701759
"135" 1.24153409791895 1.37596032667713 0.0238826700706404 0.514672626948583 -0.114238393823987 -0.430974776725384 0.579267250064691 1.8251440914225 0.984859046855187
"136" -0.0787492819723587 0.497273882778114 0.377315273931807 0.60706753388448 0.175150970888694 0.203145329087086 1.72956544837257 0.702603539827242 -0.0778389491176263
"137" -0.815166764476097 -0.366126843607558 1.04114969234595 -1.36558396717791 -0.797554830991418 0.0375896883063959 1.11286780359641 -0.777968516445934 1.40615126715574
"138" -0.39119332270819 -0.263494947802789 -0.677948606761609 -1.16177674388081 -1.59939251849466 -0.934222339660674 0.438320582009447 -0.234315512766174 1.76433088062676
"139" 0.850442892335396 0.199625557621097 -0.191882167103393 0.714684440808208 1.05150171801752 0.0750074638649533 0.160750762867085 2.41981485772357 1.96112075411394
"140" -0.34053351534629 -0.0881176437131667 0.815624112496864 -0.515058438197095 0.685198039642173 0.520693819527319 -0.554682813837258 -1.20736702915686 -0.622843711673275
"141" -1.62161307453276 -1.28335654190618 -1.25352395035261 -0.677004343710916 -0.714818844480069 0.067847745245961 -0.663927965121959 -1.33413507140425 0.429411774885638
"142" 2.28557633597917 -0.24189932639306 1.52035308800813 1.08429284588602 1.41501334582593 1.45835427313882 2.02238003073136 -1.3435098605665 0.741348326850848
"143" 0.737856352506561 -0.217023824972404 -0.608950790932747 -1.77753144488595 -0.802273929953566 -2.15031000558906 0.344138818591682 -0.435753717661098 0.179446453262458
"144" -0.266563500959827 -0.224894024541387 0.589078917057109 1.84754872052501 2.51822717850849 1.70489278971814 1.22398694416214 -0.559704422885771 0.0798924953421078
"145" -2.23664869885232 -1.66919592653157 -1.50931373868455 -0.925427070739921 -0.553726153737328 -0.797178576699058 -0.342056418000871 0.459197146211123 -0.729709426919673
"146" -1.2007547746786 -1.14566262337495 -0.74893693167307 0.38623485221599 -0.287719864141957 -0.195107876420726 -0.443494617710627 1.06693978877749 -1.00710611089063
"147" 0.77603289466497 0.888784774845627 1.04692691937824 2.232033306321 0.305076703625886 2.24871823774622 1.52972567517631 -0.0357361448609314 0.817306718172172
"148" 0.0484994966794239 -0.487755729159596 -0.472565278102565 -0.165941554675031 0.0894048357380962 -0.683543015158791 0.03091218980156 -0.121238267326461 0.490987294837618
"149" -2.58319359079176 -0.928264125731342 -1.88661881230614 -1.58770897309207 0.550253460751091 -0.658762374991046 -2.4931629414741 -1.40021280703322 -2.85587747819542
"150" -0.832974180908911 -1.62836689721835 0.389523036777892 0.167971270757406 -1.88984856203894 -0.734095578210188 -0.614911904459642 0.56878158286761 0.560956034108214
"151" -1.13218007524164 -1.37105121800717 -0.568712594259778 -0.979114129149192 -0.00806231440436267 -0.720567183989047 -1.19097906972961 -0.326258259010333 -0.99140623308923
"152" -0.547962538300779 -0.30260876584483 -0.515708629141964 0.543363534085702 1.16016182539359 0.457519817242658 1.86126673405802 2.30075816067345 1.4243861860243
"153" -1.16715329548888 -1.1201323417506 -2.51179750508585 -0.10614631234245 0.696598105146357 1.12227341587879 0.142370404565821 -1.08812493023027 0.84535419265557
"154" -2.6504244585804 -3.5812450618477 -0.982377757454703 -1.04540777377027 -1.24429350653773 0.517815564625869 -0.799917141375715 -2.17366684301966 -0.35111828252647
"155" 0.427098209357812 0.883218774202696 -0.180325897738574 0.206976185816109 2.24294503211885 -0.828320983487507 0.151733917045121 -0.0704186219771443 -0.219676759007779
"156" 2.47273615523625 1.58733532727557 0.564575497656756 1.25861308438351 -0.0788954221566209 1.53537886850376 0.263097184543719 -0.274228815131367 0.795293716553526
"157" -0.657395042980068 0.123864045241477 0.250281041825865 -0.756452686883635 0.0739541047627128 -0.0742015962980613 1.1168281174897 1.0930184920033 1.19945884535255
"158" -1.66844451430251 -1.377462936397 -1.45359803145856 -2.06136388810754 -0.97798758676271 -1.77930625037368 0.160809069458739 -1.37902502493507 -1.45078513296894
"159" -1.01927140025745 -0.937237537690549 0.054581686591574 -1.1930307350315 -0.191721024258929 0.587889441760382 0.490817825854716 0.20134848465995 1.00696577975259
"160" 0.70089291832137 0.408952100544498 -0.206634674977291 1.43042754426092 0.0064329882626068 -0.435453367256136 0.392568644336527 0.430679281636768 0.790535964085978
"161" 0.674301955212607 2.74110002576476 1.03960140983585 -0.0910454096401817 1.20172467945155 -0.773478646752346 -0.62876114625207 0.546715838190338 -0.21716725811672
"162" 1.97302910564342 0.848770163551767 1.25290901381851 1.29921091373449 -0.45584573660402 1.43024737289628 0.171424759163386 -0.442626244036807 1.7384912113872
"163" -0.584366459562298 -0.535683917731431 -0.748901619225376 -1.66407055263834 0.0392650814636887 -1.71141745975434 0.894375192623707 1.2774322109469 0.197028198354702
"164" 0.184008435679715 1.49378928218918 -0.140099351872892 -0.455142711204394 0.21271927685185 0.114264934665512 -0.47987309900602 0.720903688648395 -0.484729107720191
"165" -1.90237998561502 -2.1713404858352 -0.95745878690302 -1.74318014153949 -1.03748770342185 -0.750732369874889 -0.162873915477889 -2.27746379353227 -0.486196923236226
"166" 0.519112618492373 0.971426118328497 -0.516625229786907 0.236590238181673 1.41500271400919 0.903365991717436 1.8651516824699 1.0956569167207 0.192755003437484
"167" 0.218817629477081 0.976756397307493 0.495020673362851 0.764740117889653 0.483949351870187 0.760691467428881 -0.142855872815656 0.762251992123887 -0.65412472467383
"168" 2.32038702366149 2.2171923352101 -0.0602601544232206 -0.371350569056914 -0.517939453924531 -0.619191286262254 0.590162748195906 -1.10140625180641 -0.496870547157119
"169" -0.534489771079803 1.20031127163271 0.0452362227668104 -1.37137735126951 -0.856096010025696 -0.439181565543126 -0.00493832958614952 -0.789179820576292 -0.403844546880658
"170" -0.959250532595628 0.0744725822865916 0.381263189461089 0.194877593264026 0.707797474542957 0.254660426475333 -0.82729330060981 -0.593634988810654 -0.190444022515779
"171" -0.0949447485515065 1.16638047614955 -1.30358064524533 -1.06733159176563 0.256066483293424 -2.21140073989909 -2.50778657930527 2.91931087645861 -0.290170680257548
"172" 1.39186626471472 1.31221131606242 1.38902774110786 0.696501142016205 0.152689927382302 1.15209094952132 2.70613703264447 0.938797407505288 1.01706806513925
"173" 0.128706311239678 1.71126699376012 1.1072381781481 0.864394001844025 -1.32729286450926 -0.276132062144012 -0.765873492667016 0.73622800595706 -0.350148075273319
"174" 0.172180133017129 -0.180582893841428 -0.227328642119267 -0.451364362303688 0.352207655453889 -0.334960940663867 -2.68320973426246 -0.392474149632417 0.0473996261662917
"175" 1.77812438036641 1.31812288229248 0.20857402583548 -0.291637221538449 -0.638496958731235 -1.0765965316374 2.62338050702608 1.86429871205145 0.850406683432482
"176" -1.65646545669398 -0.32697839698395 -0.428852035252878 1.6210705210877 1.61952847760467 1.3940035494067 -0.40849469726724 1.0551699270236 -1.6391854961127
"177" 1.58278760647263 0.68039282330256 0.685081494169799 1.0757865347475 1.26638126382568 0.0839193696905522 0.371823343829545 1.38968621752583 0.190566905128647
"178" -2.76147352541689 -2.13856433097648 -2.31238105591601 -2.18120345772205 -0.413310378120203 -3.01766654351106 -1.24799485128906 -0.688118112556704 -1.59066973329162
"179" -0.934452173637306 -0.311277883942802 -0.523914327018257 -1.70712521008873 -0.170849822945859 0.0571905681605238 0.126845682790222 -0.0549862913930284 0.905640797932984
"180" -0.230400728537066 -1.2713731523489 -0.619053514699872 1.82705588084185 0.462999884129193 0.932890288710297 -0.287585288479995 1.78002949374487 1.17472606579212
"181" 0.660964677155217 1.245575486874 -0.167757224844174 -0.149068873008997 1.56273007728322 -0.382297170290002 -1.22331687295443 -0.823980777852019 -0.388658612177313
"182" 1.53620198188114 0.00671660750967762 1.21423704670284 -0.111817469776918 -0.126716202122619 0.779667462460839 -1.05919011241266 -1.91985274437333 0.14124575655379
"183" -1.85288814476795 -1.17341127346758 -0.63256529173108 -1.00014663935008 -1.9697555965426 -0.574751477294699 -1.34517590211274 -1.68136654072378 -1.35191587205296
"184" -2.25903449082071 -1.55828867706652 -1.08569740409915 -0.880239899291759 -1.19093283633845 -0.858141336306817 1.62522040685001 0.028732632320108 -0.67845429367616
"185" -0.116276820174962 -0.219843127038236 -0.136256823185466 1.87583579065698 2.59660948587599 1.15861121332148 0.584018932488956 0.791678889911416 1.52816692560084
"186" -1.62452176580398 -0.309027790236552 -0.776054687068473 -1.21724657245429 -0.471536211952984 -0.447951159591951 -1.331469544924 -1.64761689019751 -0.47957054714786
"187" -1.3683563279357 -0.13526117617717 -1.23820963330214 0.663801389041758 0.300603681502223 -1.65609025800225 -1.88533986700309 -0.551403933252752 -0.944631829105286
"188" 1.92058943589031 1.89399622518457 1.33035766324663 -0.78710752231225 -1.70007557619351 -0.19932078799235 1.58375588982583 0.0599318146327733 1.89011501568468
"189" 1.192764230809 1.05518692467402 0.451833429528129 0.676115046240854 1.55639887553573 1.75437144245424 1.65180239692025 1.89418875807396 0.603403272632495
"190" 1.13699121658857 0.419070015576689 0.355855102213372 0.80849657954813 1.57304556815703 0.530318024796444 -1.08103964445044 -0.306736702580904 -1.40839918358729
"191" 1.66006532756165 1.31369740570841 1.88085041298836 0.507855694638206 -1.27757051277069 0.686881473646003 2.46396785670844 0.109555851676403 1.24315639495688
"192" -2.15102707510425 -0.81575373687253 -0.535332393774977 -2.02742424338476 -0.20933837805875 -1.39264639425423 -1.0251467557748 -0.0657800232943775 0.86796000426956
"193" -1.21984945294365 -0.985779402758394 -0.727312662854107 -0.579382278013232 -1.80697267990864 -1.08460039636177 -1.65815222843484 -2.23308644728412 -0.909966374096023
"194" -1.04933026357336 -0.747228065335473 -0.794832094744002 -1.04560784235645 -0.819283356286831 0.14019213385475 -0.381405264711257 -0.734368200680547 -1.25962215926975
"195" -1.15860641763336 -1.59586946609095 -0.0859203161108035 -2.52805081359014 -2.92913372350422 -1.97996946286003 0.474672285359719 -1.66829861068259 0.178075298042425
"196" 1.16954929708979 0.333855617931602 0.93671183770818 0.488012349554883 -0.791077280515681 0.345474820413248 1.13835410741794 -0.504642188807288 0.830697508324074
"197" -0.152299855378008 0.528170200231077 -0.795841229599619 0.0935133171265301 -0.000375374929904707 0.432205339480317 -0.60210431005881 -1.23505154387756 -0.969919769446039
"198" -0.311927675797373 -0.585411100126435 0.391809036868432 0.299545686684689 -1.06779275367478 -1.48404441739271 0.710021095828503 0.198103465585738 0.761395202479182
"199" 1.14822105070207 -0.0755825900933462 0.491963090573841 0.84872085141249 -0.445372817804857 1.75529319860182 1.67161637088851 -0.137023066714437 1.30085702132942
"200" -0.850633412871717 -1.85521076523409 -0.0146939596052076 -0.504976133645783 0.194649067382666 0.264251817412564 1.12088935108901 0.222376416562511 0.69375214155489
"201" -1.07835787857936 1.39191151075841 -1.8530200641379 -3.1828456663307 -2.35652453309505 -2.74448826714117 -1.13567070191202 1.16127919530382 -0.87002046402743
"202" -0.742537623392684 -0.960097351087826 -0.54195840180677 0.433232497231036 -0.158856752203681 -0.0237714372330252 0.712480732522009 -0.673464075143281 -1.27810571275919
"203" -0.305825973962648 1.11355523003418 0.513148739081737 0.530822302203156 1.22156753718299 0.644388470304214 -0.35356353409371 0.286758228834313 -1.13316793372464
"204" -0.912949823250274 -1.46715477954711 -0.334136314189743 -3.07873779702226 -1.6840190168909 -2.74305025682698 -1.62628987412324 -1.71225657607397 -1.56476284473734
"205" 0.542925255720399 0.645859316949466 0.728570090746282 0.241027787085399 1.24114374880482 -0.393164251621462 0.38301579024146 1.13324406357015 0.356888675126315
"206" 0.893157286114633 2.26487991069898 0.685871491365163 0.0502249989574838 0.722475783164669 0.318011820633059 -1.50911436646996 -0.445450062858025 -1.11919208618126
"207" 0.869582676430666 -0.684155189903246 1.18618814964069 -1.58689579142621 -2.58130021987565 0.751342196284692 2.14995734269452 -2.71607794292614 1.7420636297371
"208" -2.41050408485374 -2.31290619158426 -2.46463658691266 -1.61274620691143 -0.706329279035552 -0.47664593068594 -0.455860801118166 -1.68866744125625 -1.81547840235907
"209" -2.27944160019821 -1.11432362708314 -2.10610270648939 -0.703847985948478 -0.306460402232883 -0.390829517793722 -2.25754172777874 0.837982933068877 0.360086601492327
"210" 1.76657903274592 1.15679134239426 1.34543438011567 3.07462880210772 1.87651114717762 1.06282617503719 -0.664156116870575 0.770498131700014 0.0708956333956232
"211" 1.40153327157931 0.424815507174257 0.636022987386848 0.816208431917609 0.34198187744269 -0.187200619232611 1.97183662854056 -0.474657230453064 -0.0797603554979335
"212" 1.95432588763831 2.60055769974238 1.79427437657265 -1.42281862002791 0.403657815225264 0.0178337837318115 1.36039996061515 0.466785232781644 1.03920994251131
"213" -0.135771245007825 0.0303244679553939 0.00468077314654752 0.363166223194329 0.0534304009161101 0.358183623051305 0.293079035892347 0.429444426874398 1.29096319812007
"214" 0.265118936954397 0.584460712472105 0.768570153777806 1.22406881829871 1.4025721082137 0.397724958794821 -2.20318362805542 -0.950353269243311 -0.20250734689207
"215" -1.24930538223421 -0.851397193928414 -0.80214793845859 -1.74712378276838 -0.476979981435056 -1.85890393113172 -0.359996074112083 -0.35013074677861 0.869731027774994
"216" -1.22328360114988 -0.943109113374701 -0.620266431503919 -2.3669698414534 -0.851532325620145 -1.42582623744285 -1.78857815481843 -1.85304949366166 -1.01966828232235
"217" -0.0590254292171887 -0.131595857636664 -0.326209927871594 0.408109472744328 0.906403522683644 0.172914173489156 0.373966451726274 0.59036866504774 -0.629178245679374
"218" -0.269720539458112 1.45179105807099 -1.68303412872477 -1.19538522479478 1.21046173000037 -0.901091468795804 -1.92802959009626 2.7202974392233 -2.30764405213418
"219" 0.00780755044276506 1.37419469714373 0.425381433348383 -1.32792898364195 -0.658523671738951 -1.4778433288557 1.62227251236924 0.352574361022651 0.377539087031696
"220" 1.71586006987653 1.147446452377 -0.0739153123708696 -0.449136232846996 -0.249742619191795 -0.364191315411 0.70280265444998 2.21129452747835 1.55358392176802
"221" -1.57366014041332 -0.317485655486041 -1.72728070276212 -3.04855438758226 -1.33974811277566 -2.39013031275063 -1.98501561119618 -1.46245406220063 -1.17795862713893
"222" -0.684238425241805 -1.76230512700287 -0.94593522381608 0.523204682875721 -0.681578756576721 -0.932916506903206 -0.932773555062102 -0.385849839700609 0.0385038997874836
"223" -2.91730985666362 -1.67045000808078 -1.10149786372445 -0.558285683725231 0.705433660966156 0.894881441275867 0.0355711378154895 -0.234940753487839 -0.250488193500017
"224" 1.25757947941735 -0.056043213043186 0.375321005306788 0.478219803864906 -0.105595080023974 0.502058305986528 0.0589934880396772 -0.300161879175374 0.356057555025347
"225" -1.61892110379232 -0.187989713635485 0.441606062970213 -0.439901814822086 0.63008724714427 1.80018962709064 -0.108462723144913 -0.997847840869536 -0.687449409069639
"226" -0.291938164096984 -1.14334251610497 -0.112005636216648 -1.06899787324807 -1.29270849163463 -1.43322655921456 -1.16234881896994 -1.48089311721 0.228425336511954
"227" 0.12598486269711 0.536409720037624 -0.0271737857859871 0.596807758056398 -0.440256927943827 -0.851093248029944 1.68615373348335 0.893478069288534 0.634561028753107
"228" -1.30361855419133 -0.170784863837206 -0.46766906234131 -0.198583285067058 0.495322713701324 -0.323237247240318 -0.228926090108134 0.232862130222809 -0.915229788020264
"229" 0.462437119966311 1.76910138355251 -1.10207647038626 -1.29382910652199 -0.00352370853713097 -1.9850588814412 -2.00553222200414 1.91104040605925 -2.40744992741908
"230" -0.211650271030822 -0.630803195557005 -0.00673043020602102 0.19649307383594 -0.52542916011332 -1.05688367999248 -0.111436055330706 0.298108297082316 0.519779235776802
"231" 1.17433844487732 1.77855354554056 -0.519986066665084 0.55085837122405 0.962797665470306 0.309875191314492 -0.233662802462648 0.893766394222701 -0.491179828793107
"232" -1.27637782865011 -0.999698099330696 0.300010398381704 2.40460991114831 -0.568116716897592 1.06009101110164 2.52982417073514 -1.1938888076182 0.768156866710101
"233" 1.35861649808793 0.444276436340957 0.00336020311342422 0.120624927446162 -0.263051850476058 -0.604426061357457 0.874491099323479 0.675092968481475 0.659026499988284
"234" 0.237977644397182 -0.0785177640129726 0.0580533457031176 0.406290027891877 0.839189051954276 0.594305594438168 2.72088469513207 2.01894257574793 0.701354934949227
"235" 0.272575619662034 1.24259029768125 1.71108038413074 0.36549016307654 0.283137326590997 0.254482525844258 -0.947492626483067 -0.20139181357187 0.608130075942643
"236" -0.469891788358433 -1.40058507643555 1.14247148347221 3.67357365531856 0.694797391353283 4.08832658103768 3.68290165283889 0.796182995031912 1.02670027551297
"237" 1.05911990295987 1.26115876748611 -0.988156354116988 -1.13950545445897 0.795534713768002 -0.0308762035565766 1.21849042214721 0.292162184585403 1.19387896989072
"238" 1.89149582528631 0.630222330085129 1.07268126164586 1.54570886600417 0.630096557870703 0.68243595406923 0.298330298640986 -1.22995139761376 -1.57083441925017
"239" 1.80853797159362 -0.0510051491292184 1.26741190283777 0.294169180823474 -0.82155372701864 1.22887453006051 0.0431047972786648 -1.35184873046476 0.396098838273486
"240" 0.357912535603601 -0.872970502793456 0.482434472692782 -0.350230423626271 -1.34489243678769 1.33029857805011 0.206891258885448 -0.683142921530289 0.222107852827891
"241" -2.38734458505747 -0.511589659010265 -1.9281497875324 -1.61358543677245 -0.119259915193066 -2.77954276144284 -2.03432929417556 -0.367089995221976 -1.07707987033145
"242" -0.978787882718012 -0.964431326490461 -0.998383409410851 -0.405583792017219 1.1525868772525 -0.747471574976087 -0.208457615206965 -0.168552323684987 -0.200153411070793
"243" 0.349585890812378 -1.20146071187369 0.737788295887152 0.877216737565466 -0.0288847889935005 1.31871276193775 0.581535642745093 0.742576962761391 0.794133905247808
"244" 0.807870433978925 0.841487473291826 1.59356186765303 1.17056713589495 -0.440836422436139 0.495851207728993 1.16061337379199 -0.00291379637952918 0.148008576443985
"245" -0.664074369548637 -0.42031143006833 -1.89591138228513 -0.282395518881571 1.298828264479 0.463872730769268 -3.1114753303779 0.874730125626897 -0.657698966511677
"246" 1.13277534932566 0.491964530639804 -0.48777935275074 -0.127426725415761 0.431598457947764 0.306008702522101 -1.53107479806817 -0.484424075788987 -1.24768251366445
"247" -1.57148355231551 -1.58262350516768 -0.945880762963096 0.195207931855534 -0.369811870015245 -0.664601839905562 -2.0802815977949 0.420521686884666 -0.761074560526498
"248" 0.159898262512982 0.673090369969403 0.333097170482522 0.670844244786789 1.17201365100337 -1.14493098342526 1.35289308308045 2.4384712017995 0.807414716747802
"249" 1.07187024128572 -0.143282142477256 -0.435085381551579 -0.466798053244606 -1.04139290207551 0.83568006405771 0.206150460075037 -0.806730392747994 0.211096129466943
"250" -1.61591094784848 -0.988465287989419 -1.97941892189781 -1.11048510240595 -0.480738875261359 -1.18054371364595 -2.55601043738624 -1.1539758616233 -1.20353555421857
"251" -0.396896154454306 -0.404641268580448 0.304167170545662 0.376012813826052 -0.658577553023133 0.89259281379145 2.00808129124944 -0.114143403704807 0.823251508413135
"252" -0.929674248056748 -0.464808954269596 -0.601899473531083 0.274615337205508 -0.809573279685417 -0.0285235475502441 -0.705008672629011 0.475007806397662 0.0612904995703028
"253" 0.433198913882123 0.632260488850204 -0.266490413051273 -0.909523031735841 -0.395550707308941 -0.615240113839193 0.182736565367934 1.00797117531737 -0.912674920295352
"254" 2.25765535397935 2.25741151722458 1.64432439202364 -1.79819604701111 -0.0193506802563873 -1.20140687007633 -0.490073119886911 1.3781627437261 -0.0745098412670506
"255" 0.109682635712691 0.318141998004045 0.971778673828832 1.37676501047392 0.668464340223554 0.999210867173805 1.49633308098164 -0.345276074302187 0.742179687495098
"256" 0.219586066462866 1.10011650512425 0.332842634961946 0.560534449517993 0.546838240753873 0.701125683807933 0.49138712490134 1.00771408774377 -0.349738964363181
"257" -1.10476163555228 -0.0511608319334841 -0.599209424091957 0.952644054688258 -0.104174953961373 -0.47303742335498 -0.366196096644607 -0.134244402422785 -0.0360790110711453
"258" 0.740984073662436 1.23669574443396 -0.0972855646962564 0.700847355957652 1.03091232721831 0.645952829970463 2.98060734978457 1.47279579894959 2.3715825386247
"259" -0.649174857034065 -1.08319116276371 -1.81907151507252 -0.609334765855911 0.582432909041973 -0.94989470077841 0.74216529304252 -1.47454593842631 -2.47758299036681
"260" -0.767628194812241 -0.497731777467198 0.0705450476406939 -0.545931371503037 0.84693783716583 -0.274247932102124 0.341756911554767 0.900946691040628 -0.92129192533915
"261" -1.81974619652034 -1.60734663628644 -1.5378681126615 -1.5712272903898 -0.0568556809699355 -2.03221022467269 0.22678979520109 0.757620690519922 -1.45117262499573
"262" -0.00669912562339559 1.22726519188609 0.466418291342875 1.85804347692388 1.28405692941448 1.7229837825825 -0.505257423492114 0.697953416662861 0.0120812954998502
"263" -1.04735503039074 -2.22818789704399 -0.673537758351477 0.204621929131722 -0.0486529599112263 0.28668971744615 -0.123395083164288 -1.72272720969188 -1.13955805892061
"264" 0.973109474149903 0.46859559288465 1.32358494684069 1.97086565857068 1.0352314614652 1.53617607430005 0.899672102386365 -0.430954661019966 -0.925284280690563
"265" 0.783205523253865 1.09172884998798 1.0821322835062 -0.315970667355197 1.86888521800269 0.106490375393293 1.43114369076161 2.01021666136008 -0.537306441797203
"266" 1.69591348175841 1.13708888587732 0.376284347765899 -0.138936338201769 -1.35575107596167 -1.46526777885943 -0.559912926032334 0.658490212648612 -0.451961548128313
"267" 0.563700902761142 1.31071360205699 0.763232280050827 0.346925547307038 0.571414044342297 0.66137869869787 -1.3908168781489 -0.320185955529877 -2.51956382006235
"268" 2.51043209312382 2.24873772736229 0.0888230515646734 -4.03693016325714 -1.89113036327824 -4.0993714471398 1.15239970977574 1.89122486582188 0.502599781912542
"269" 0.341608516119405 -0.660248210446471 -0.105095282115023 -1.57026122339543 -0.531869863827428 0.372747435174528 -0.361824811829197 0.531818381412642 -0.273041469746714
"270" -1.3015352747158 -1.41171532248207 -0.785766677462139 -2.23454894153032 -0.257539441395407 -1.20275478553262 -0.011584662615395 1.29847332425902 0.555638592142762
"271" -0.442712364623898 -0.164831233148101 -0.126767741498492 1.49819094722338 -0.343690896397777 0.888253825512938 -1.44782260769801 -0.583031442158014 0.519401329842297
"272" 0.171329264008982 0.425910190560028 0.0680315295973424 -0.524000819693669 0.651592011680574 0.454505124315438 -0.623782041045772 -0.733944919640394 1.18010701523219
"273" 1.11752604591502 0.178551465500056 -0.0381202461286625 2.31764429350508 1.87199814278669 1.92365328103379 0.563024606651747 0.624854025194927 0.973498656009771
"274" -0.353184402860897 -0.378002781137127 1.06276875725383 -0.381465182294876 -0.432270320612283 0.219813381409025 -2.37319806942128 -1.06711165095677 -0.630883913783273
"275" 2.50380961733018 0.493180091726087 1.92961715429782 0.622523060029674 0.139086111700403 0.358272090978705 1.2908280740343 1.10797898079043 -1.11044831431012
"276" -0.249468254585607 -0.697718117673305 -0.974567094501643 -0.899216978474893 -0.0864124595108285 0.631076375098377 -0.631337474248061 0.740340831785053 -0.123159302945858
"277" -0.462835780266734 0.590970080221805 -0.820132185313257 -1.80316835025679 -0.953197027203161 -1.60275703746323 0.867699848104088 1.78103690051595 0.501300000360084
"278" 0.804094607140327 0.22437373460609 0.47352552570711 0.989048878396198 -0.83918978882999 -0.0518401596733575 0.26197010584369 -1.00035183258557 0.850841256266244
"279" 0.929389164306619 0.336099668749213 0.446201150191477 0.382957944390258 -0.32723901157457 0.753684484996708 3.52867249444625 -0.597307051013378 1.01476751315295
"280" 0.623648654010795 1.10153650884764 -0.37758711155592 -1.18282480494537 1.36844613003926 -0.282058163403889 -0.189365932702978 0.172914476079051 -0.498411592014716
"281" -1.44243236079352 -0.948208894673764 -0.287947870122927 0.579847991258881 0.570059799395131 -0.725663620837663 -1.46934517221244 -1.45456820241612 -1.13188313268823
"282" -0.35883450758411 0.0809489780569877 -0.859119389052966 0.419711005576713 1.161489406005 0.153347747505262 -0.0949087631700824 0.480621958351032 0.334396448090358
"283" 1.27544877889617 1.57441227207826 1.05881020540915 1.39711229524242 0.83183864023484 -0.719748334466341 -0.11262861245519 1.89545971957432 -0.635161733898301
"284" 2.7498630570601 2.30914714096279 2.73186984435018 2.3312659986636 1.31046519445565 3.80099514594091 0.987555453000412 -0.86055639434576 -0.207837450576039
"285" -0.0827976284042887 0.905349090984639 -0.108701632026973 -1.46347503595616 1.35389410455243 -0.40195053364954 -2.61518013314703 -0.0435185673761064 -1.64497034427031
"286" -1.35197564236067 -0.8841592414076 -0.811392808690557 0.106879920507518 0.0938950410870391 -0.878330999478908 -2.00050849524672 -1.28690669139808 -0.304425625483029
"287" -0.20241868704162 0.361426474793595 -0.745901557126089 -2.64645493082364 -0.146941139390111 -2.9837349085527 -1.58313031271505 -0.426774597841316 -1.05962325093331
"288" -0.407376715696051 0.208188304931704 -0.288167855200856 0.0350698812434346 -0.970625907622891 0.328032146706429 -1.34613891510035 -1.55322224106761 -0.404063110063119
"289" 1.87789766077323 0.594188328042701 1.42449541137498 0.443254045320846 -0.0885920200865739 0.307425598301724 0.032138134341744 2.42558881098031 0.523952867559799
"290" -1.61504613288148 -1.57664847072706 0.186562018132061 1.40290453757032 1.50833512652506 2.91915019592698 1.97031786657658 1.83015198332718 -0.393167946909693
"291" 0.242633003328399 -0.287242368158947 0.403014713413009 -0.128186759828935 -0.399912803304041 0.712331309110743 0.230401522325624 1.41392711103978 1.12710499555775
"292" 2.98680409168759 0.339780635354022 2.15848686789512 1.27271240016529 -0.776231849781668 1.9373251234102 1.1061621284682 -2.62211062319049 0.709886446523577
"293" 1.0604358925807 0.167018830351046 0.82445085864506 -1.09811760004343 -1.391240171464 1.66485194709901 1.06965797596417 -0.548174598845349 2.54420261489519
"294" -0.772151582538982 -0.418154923994063 -0.271333701101855 -2.30338290213327 -1.35930093277312 -2.19887395361477 -1.37534255089276 -1.12805519958177 -1.65824101599329
"295" 0.882004167014121 0.930490630809105 0.456211530017732 0.10856995320424 -0.906137765524055 0.201366553695406 -0.442782313123046 0.559142561380268 0.828243963076369
"296" 1.35357321462666 1.87327249736957 1.62209424792478 1.58177510039966 -0.133892699703712 0.224722760452985 -0.296285635518121 0.225842228274484 0.697780723598052
"297" 0.000661660191766361 -1.03744605046319 -0.401049338139175 -0.995393193645614 -0.355307579866534 -2.07256520027309 0.155677087733551 -1.58121546189513 0.964647484783081
"298" -0.526195657078732 0.144582122327855 0.466992437813064 0.560375657224084 -0.0957374776542839 0.196210359247447 2.5202376761657 -0.252641532168076 0.252101114467933
"299" -0.150565748086778 1.62141493807353 0.70671763973178 1.18557612245186 1.17707186637342 0.659499431408217 3.05341937286608 2.37541893834678 0.619930472023145
"300" -0.0792488579716845 -0.396455176868165 -0.635043527081624 0.269844200016657 0.756517904676644 -0.829200823917496 -0.815712126365628 1.14615139349326 -0.988786242862431
"301" 3.22710309541582 3.20398965528577 1.29223966863646 -0.885910977984289 -0.15076413054232 -1.39870427061039 -0.306643000397205 -0.629039095854094 0.978779191037325
"302" -0.930230389164436 -0.140198411686503 -0.469728474069563 0.907167636007411 0.218951558086573 -0.660671349073348 -1.35922963885894 2.40335036816662 -0.548784819904972
"303" -0.633934391056005 -0.54400258637959 0.515235127661612 -0.605842053042027 -0.613974811383697 -1.20693364290668 1.11329475622113 -0.901597927997054 0.176090201446856
"304" -0.124505988203919 -0.303580394521278 0.165439316359771 -1.87741901565747 -2.62759917313213 -1.76516863852838 -0.0407966673168795 -0.796645182999778 -0.0185721962492476
"305" -0.311379397823848 -0.0597764519362848 -0.302669340196606 -0.196108297324498 0.248826080447597 0.00999064271535051 0.680940044056879 -0.582504138932428 0.0076884321809275
"306" -3.06372671552784 -2.46699672051128 -1.64023182424068 -2.50833692097248 -2.19241028275805 -2.09672051983472 -0.566282830520548 -1.79176199647016 -0.373827412891405
"307" -0.0125526481878889 -0.421975671706734 1.84706196772616 2.38183742330007 0.366471396568117 2.1856729865714 -0.231498263002903 -1.77310974484241 -0.942396296971383
"308" 0.142150335439871 0.0719621432875864 0.181148512541257 0.0533893947230368 0.386873208412767 -0.731318775089273 2.65305514028763 0.555916758427421 0.134642393816365
"309" 2.76538925262239 0.950066825123131 2.51228696889651 1.99312663078666 -0.808306786647968 2.40303095876697 2.924009788143 0.848183618089277 0.735396723566629
"310" 0.0654095606054813 0.715315163944016 -0.86368298974951 1.51035772424492 1.07060726134204 1.01143758186338 -0.769280313427933 -0.43319009866132 -0.396631866586162
"311" 1.54699323994344 1.03535233679622 0.485739484266024 0.336204284114906 0.235215155106435 -0.127934260596754 1.54791819687744 2.46383896430173 1.97450792247147
"312" -0.881951765488104 -1.97452799852855 -0.225736081907249 -0.159241905799526 -0.915633750065615 -0.393046618922121 -1.3165083147465 -0.745716871916325 0.0868781633362833
"313" -2.63005622498163 -2.09568089034421 -1.40641739053814 -0.645858899318928 -0.71715518852167 -1.0342038237104 -2.76702141766736 -0.944949930714324 -0.426436749915414
"314" 0.0852235983687666 -0.0202757129303907 0.0703992245282352 1.53142454318561 2.59056016093894 0.775461308658524 -1.16070798911313 -0.610882603381332 0.690578190417911
"315" -2.60992003273325 -2.94227823431355 -1.4456849924914 -0.458926081119956 -0.188309217393781 -0.941307533922646 -0.133616260594652 -0.64231069048424 -0.323331762059375
"316" -0.3556133748037 0.156027076561963 -0.374394599708284 -0.728177337742197 0.944863262560716 -0.636731168714662 -0.0483522245689218 2.24506885002009 -0.0580164016353808
"317" -0.47803426067065 -0.553428373154181 -0.124036946431632 0.30852304511955 0.334977432518042 0.779419608856821 -0.1624815633333 -1.17209028198137 -0.983601725099436
"318" -0.0560541355237226 0.374730432204941 0.344710705196618 0.918085421774306 -0.247483574552387 -0.206531463408622 -0.553957530532462 0.167708862944458 -0.393851429388004
"319" 1.45601120372482 -0.791443014712454 2.45771450348594 0.974271049056468 -1.79315723976142 2.17361995870037 3.20514262854215 -0.792611179399449 3.38620984601034
"320" 0.544342990040251 -0.929145826757942 1.18186516227476 3.51641671730547 0.703761417305507 1.73285553559109 1.0702153643981 0.49071721502061 -0.208233246394835
"321" -1.0022540793535 -1.68692214967705 -2.5936575273713 1.08481504963964 0.528552751084515 0.605547679122937 1.4140397790174 1.05455512457907 -0.33579448583599
"322" 1.10967971289793 0.322194940065826 0.925066786977967 -1.04058221299948 -0.822484342558117 -0.525974126520059 0.867512791649204 -0.862080946333863 0.183611708798801
"323" 0.936702842173622 0.865933394395031 0.287316479367211 0.750868245909899 -0.144132620164 -0.207555734179904 -0.556911157429533 0.263089575788436 -1.43657002359026
"324" -3.01632100149284 -1.99765720911208 -1.13674111863858 -1.13971459710507 0.0434729748772695 0.283052735943293 -1.56349892718791 -2.52378916436712 -0.49921589524257
"325" 0.389584851552376 1.66490019061647 0.0161833856640629 -1.62361623407431 -0.177351248636867 -0.036488071101999 0.894606305110059 1.66566381256799 0.437627858474027
"326" -0.291350147911734 0.785223647800294 -0.922087036158824 -0.217038042296717 0.445596215858043 0.245933301868345 -0.418504539094024 0.671434293024979 0.175956547268462
"327" -0.16022691084523 0.499545534457576 0.620495997775173 0.346469317443467 -0.634045860836139 -0.0679655680924485 -2.10266667370707 -1.17941425537065 -2.26538327762816
"328" -2.58733091248278 -1.65481774416939 -1.97638666046091 -1.21924190069455 0.213525939954321 -0.892644933427095 -1.46503893596303 -0.0814829664074626 -0.410441455215014
"329" -0.550067542159486 -0.518865083812997 -0.830760438301128 -1.74784182373174 -1.74004474578357 -1.38793841279453 0.920162672363176 1.45119518584537 -0.327030075622597
"330" 1.68273659436195 1.06064912712366 0.404156187556032 1.77417856300187 0.156802630313267 0.969986727741232 3.01181186852826 2.97646084409085 3.13619629591234
"331" -0.618178477747748 0.986171479712085 0.765775442335016 -0.509408737002378 -0.991146403707696 -1.17601442399407 1.07128365328447 0.501767700181331 -0.889087905252251
"332" 1.04936832753659 0.949886243925293 0.00196404638630369 -1.07693741609972 -1.47675662679446 -1.06455663683724 -1.66675295394958 -0.507491130173971 -0.218537329593627
"333" -0.0910172582767974 1.30090546686607 0.616015208864697 1.12659852411662 1.02509774610586 2.28042144063938 -1.04486635947627 0.637007135434425 -0.308006688259267
"334" 1.88952975571438 1.482245943978 0.817866666014413 2.0933276562082 1.12120320404483 0.87308369035756 0.126802909238613 -0.240721308514434 1.05836142101964
"335" -0.222560177226041 0.135974955420311 0.143362852470306 -0.602914789702539 -0.310914084633465 -1.47343507926995 -1.94391573694838 -0.0476582696793595 0.353553208795145
"336" 0.053057481121577 -1.18942061126802 -0.156737310106171 0.1728858324229 0.640351113376078 0.542106636180107 0.223356011009429 0.119719727732311 0.63771618270865
"337" 0.596430186872997 -0.287814876580367 0.277119951567148 0.338670653146326 0.537003019261239 0.197107270893574 -2.52355509617782 -1.17073683932599 -1.1561957910837
"338" -0.190702587613897 0.937515064885116 0.185580346969022 2.84809888174759 0.864593340800709 3.11040197469065 4.01807729611926 3.58453798944542 1.55733755329078
"339" 1.61126897483783 0.138426737194281 1.5506866608367 2.23144569376091 0.0134352108329959 1.96170947941182 3.61010629389659 -0.370477341158072 1.84211255403292
"340" -1.40321936959507 -0.790294409865768 -0.266881876877938 -1.43454950536461 -1.5046519828772 -2.17005255420824 -1.16336794608535 -0.891767528769326 -0.943018129404834
"341" -2.06132610588844 -1.92596472132223 -1.67634489291212 -0.871604892310891 -0.237018558546884 -0.926410836218647 -0.228239884023608 -1.2108012968341 -1.55088461346383
"342" -0.199737568839341 0.142475915253157 0.714279197925888 -0.988795385282109 -0.200456085804411 -1.83904320029008 -0.488082950898188 -0.738556558029589 -1.28731532734686
"343" -2.25086291972289 -1.0496151874681 -0.547302279512334 -1.24715027951978 -0.252716102251565 -0.701955370674376 -0.64420575198378 0.173221513087037 -0.81832129142537
"344" -0.714367848264835 -0.150822167337211 -1.68337135762265 -1.00150565982472 -0.560137113758858 -1.36846515605741 -2.42213693803786 -1.04612187386415 -0.0999219416728822
"345" 1.55024025332239 0.660857368112407 0.484146249210955 0.650798448559287 -0.262155080101401 -1.24493869831691 0.0412056540095501 -0.273647026302217 -0.517437375656831
"346" -0.159772041268793 1.18794462506609 -0.0206250386475214 0.791531695171824 0.502427223551501 0.4532521733366 3.26398788020185 2.77371988270581 1.17557585661517
"347" 0.430248423071796 -0.242798300368571 0.451579166548122 1.63700169614616 0.323978258247859 1.82958526482162 2.53517554246649 1.98329199446202 1.00106557613409
"348" -0.513435235342697 -0.535977228809879 -1.3276173905713 -0.391471034260533 0.154134629639657 -0.162289711992688 -0.615669408312912 1.54002685548349 -1.02729287381247
"349" -0.850889575673388 -0.188118888481964 -0.170772659134914 1.12468244925421 -1.51277882416313 0.272115489617835 1.68018443404396 -0.476542753700087 0.837106049457398
"350" 1.30553810156907 -0.593798347110621 0.341620795244785 -0.621732584292484 0.0474885038261846 1.7593420061422 0.58423854456176 0.0797031751399452 0.0940401249828935
"351" 0.807132447152953 1.41373270337506 -0.0706384380849406 0.672132261030634 0.380696540517697 1.2204024911191 0.339699930518848 1.34804321993199 -0.0607754902037429
"352" -2.21445325390983 -1.32280426942823 -1.5424031977954 -2.88768624470598 -1.64620400746358 -2.58682825589517 1.30591200666789 -0.150659221128451 -0.643177394065184
"353" 2.25829833981105 0.589709189114546 1.7246031385355 0.976207416862179 0.634415396277907 1.08960876374787 0.641538358077268 0.128275402698021 -0.0691233082018374
"354" 3.40333080496517 -1.11348895973991 4.82821992305305 4.02190145840624 -1.2621186943052 5.31448316127075 4.2453865280514 -4.65600842317339 1.41964364103407
"355" -1.60569747904784 0.176861734066422 -0.521374959575076 0.605395906903164 1.8464233903925 -0.974547150918144 -3.5856750427146 0.627502613857559 0.0596026768334875
"356" 0.267993001835674 -1.12753891326674 -0.433895522953343 -0.191682712425174 0.395152023708589 -0.0539124227844467 0.379370561736684 -0.26542225737104 0.16468834133682
"357" 0.856769932817094 2.07673789661414 1.50497736797866 -0.115245640269253 -0.696437985496729 0.390153741989452 -0.832988237281622 -1.22245426245437 0.945569252800108
"358" 0.514530819569123 -0.574281326302999 0.217588234626149 4.02546322923984 0.705233570776156 1.83314168813326 0.951757726796243 -0.45645171470413 -0.638079113119483
"359" -2.0336565880588 -1.67791437577886 -0.444765447980367 -0.439944827994611 -1.8027052799666 -1.31297447173945 -1.58539592753627 -2.52633982166364 -2.69872122371725
"360" -0.593156319810656 -0.742287089823446 -0.297807254832134 -1.11394901821604 -1.15824508798623 -0.756637893638979 -2.05693141666409 -0.898901831130133 -1.47578641909195
"361" 0.357286062432321 1.30235993913362 1.12932102846861 1.09863425535998 1.56739305677927 0.575160116132417 -0.329400781651582 -0.625921675377082 -0.432724566829332
"362" 0.243711052094611 -0.297568906788044 -1.03692633092443 1.00585018883677 1.06050592810696 1.51154215051952 0.0337232494996376 -2.98018770006315 -0.826547069880483
"363" 1.33730058656156 -0.113111958575085 0.91733390285154 -2.87693401982894 -2.35034807228793 -2.20371890299561 1.02944095435031 0.171744949854823 0.224841550353859
"364" -0.152397788208551 -2.11185099839279 -0.551895778488372 0.303567526084864 0.578265507436154 -0.272513445182337 0.627782634694536 0.0184272470960155 0.627972314943451
"365" -1.62839061346317 -1.01185111398841 -1.82756387696493 0.899391673712244 1.52917750057768 1.14192299360546 -0.960899958856526 0.895196494047772 0.626379823481521
"366" -1.4293464734536 -0.794301800533754 -0.548760134586917 -0.713817149299844 -1.10171012117457 -0.081916128418083 -0.497982872714511 0.0950022560458611 -0.265767804858291
"367" 1.23684529805095 2.44125451537569 0.222197004168905 0.788609903504846 0.180406104313344 0.415849146193751 0.979123568207138 2.21754208120266 -0.258043098996484
"368" 0.813111965388146 0.277524600241374 -0.329607410215077 1.41521575515773 -0.00649449691870052 1.26356692960453 -0.813976073660886 1.2674998759744 -0.625921732341653
"369" 1.42764460435166 -0.691399052067662 1.16806703466569 -1.42361158738884 -1.13294072582201 1.2254668744198 0.619983175811235 -1.13577568752209 0.830070693515146
"370" -0.132329321232432 -0.92163141460433 0.123661079699652 0.176913906853822 -1.11433580896605 -1.42196812587644 0.93057288853281 0.12237921053001 0.214377178165238
"371" 0.741442688196916 -0.822545562700062 -0.0318944157869064 -0.424226373424905 -1.50102018633074 0.600801437771342 1.9907397135932 -0.220892804230559 1.22350267543709
"372" -1.43413424736802 -2.3129099938306 -1.68877168754939 -2.60692013069207 -1.98875573252054 -3.35755977890482 -0.205160527401142 0.101029973869301 0.57986950636764
"373" -0.475593234473806 0.250126611346197 0.404451778869361 1.00168775201599 0.72448161121596 1.16029197465405 2.53519865955296 1.69533236236626 0.166685668502341
"374" -0.797798708053167 -0.987867713051115 -1.85933985994215 -1.08200684636362 -0.976229032952149 -1.05307127899859 -2.25338854641101 -1.09082227116358 0.581491437953658
"375" 0.447011902969868 0.540932865179576 -0.0930112055718583 0.39494896209507 1.18778079933354 0.727845746681711 -1.2888081122067 1.47209478548858 -1.9664536168728
"376" -2.31652334437564 -2.15993971630411 -1.29390767779822 -1.66069477306077 -1.44969641224478 -1.39559138828027 0.0883357503846537 -1.09924481523917 0.320051176319939
"377" 1.35674412018739 0.190722780427591 0.817273363892631 1.3717093085109 -0.30982151661697 1.56678518542942 2.3626974694597 -2.19032051571056 1.42151040946458
"378" -0.214434987991555 -0.710055332885605 -0.598371348525385 0.0395832513053609 -1.20423067739197 -0.450742305783004 -1.19423191266015 -1.07283046697877 -0.254475462766497
"379" -0.291969763000477 0.313312785580001 -0.168993153242394 -0.677826132025127 -0.752087642687402 0.0624389363534885 0.867572326795776 -1.14030366620848 -0.352340691069653
"380" -0.305762534781489 -0.0321153470009659 0.142536970590146 -0.262100860858601 -0.799596559104268 0.322443410924249 1.30839223558037 1.91499985487412 0.913546950073996
"381" 0.0170035479257892 -0.0924790426488062 0.0124546339591108 0.283241049427069 1.28463064748017 0.924249693169863 -1.12071281631436 -0.402165424847307 0.856186629942202
"382" -2.63143087337151 -0.686530211926047 -1.60187412079462 0.051521876060147 0.351754447971882 -0.305089076309328 -4.03867587607916 -1.98269162107541 -1.32949011243787
"383" -1.61543526704227 -0.339416191080791 -1.4089409836791 -1.72612978711401 0.258472382701532 -2.00075036811343 -1.35984095049209 -0.260355922491467 -1.25784801458099
"384" -1.01786508435173 -2.67743817011709 0.750220127763645 0.339619629359315 -1.84147092680951 -0.330564569660429 1.54614963038485 -2.7363934492849 0.11613656223529
"385" 0.580373727887626 -0.293245634745349 -0.0839877499064331 -0.680103601834911 0.611045126834426 0.655505937536567 -0.0304024632185681 -0.930147223796179 0.866176323317096
"386" -0.674163257931028 0.241344465522629 -1.29873553784812 0.450663942986656 1.17353805203524 0.440185575185479 -1.65405326306225 0.570967978965859 -0.459705918907365
"387" 0.435608463465577 -0.00585132546977968 0.547608315712357 -0.91548262489363 -1.26928472485918 -0.442245319869463 1.5829748238646 -1.32077297881144 1.04636505033002
"388" 0.53514695053839 1.17199733918294 -0.765076439379438 -0.8252178387317 0.174947581124395 -1.50079298619572 1.0519716586722 2.0667377687551 0.395642201921829
"389" -0.0854569356192474 0.604399721096744 -0.251071851599597 1.1284759656649 1.08241505531623 0.0922938774401036 0.22022733827339 0.466054414446475 -0.228549729658092
"390" 0.710595145527116 -0.741548528621863 1.89157959469016 2.31186396648725 -0.985112776359079 2.54027369032128 1.07363260947922 -2.85271018006343 0.285711447515062
"391" -0.178437738800371 -0.312742987545786 -0.271752104887073 -1.88508283009832 -0.835827212300755 -1.22580457027054 0.654982819184937 -0.53358559390732 -0.57585485951685
"392" 0.661021041342794 1.08165359472567 0.8887728869632 -1.40504370835435 -0.369824709001678 -0.673108598814319 1.6178349656577 0.732661561191392 0.00191813165443203
"393" -1.4792743825009 -0.858524543432699 -1.26517056015535 -0.219977184447337 0.39094603735605 -0.291559531206276 0.251731851517105 0.0272499733682033 0.773907153598348
"394" -0.207675636831502 -0.615639608607234 -0.0575770856668833 1.25481946060637 -0.00244644076513692 1.89735900266936 0.780803852428811 -0.853309382508344 1.21495218261524
"395" 0.911104349832081 0.361558844738903 -0.981391037004096 0.321120847608138 -0.0730939005039177 1.54110893783763 0.899135366437579 1.18336392176664 0.213625309402074
"396" 1.16610211807499 2.36204414977625 0.63633297561495 2.02613202708596 -0.438647229746012 2.16426527208176 -2.16152931281601 -1.97207134715437 -1.09539720824026
"397" -1.00729237789635 -1.61959555341896 -0.885280280241332 -1.16707892864212 -0.038043770553257 0.55878307089248 -1.66093077057478 -0.613229296861747 -0.404938430393201
"398" -2.75549072590958 -0.563728276945941 -2.06381049067731 -1.36172867394152 0.20647314082542 -1.52034726169312 -1.78991711476428 -0.845716546626445 -0.620102850656675
"399" 1.38740014999483 1.78182518511913 0.7305655467364 -1.11005542071652 0.535489318113647 -0.281674497726392 -1.92256260599335 -0.992450468206982 -1.37715002746956
"400" -0.744638980915807 -0.889963595089726 -0.598922956909518 -1.54714688879961 0.0856030366485181 -1.17920413500623 -0.424125667121998 1.54594092865388 0.0196013728317043
"401" 1.7693244956534 1.2409510902597 0.502714476756543 0.749630896711398 0.522436761747443 0.900549747507599 -0.76403342842818 -0.536055241490366 0.418123138160276
"402" 1.55165140995937 0.787001296511787 0.974859939307506 1.53470743158512 1.0541109886932 2.37815242372142 0.247531672977379 0.88385492410027 1.48186878941079
"403" -1.23585150684439 -2.190761702234 -0.142036085661473 -0.171301972536487 -0.574340092393715 -0.881563348124961 -1.03504626898533 -0.442824747315518 -0.413597301419927
"404" -0.136774770363912 -0.409840827033933 -0.497336314250137 0.425877876457246 -0.019496595798476 1.55834502641507 0.234903599722477 -2.26070238376417 0.457947741074219
"405" 0.435387425006422 -0.109318125119399 0.0597478361221719 0.6919602334063 1.35030539313928 1.79778382603291 0.539403725158602 -0.154081245077579 -0.78353861699088
"406" -0.263519208357776 -0.533677552878338 0.413994615299245 -0.369486693255024 -1.61994431412334 0.194924993287272 0.683612792937257 -0.112091919270264 0.453103502508601
"407" -1.26352368606428 -0.454354978792142 0.672969440370174 0.41912857301252 -0.728886560834461 1.85367482667269 -0.244603351801589 0.0295862077970337 0.6981912950528
"408" -1.18296892390318 -0.795700074790725 -0.577619408957852 0.472598879558423 0.0525158399714862 -0.435163266243236 -1.39809672488984 -1.73212764393429 -1.75783312124095
"409" 0.173104667715607 1.31895237851091 -0.0665531132403702 -0.500081184403117 1.44503898742702 -1.06185572687299 -1.24242529040967 -0.245238405795384 -1.49979115276288
"410" -3.67618661629238 -4.01072194108914 -1.1974955136668 -0.218130343775769 -1.44501790947409 -1.01085800831669 -1.40693598102532 -1.79499538822186 -0.665198761206713
"411" -3.33179538673626 -3.31437123952819 -3.22037933415957 -1.99373729388071 -1.1396344013573 -1.83376711709318 -1.90278481434763 -1.7793815977345 -0.888062226063967
"412" 1.96030535271843 1.84639187503662 0.432980848425486 -0.516141762189233 0.575754786403566 0.219592251910852 -0.683033336337917 0.775010644535943 0.964035390193159
"413" 3.46438719822898 0.961759894435952 2.3705572097877 0.75253052707572 0.241426411853784 1.06818252290292 1.29254209112537 -0.702238085545356 -0.181193708330767
"414" 0.216655933643477 0.130598428929462 1.52958869344304 0.954118784948532 -1.44624595408431 0.801202805076266 2.09775248380265 -0.421907011252571 1.03038185683069
"415" 1.06291151326119 -0.170708767011411 -0.21125655254238 -0.805896671895354 1.08821613193645 -1.02724092512503 0.834947167871638 -0.165209682939702 -1.2686509739183
"416" -2.01176485317067 -2.70660052065732 -0.814268298843655 -1.14910505309453 -1.55849543511959 -0.808270633463909 -0.124401525573662 -1.21189029105397 -1.15779241672705
"417" 0.177807987268777 1.43780840906026 -0.0140646898865771 0.0844543844074533 0.756293767896022 -0.740416104705247 1.66847021087463 1.49100742833552 0.363078285572602
"418" 0.144718205801805 -0.808793791242725 0.0361770956791641 -0.00330302055793592 0.112102066795763 0.191954524528596 -3.25971073057112 -1.34919355092209 0.474231915379811
"419" -0.63715585642067 0.26745987499116 -0.772500620780924 1.54862202593765 1.94861460579857 0.829052580257975 -2.67067500955268 -0.964186543493341 -1.29600376708763
"420" 0.274135064245434 -0.333537928945153 -0.237486538007744 0.0273777663921141 -0.917853894627468 -0.531497924627964 -2.05361435641292 -0.238786517622694 -0.50614273768039
"421" -1.96944746384178 -0.081150612235656 -0.877386950214408 -0.952249705385921 0.485305584257227 -0.491515470117226 0.80283627943086 -0.6899013887636 0.470885751487778
"422" 0.760203544610623 1.86810058840707 -1.82733821631086 0.0938758888073061 0.837650282769598 -0.531383802764836 -1.42879914554913 2.12762010759073 -1.40096945215493
"423" 0.167179512508409 0.475234457529583 -1.40485527310614 -1.96566172577343 -0.358004528378795 -2.13502900306051 -1.6781047384507 0.0901204533811468 -0.0700149623716777
"424" 0.41301099283384 1.83561694688143 -0.955612125157243 -0.506098545261071 1.70980447302181 -0.320952173904284 -1.74055787352423 0.484047597079992 -1.08525478197519
"425" 0.806848191578415 -0.339222182679847 0.244564432341756 -0.0188001207876428 0.525769548267229 0.215587005745101 -0.238356050270443 1.46254830559829 0.264252158334179
"426" 0.54670055415422 1.96841033805738 -0.360398245480413 -0.461848095604311 -0.288178465116237 -0.440624193867203 1.41767416281341 0.342713439501365 0.50897590049232
"427" -1.41317513722156 -1.46766839989428 -1.05552360750404 -1.51909789200087 -1.41677473796131 0.0189991480686014 -0.205077709636929 0.689459458477239 -0.590219945213903
"428" 1.35791148751717 2.46918145763668 0.352756348671478 1.75774189858052 2.20656681198262 1.49522751163763 1.09489169540214 0.801623650889185 0.021599560683542
"429" 2.4112253365224 1.57405389514483 0.883799024529772 0.968902626053666 0.628530410444744 0.269020424547701 1.84757069767258 0.717049300078334 0.627509562133843
"430" 0.785937158436657 0.792475348267821 1.15952994694973 2.12140032305308 2.24065530460738 1.52108631053692 0.371513953195495 0.292579202144858 0.409997803178289
"431" 0.308331070747791 0.389781169556317 0.452989481630357 1.97219593180973 1.41006195646744 1.79533918884687 1.5804308327514 0.906994433411948 0.629839226882659
"432" -0.777903461647165 0.170114795436598 -0.0318866373396314 -2.07202965013145 -0.911198537503576 -0.0889975506846155 1.56712743815589 0.579001489842179 0.0392721807865914
"433" -1.96490243415528 -1.12017567823026 -1.38687276620501 0.406154773736689 1.14001540174411 0.468504201332314 -0.634935575508043 -0.156631809551411 -1.4402147541437
"434" -0.261821467745089 -0.180712596093811 -0.530812216792961 -1.35907710522608 -0.186503736722692 -1.31325925028385 -1.21107421702576 1.02632183515532 -0.681288704563927
"435" 1.65261319658405 0.932729845076101 2.15808314653214 0.3451815743339 -0.991155577948104 -0.306647661190934 2.46317417673663 2.09841774600442 2.21611206525525
"436" -1.5145506678853 -1.17572913297517 -0.661302171170071 -0.785772101096276 -0.776214635834066 -1.15996947452924 -2.54588286965379 -0.992457892007061 -1.1069278427468
"437" 1.73162435304428 1.10023286266024 1.34616025164996 0.976957679113789 -0.38219892077928 -0.0424573980725057 0.856468858516476 -2.14857377620766 0.43378489085949
"438" 0.18001805146677 -0.231882267190264 0.671835210163946 2.9452437057554 1.59309245948415 1.80074308693176 1.10829106428134 0.391147813064895 0.37052088852114
"439" -0.316581387064906 -0.648993576082038 -1.79545671302923 -0.0742891010644515 0.440405008826835 0.257834618798495 0.469751204509437 0.186996021975849 -0.130928856092368
"440" -1.50983747710302 -0.929735748728815 -1.44799958461301 0.308618436081338 0.317481229022833 0.596537249225492 -1.38822928503346 1.15944988372398 -0.303213587013645
"441" 0.742460242046669 1.09462472862199 0.759157656419892 -0.594006599207046 -1.11625718798358 -1.28747471439313 2.02772903987663 0.571427250114612 0.754655438585408
"442" -0.852276933358828 -0.744731949978192 -0.823495223517639 0.695153986948551 0.828418010415876 -0.184706824876395 1.38606917573901 3.76694386549705 0.331205355906142
"443" 0.0472683446755898 -1.01384555900952 0.355823178984792 2.23743392269386 0.74314155887064 2.05190693238351 0.463359232281371 -0.56211015714768 0.632593318130688
"444" 0.262134667781524 0.0847789880343271 0.611246505048122 -0.177840050757262 -0.657996944453681 0.858106309821125 -0.132489270632366 -0.358091836060343 -0.772903752134553
"445" 2.17240680851431 0.205236820726592 1.73405108176544 1.65735403713131 0.95993940069104 1.08417367987417 1.04357978167231 0.433503177900441 0.55170399055989
"446" 1.29610552648952 1.87850123042593 0.349847521274181 -1.566209544131 -1.7389133751187 -0.772352496279898 0.493267625032806 -0.0828831033039525 0.232161052061802
"447" 3.29533385200555 2.4915009267301 1.88879834497924 2.03592818905489 -0.160635753070366 2.43676640749168 1.41234088530121 0.380667433324322 0.507023667001407
"448" -1.60441344877303 -0.596270664688616 -1.5885090671859 -2.86575443987746 -0.830814233659748 -1.63200229245493 -2.75070161728983 1.33651693128336 0.296852663080418
"449" -1.07890249337692 0.39630193399318 -0.872682009045608 -0.601551985461012 1.04557227197829 -1.42313158215831 -0.522242735879687 1.76878411926576 1.04947791068674
"450" -0.713181626151687 -1.09773650160665 -1.17648350142551 -0.650464881550417 0.741647557761497 -1.02185398855806 -0.668226645803047 0.414283474512241 -0.453945738172855
"451" -1.07254409467013 -0.670358564592463 -1.09800171939911 0.0383479999265985 -0.972062915869418 -0.305035802933495 0.00683581829186258 -0.951054191949793 -1.02876175288168
"452" 1.36005624304003 1.04936876770477 1.65909920775399 -2.40511745985889 -0.75779360503069 -0.372607475979923 1.21987122559249 -0.430260410198997 0.395959049941757
"453" 0.426967911717014 0.760780262938918 -0.568887748996461 -0.369016900916113 0.712562617406582 -0.296363209866244 -1.08499860954067 0.783458238909897 -0.0955519542041097
"454" -0.49714360158977 -0.484769805752382 -0.177867977912488 -0.0448596413233174 0.184175798561341 -0.602597028755357 -0.544303561887382 0.697447720719975 -0.61221439834194
"455" -0.400973558946866 -1.04559871596468 0.0719270838535682 0.801136432976939 -0.50996278796548 0.367674381384279 1.843855042687 0.466369132915286 1.17422685735067
"456" 1.72808410257306 0.522056398183706 0.658320323830399 -0.652149314905773 -0.237546899525389 0.115143329298142 1.75007286317193 1.95136119377615 1.4156890787609
"457" -0.393417841639484 -0.75486855013568 -0.618389399367059 -0.228752831483345 -1.7591996678279 -0.0299174551905299 -0.900320116385655 -0.650900885505956 -1.37018360957014
"458" 0.105165683990968 -0.0942930453363267 0.293187190223472 -0.372668780114325 0.45851081388799 -0.422499084011184 0.504472174396038 1.48933632678585 -0.138663635076844
"459" -0.238828692726591 0.984099907248577 -0.661875242932797 -0.765223944663578 0.0999211363392269 -0.121320441616064 -1.1388236445208 1.27545387476101 -0.305790115968251
"460" -1.36156542303622 -0.857465271880205 -1.1352032031779 -0.13340367159505 0.217814871521946 -1.4977504391319 0.139788130141867 1.15902005831392 -0.910771615852069
"461" 0.271547404914303 0.290723496075842 0.386633295131691 -0.221126850231845 -1.20251272797746 1.48032247030696 -1.62619280562392 -2.49107307144309 -0.566464319241445
"462" 0.226628398159116 0.127198456005574 -0.149090633641632 -0.689965715648006 -0.682506865109752 -1.29780147960473 -1.10566207639149 -1.04526656934001 -0.650908076274131
"463" -2.91369562495626 -1.47998096399559 -1.33025610538895 -0.713556885862877 0.340837076051025 -0.929284564911974 -2.56234728625773 0.466695431086617 0.482729332890172
"464" 1.36235050456245 2.23807657114876 -0.740980688535736 -2.82003062578522 -0.396129727343215 -3.51500318509548 -0.52840533770126 0.808619860709779 -0.305254426477681
"465" 0.182626587169466 -0.207960139925657 0.480068414366226 2.45309644184726 1.02404752116247 0.787659830626259 2.4344812449642 1.78407998612674 0.0847483329885355
"466" -0.723053155677289 -0.46890575306387 -0.0850227414077867 -0.950521157987946 -1.77688977229826 -0.502884619109766 -0.236566077669219 -0.832131137406551 -0.1728179139716
"467" 0.332316903682121 1.08166697606958 0.45613707443548 0.91905780465904 1.69519946319751 1.2354708516191 2.15472458326254 1.46830313593679 1.39613875665648
"468" 1.36948248763498 2.67228484457303 -1.06918035139723 -0.732108992673137 -0.223002901893521 0.0634912495003092 -1.23994682140125 1.3255268990282 -0.51703951648549
"469" 0.365334933325517 0.14899171500429 0.564033429627919 0.89588505285991 0.555282669207736 0.547434181499586 0.803815227958326 0.475266804142686 1.63069078630218
"470" -3.63380921388262 -1.66107739788016 -2.22420227647643 -1.77660321605976 -0.261120683309359 -0.356371404007753 -1.22910409489156 -0.549817666393024 -0.750301769362273
"471" 1.65982441239063 0.302840640669373 0.441262443275574 0.308711415138046 0.00390637999682358 0.788856127113481 1.294144036561 -0.262613314147507 0.144995667797741
"472" -0.081268892968046 -1.06588791172291 0.0027247305503646 -0.704947599405309 -0.329173838993227 -0.611793553493177 0.144452574491363 0.173916608215879 -0.732685746895552
"473" -0.881660032540171 -0.651604023934645 -0.443333967561077 -0.655510280011172 -0.607884746080744 0.484750284617577 1.96496613935499 0.146299149024626 -0.565782086481849
"474" -0.692868229335406 0.543775886246239 0.139087181396539 -0.122080971457821 0.143028399221282 0.0984536708280922 -0.628167447859885 -0.591906275251939 -0.477860357975065
"475" 0.441374872918201 -0.778311168455456 -0.144110872359733 0.936606302358727 0.311657684875342 0.696791632091467 0.920397115477917 0.329444734250142 0.336472009265477
"476" -1.31112875031441 -0.800125723455074 0.221072080530194 -1.17064494029714 -0.00571020457190766 -1.44577167383069 -0.755922171169487 -1.13585457253037 -1.14470227195405
"477" 1.47363571427979 0.0757524479175475 0.822442621385973 -1.07085171755192 -0.628472197358965 0.0851584013154038 -1.05160630404213 0.232131462177769 0.963559102242439
"478" 1.72266720330771 0.953491476922733 0.304269607303861 -0.872912985598537 -0.560716077864673 0.71011122600589 0.0358730351513339 0.49926857394742 0.504444858577726
"479" 0.144642541481627 -1.97560023188873 0.099300373361054 1.05102553488148 0.49334080122913 0.0216098139402326 1.40925900622486 -0.190805793028168 -0.496607690120203
"480" 2.06590577694405 2.05713543239733 0.545981353090387 -0.821565189244371 -1.11232686230954 -1.21743189824406 -1.16110203031738 0.0469869349028702 -0.667795025326385
"481" 0.208594501632117 0.49297392587622 0.119158905291384 -0.927673137709382 -0.934583710112999 -0.829176668642012 -0.613820223735279 -0.886723967178656 0.728559144219363
"482" 1.5634910024722 0.92644430787687 0.370738733182232 -1.25675369794059 -1.11902178133273 -0.0745924187888112 1.12203948541252 0.563992357079401 1.0461001235007
"483" -0.0474438343766654 0.491078074528378 -0.551981867624741 -2.0688016186052 -0.406169021072279 -0.678524532054602 -2.01214259571018 -0.765036987278888 -1.58628784833448
"484" -2.56954189050228 -2.39507004728901 -0.838104597082285 0.482677722186426 0.10036560265694 -0.907910427706881 -0.311191279674547 -1.21253837884106 0.022422268793318
"485" 0.20410970441728 0.49061974407174 -0.495091144348197 -0.350284168424589 1.12926559841715 -0.798980140565871 2.16046755467004 0.302859784130382 -0.566708882355059
"486" 0.148663906383989 -0.376735562629 0.156486842125595 -0.0337938456199596 0.384986080878965 1.93324002901854 -0.794857114758438 -1.94747758181976 -0.702298434614123
"487" -1.29029129692192 0.0455241281283842 0.0101393538186073 -0.374710853538936 0.707641619192602 0.297479102159834 -0.294034989207424 1.28490621153085 1.31939374654988
"488" -0.799334408419293 -0.450768803563928 -1.29109223652156 -1.65540707226467 0.80382454768275 -0.878908073903335 -1.18103200560219 0.976131425344095 0.250899057396372
"489" -0.797660653095935 -1.27091541245345 -0.0125334685898011 0.530896115489981 -2.01619552585785 0.14183773897734 -1.32122082269518 -2.73287339333615 -2.19514024245338
"490" 0.512570838744997 0.237908645265388 1.22111119155538 -0.327379368863979 0.402131375565806 -0.467342573763088 0.0200100574633989 -0.804835445978785 -0.315559129042304
"491" 0.825817178716475 1.11521213955644 1.34822449513523 -0.00142025305051352 0.747648804953126 1.27330736836459 -1.78036044800957 -2.56597365943864 -0.0372735757150096
"492" -0.348154544404623 0.276841399524717 -0.752521673137364 -1.20918342026193 -0.895246516450854 -1.75550046922939 -1.19180763103487 1.60573789111572 1.65495074864359
"493" -1.23842335720284 0.129049783952043 0.645822803052583 -0.364553042188097 0.305595390488458 0.416264415556525 0.288251818812416 0.219354923339501 -1.19657792288613
"494" 1.95810783856323 0.687584312658674 1.46026741854166 -0.090605688240232 0.512000724448119 0.419179392206535 0.552698128817574 0.0881035848665283 0.0615148766542955
"495" 0.199896001833553 0.820882797055976 0.686021998890864 0.560406294953435 1.69722499784167 0.308899725514786 -0.855165816377841 -1.26289231316126 0.243915091896037
"496" -3.04819545070089 -1.31719132818745 -1.60693377493486 -2.22971577854082 -1.91412951938493 -0.660614401117371 -1.0598054284109 0.0784859181111828 -0.898732719754227
"497" 0.675214480698493 0.166515626408326 1.85668191994195 0.273196540052852 -0.549128718717425 1.2914619335978 1.2389407188837 -1.84099158974966 0.789162118677434
"498" -2.29095200715708 -2.04518932933925 -0.927811236076649 -0.269722507525178 -1.47835831251802 -0.253731381149013 -0.745951588265156 -2.42136834765809 0.231622533296413
"499" 1.61217673115382 -0.213731607254124 -0.0141161625301291 0.550223550954037 1.29471232389378 -0.708963394119002 -0.625719510739411 -0.420658549644919 -0.726610174465496
"500" 0.230481045769847 -0.173162217595698 -0.553396435286032 0.253929798673061 -0.921434505393959 -1.03130280277475 0.141978654136099 -1.19574238689814 0.00826514075940255
