"V1" "V2" "V3" "V4" "V5" "V6" "V7" "V8" "V9"
"1" -3.02274959617524 -2.3940594270709 -3.62721518367325 -1.50723529095355 -0.662458162220797 -1.26120286171308 -2.42390058277149 -0.306175893602314 -0.760813803478343
"2" -0.175749064604603 -0.177407694875624 0.743582815248771 1.07048818451968 -1.18836204475948 -0.686864610738324 -0.14242702093516 -2.0576259204297 1.23748385492596
"3" 0.598385063410024 -1.19892364143487 -0.830228896480743 -1.12577326420019 -0.877721224284013 0.582885026138567 -0.284309921993462 -0.399667416240461 0.59517161335167
"4" 0.000499985255713209 -0.503172252355362 -0.484545138105864 0.98684742727117 -0.272563105523603 -0.1535621613604 0.0777451168715265 -1.06996534909239 1.33971323949685
"5" -0.898661019899876 0.189163371577167 0.510308314160984 0.1989395041625 -0.140963527344465 0.190117520967894 0.318831966299825 0.905861554265576 0.0295387559047902
"6" 1.79149844652388 1.47733079109307 0.505379641245346 2.20340908353475 1.41221538836986 1.47356069767327 1.25251491508047 2.32360973707291 0.619826533631417
"7" 0.520806420796439 0.827455396799391 0.820764483629405 -0.192321512103357 0.781229161341568 -0.0385628925204104 0.0665100665803679 1.59243814694356 0.231821985885452
"8" -1.94466886172921 -1.57804560115095 -1.13323881991228 -2.97188969380315 -1.91586656185052 -1.08281168505863 -0.933209275961624 -1.57739199804035 -1.48237229714594
"9" 0.830775762356697 2.41280468602514 0.450605160712088 2.42438366362359 1.19392873470424 0.358208843698863 -0.454954787734215 1.57836699377898 -0.441630188851465
"10" -0.82262553412935 -0.633794829156103 0.414549989099858 0.540318646386552 0.180931297921808 0.544774256047956 -1.17572068773008 1.22620651161549 0.0138180421149232
"11" 0.642113555942891 -0.650741094547199 0.333116638737023 1.61610415151018 1.45270769261971 1.39705472991621 0.538150840818969 0.0905770043401434 0.0750487796078053
"12" -0.120212779679859 -0.546321087196879 0.32201560914232 -1.24472318081595 -0.820343267061183 0.438358316337004 -0.209024067085097 -1.4515462253332 -0.503549817846482
"13" 0.280377799222741 -0.90647146549887 0.601677748619975 1.150402500517 0.148809912045882 1.41922876471278 0.583187430354092 0.755877404855478 -0.700050110691435
"14" 0.203137678693926 -1.07787092587295 0.577961367798355 -1.35602914893596 -1.20279001137901 -1.44964626096507 0.308157453003884 -1.27608961917379 0.853165816427473
"15" 2.04453862052192 1.34134784734972 1.54713620441882 0.924751690420878 -1.36183420636526 0.904329147368284 0.995571407070666 0.802699807229567 0.997400473008666
"16" 0.105792937482389 -0.102749770154091 -0.617785013581983 -0.34891126889383 -0.407628880158476 -0.875761096550741 -0.403528604202603 -0.451251512189789 -1.45470881149119
"17" -0.381943608453909 -1.23275064296171 -1.76066652010571 -0.740641178085948 0.253049428505951 -1.05333606235336 0.457040803833257 0.535990291500514 0.0025881418276843
"18" 1.70987040452087 0.624324056559085 0.246499622949223 1.43679580115526 1.68560642377151 0.917238795453318 1.9426529897363 1.09440183539801 -0.149747490598631
"19" -1.68745262797804 0.308350025489 -1.11003926969776 -0.261347237969024 1.01658684820297 0.191827802546701 -1.19072293343428 0.783618634528684 0.741412695519234
"20" -1.02169226195087 -0.30168699377264 -0.606140759950804 3.06745977392534 0.742349077846187 1.48931243436171 0.948100785484091 -0.865340783718984 0.556857688335794
"21" 2.62850454656502 2.40283256888248 2.15728376917922 1.61511685418427 1.14081389281183 1.2562624086373 0.982935943766202 0.329528840758925 1.69389228723168
"22" -0.0407040311784552 -0.141626854680107 -0.72258747653054 1.26304381976805 -1.0205634605776 0.165843374413394 0.0934627290491853 0.762080675851353 -0.3105622855803
"23" -2.29985793613953 -2.78134080807765 -1.44623123336125 -1.3643353696271 0.0443727340704047 -0.389702904365448 -0.336921678419789 -0.752931118381827 1.05296801677912
"24" 0.0630613794412412 -0.720529863740773 -0.0782953627952698 1.17647766623818 -0.238473568589989 0.553228878884062 0.37091618201859 -0.94046525153687 -0.391956525070218
"25" 0.0390992548691942 -0.202328757001947 -1.67688515439188 1.06164303277482 0.523933350746721 0.188740127517795 -0.823205929077212 1.23231024143136 1.28500493993494
"26" 1.75234158784545 0.43598710322165 -0.196844554615926 0.355459211620263 0.670253223351881 0.91312307471889 1.79220084686144 0.128453908532437 0.439945233095228
"27" -0.670158561682546 0.403100903308791 -0.276394725861079 0.117771354826386 -1.1739408435435 0.820888788758255 -0.642204311151759 -0.836866617059823 -1.27157693507505
"28" 1.14402773365748 -0.253686456102505 -0.444958549859832 -1.01583627428602 -0.550938066290435 -0.0715114796700249 0.731913810639769 1.04353681648784 0.437986409953922
"29" -3.63369357385606 -2.0134019351507 -2.4800445016398 -3.68463699433786 -1.71434142267003 -2.90273567471439 -2.69081366656502 -1.3603889456431 -1.58334487703307
"30" -1.16688386857751 0.76789081226615 0.104218996937792 -1.97355993905631 -1.34001533014939 -3.1536954696586 -0.221914153737828 -1.5645823479926 -0.496610345898103
"31" 0.42133862206262 0.49479031288938 0.524123990518868 -0.447691851145028 0.610200108521022 -0.488301663769961 -1.31389521746298 0.399897068688338 -0.11102177251764
"32" -0.999497317097211 -0.86367578105994 0.0286974089951942 -0.197485343503147 -0.689672713330072 -0.234583203382799 -0.704642613661468 -0.708110102659227 -0.931291191829054
"33" 0.209650523798112 -0.298055625707118 -0.0640528206943667 -0.00805114358594208 -0.103599442269202 -1.10513334979284 0.032483753104755 -0.674891674115735 -0.0347627044915343
"34" -0.312679658469913 1.31025748037458 0.802280091798595 -0.0367676461295389 1.39165868409396 0.235219870456213 -0.0121289200596419 1.96648245408911 -0.655597963338707
"35" -0.591793974136685 -0.356687024025192 0.242072649692922 1.83600628895485 2.0721280452154 0.450017721525368 -0.84234952841807 -0.500073683451497 -0.490619669597786
"36" 1.7100211234475 0.0749755478187976 0.867049470170901 1.32315042375264 0.912029497332007 0.407146700961626 1.3894102835478 1.41157930395842 2.40298861434493
"37" 0.205790961571929 -0.0254832304200011 -0.25599625962221 -0.277205306314816 0.0682886558431646 -1.46147043530192 0.432424165131139 0.0880377420368333 -0.867858854436055
"38" 1.15997884627021 -0.814492792131966 0.938894742483605 1.61665142741144 0.263734785700808 -0.0879639705515783 0.879246406419541 0.326832743056554 -0.243980392745439
"39" 1.00937921547497 1.91947375941354 -0.719177185578108 -1.06952139716037 -0.536780608049958 -2.23052661958414 0.751367016009011 0.383170098074343 -0.0355024824568843
"40" 0.195160927190158 0.345681106896405 0.771094603882783 0.309329758768587 -1.67705600029969 -0.891095899590559 -0.0121675145682118 0.724926009325968 0.320292813293176
"41" -0.322535588436707 1.80380352652061 -0.307369576022113 -1.12531624814932 0.472180965596457 -0.0162950291657542 -0.0596647719955584 2.20925194460622 -0.693676210079313
"42" -1.71795009354532 -2.64435785864475 -0.558871934406474 -1.18657442879318 0.575270014720001 -1.66526520049993 -0.476204739451971 -0.465044662916799 -0.63572097486173
"43" -0.435797114195519 0.0714925086234407 -1.27515874961264 -1.47635781816713 1.02179783429334 -1.04537842982616 -1.27457823672857 0.654475189059956 -0.533579851823719
"44" -1.88081064491021 -0.730102224496087 0.0155361970325669 -1.92337102601513 0.00559800481749118 -0.108939254919418 0.403481579967542 -1.33018465250018 -0.314416315256139
"45" 1.44167473814473 0.38702775125381 1.32450039022492 2.91179213803785 2.32324968813453 2.72056404959091 0.849020695175325 1.16457008875502 0.549658158683621
"46" 0.169582843249403 0.441022055021074 1.03690672950313 0.277147216583231 -0.422524611172601 1.11322636061239 0.820119064386474 0.37147113913088 0.613563939343131
"47" -1.23945003236535 -0.475922517430394 -0.964005232300372 1.33023196379242 -0.866452857469897 0.223654301746269 -0.560157697386001 1.92484483540184 -0.721366176013229
"48" -0.0949948678641703 -0.819420979251408 -0.715722161103692 -0.761378900270169 -0.335271603906207 0.984081403256635 -0.00445665575544441 -1.02177934202154 0.618765822356157
"49" 1.85919378651616 0.396479210915783 1.99138095053531 2.68185160919828 0.161620636755669 3.2888106476921 3.81060805321941 -1.97851403821225 0.738892720604996
"50" 2.48492065185147 -0.0501584169441252 0.252006607763207 -1.52053242027991 -0.784766079418414 -1.81288291505492 0.45055310184079 0.413955702022325 -0.439135304624116
"51" -0.428678861574307 0.645847532457258 0.107677577688909 2.51410975012282 2.17962943125968 2.50770465652935 0.760639917222666 2.2213693803478 0.736997057411573
"52" 0.479906221759837 -0.938260286925734 0.0182940490405816 -0.142230924226566 1.12532097271024 0.150277458130485 0.304423112570561 -1.15564316748782 0.595529129081572
"53" 0.172404398032384 -0.582422384017174 -0.123176799462367 -0.0688757861850955 1.56709245165545 0.876176258465745 -0.879799931729488 -0.885186096682297 0.980175502697181
"54" -1.50047212690842 -1.11883600420302 0.378087107004682 -1.0449349637907 -0.0294016184925323 -1.06649285508487 -2.22989889472818 -1.72106248034066 -2.72962620247659
"55" -1.07020880549499 -0.989527391310248 -1.15863532753472 -0.0397096959312707 -0.0863276541124645 0.0461667184373674 0.258726745386417 0.762908664563021 1.2476995069346
"56" -0.311175019516665 0.343883685413854 -1.05092196479904 -0.647044695816965 0.461403765821941 -0.551966325682757 0.0506769896494373 2.15254532658937 -0.744026295189457
"57" -0.963815856814173 -1.40096407484213 -0.765990950831323 0.0243102304820994 1.03333408037684 -0.731195994252188 -1.5715650627588 -0.38042140651831 -1.67524653852359
"58" -0.929787639249157 -0.159731819323385 -1.15179880935752 0.144482274058775 1.32037304005956 1.1053738062082 -0.780330655255019 -1.19090254410959 0.311171063611385
"59" -2.41034082937183 -1.63086983830309 -1.17774433124897 -0.559571235040672 -0.237649777787601 -1.37390609922067 -0.407402963503159 -0.824080284086774 -0.350750179416867
"60" 0.930685851856599 -0.46818572859671 -0.0697088788719991 -1.22586094770291 0.500812343161639 -0.294522463960753 -1.40751706550294 -0.713972611200155 -0.058747753640308
"61" -0.367994054117177 -0.432982606731156 -0.173068846880785 -1.86558844213385 -1.41166728692195 -1.42452375186679 -0.0533432960894767 0.487216008808194 0.431486296309126
"62" 0.815263025708183 1.55924055554594 -0.176790893277406 1.17746031022873 0.62740559489449 0.400053118327913 0.339245604515282 -0.828239238517878 0.579166195383209
"63" -0.127883669850141 0.861727297513461 0.620608637294633 1.02865914007862 0.0656255985655038 0.431999288617555 -0.490427135057904 -0.692974366026239 0.952253552116752
"64" 1.54710618301584 -0.578675411227154 0.25091752480409 -1.80570806551245 -0.666819434837708 -1.57763790548572 0.0856544646451294 0.569043048281015 -1.27913410918141
"65" -0.461542621901906 -0.40954506728439 0.603486662894326 0.0124930760934696 -0.0954176497683495 0.20408916900605 1.36849417271725 0.93990492364453 0.380096912726667
"66" 0.134112049511028 -0.647404949915008 -0.344393851146798 -1.22147372915552 -0.494272736340954 -0.708218779455024 -1.22419366672179 0.967287859698572 -0.523702348892599
"67" -0.912435229592601 -1.44007585268045 -0.135616678454013 0.667883584381654 -0.00312390268134269 0.212825421035125 -0.79142400438616 -1.62103496361105 0.902618032479857
"68" -0.413596637908553 0.266775397171576 0.414236744377581 0.316613285453923 0.404993796090138 -0.980856088166255 -2.42199776617889 -0.504435820002251 -1.65911760252557
"69" -0.696811933344105 -1.20042728188555 -0.879223387090793 0.81828007986213 0.807427649754308 0.42286039292086 -0.550078694537078 0.466410032578456 -1.55144245989996
"70" 0.564390359646075 -0.00150571214847341 -1.09597890154659 0.0941190662400475 0.941294312679912 0.832953755445451 1.00085577718337 0.455380633992377 1.09727672184701
"71" 0.722104275335476 0.861289120538425 -0.2921236440446 -0.46073552173413 -0.490703390928309 -0.199604902466116 1.20830195320563 -1.40878133370649 -0.111559321288338
"72" 0.516763334659436 -0.547375912470855 1.17677570160983 0.486334490873505 0.142538615334311 1.11866635976108 0.780876006207989 -0.251515371400914 0.35693150264888
"73" 1.28284465642748 2.2460614632854 0.423793726197548 -0.648084956907887 -0.672030023551178 -0.69435014073941 1.45042636582446 1.15427539696316 1.55649041555047
"74" 0.483343393131291 2.13095004169515 -2.23656836723045 -0.662077540726529 0.399298603938103 -1.94201113008289 -3.20658032667886 1.9033096931308 -1.07307825629636
"75" -0.783885193226172 -0.482376823080862 -1.38794843149158 -0.693220446413745 -0.607424865235283 -0.453861575827563 -1.31565934535237 -0.759723769599102 -0.869610460426509
"76" 0.431745986233252 -0.128011648915521 0.738110077374585 1.20241667294384 1.19138732327788 0.260689042251078 -0.72641956181301 -0.199980665020422 -1.76879976382991
"77" -0.964052660297665 -0.0305572280514351 -0.266550712085462 1.05994569963125 -0.904048293716416 -1.01375843830665 1.17018568429682 0.00311759199282863 0.115657459348144
"78" 0.159567573085595 -0.580946632563134 -0.139965126740942 0.957521098622105 -1.41646070737005 0.731046854808727 -0.338470567873377 -0.832179697487637 0.801981940956885
"79" 0.655710025791991 0.290588182097901 1.13657141055158 1.35266108641743 0.696073501945785 1.26004883484762 1.3338132416577 1.47357990777775 -0.855228681749216
"80" 1.35666517539374 1.35636958873085 1.21828301376292 -0.606346095648664 -0.594015528724574 0.187607235488366 1.2648472759751 -0.279210314971315 -0.214768667216785
"81" 1.18322924625657 2.25623299433878 0.843067785180185 0.8100057989726 0.634643531106089 0.935431431227411 0.99245089217794 1.16116552957629 0.463216205163206
"82" -0.871486135414352 -0.757275061029407 -0.0797417519935338 1.11291526190126 -0.421318461228581 1.1962006350032 0.281536568792234 -0.0342934324559693 -0.33578885197499
"83" 1.53197463160658 1.72464628970036 1.4000824538797 0.144082931645047 0.655028470515761 -0.726545326401137 -1.375222223249 0.714268313777468 -0.66887047616451
"84" 1.02341315359384 -0.101302116317594 0.498381424987881 -0.680482365710798 1.04916771940863 -0.397764613084667 -0.746601862001007 0.210493505199299 0.31909008330161
"85" 1.48291283181334 0.979159333473927 0.420604818665168 1.30549681661595 1.37810561016367 0.673219792141266 1.26682928991784 1.55602878716548 0.32956400865898
"86" 0.111425995487917 0.865994187457196 -0.580720179854324 0.641550157024915 1.627268646448 0.237899992819665 -0.199405144761937 0.384947523109017 -0.294689304793096
"87" 0.298725296041933 -0.0658594118248026 -0.673330100069541 -0.993236030536712 0.426659308485925 -1.44531613848475 0.81653064294289 -0.735500046276623 -0.135259078981968
"88" -0.551212276467844 -0.169542119899173 -0.156111106391731 -0.655887956717504 -0.240130468180941 -0.506548055961377 1.15594806814521 0.0943525298359081 0.498886857639823
"89" 0.424317136922926 0.555183265241201 -0.700721493664218 0.73851198961396 0.557554373166404 -0.282113752874372 -0.679826568649097 0.483223704801861 -0.29426024542385
"90" 1.13315613746493 -1.07788070321741 1.1546917969585 -1.74067495274088 -1.42003907224157 -1.04476528864636 1.64419042735939 -0.86982523734348 1.14574332206487
"91" -0.321019701347866 -0.080020299962524 0.595750584987742 -0.154548051259034 0.381051149408771 -1.22201684742717 -1.21176802204885 0.903718309397921 -0.334334906402791
"92" 0.337293759595536 0.655914756447659 0.260300725373308 -0.417488780433484 -0.445326215361735 -0.469908298173992 -0.834392252167883 0.389715494874728 -1.09869037845579
"93" 0.988103997845794 1.48031321313015 1.57141873134634 3.13471249489627 0.15264752154668 1.23852777406967 0.987595073836667 -0.911182527480771 -0.484353128768839
"94" -0.578411134332676 -0.671056122526106 0.517017786125108 3.91626151952818 1.59016866335769 3.71560787824063 3.4085988971592 -0.129587834113227 0.425383674960477
"95" 3.29469896889266 1.70888567723234 1.79532500322959 -0.0340412480710507 -0.00996714980048907 0.405672919404732 1.66579365412713 -0.242010348511394 1.38119626389746
"96" 1.60027393405607 0.676849050853317 0.647057409202091 1.60609072453998 0.262243863547771 1.97970627463082 0.162392113324338 -2.31488860628574 0.673560080586794
"97" -0.711663895896381 0.298701570588064 0.236254844198596 -1.61968593333744 -0.188944922057032 -1.4281519211566 -0.205395130296264 -1.70223091524137 -0.892141830423878
"98" 1.12841259882787 2.00588045900729 -0.539852634994472 0.0692587596605728 0.332611168021809 0.695718814914834 0.059034356988902 1.4939551470205 0.561209979816381
"99" -3.16854845811723 -2.62353835617866 -1.71666925699135 -1.10520404189316 -1.2212456028916 -0.250923793812032 -1.60930132826993 -0.73282081342534 -2.54386209569873
"100" 0.25877596300991 -0.134181442167541 -0.103807970744093 0.230688101648222 0.532425339617189 0.530229322459705 -0.874607788721935 -0.181258773140842 -0.185758664932072
"101" -0.862665499515312 -0.301600012937247 -0.447593931722724 0.000473808720307833 0.298668954552855 0.615732178383551 1.02617325906475 -1.54475137474272 -0.684065357809116
"102" -3.00103186823886 -0.118938700617012 -2.98154313863808 -2.66192843495367 0.766524569158752 -2.10812762319709 -2.52000269069191 0.752302862200666 -1.53613651280186
"103" 0.865848244708838 1.4301080056023 -0.458146916812039 0.603326833851469 1.73838931383738 0.815088286903582 -1.59174442593695 0.817936764546098 -1.96930194070304
"104" -1.9893398244372 -0.549455371696303 0.212343938717991 -0.690223267621237 -0.574840110877199 -0.820259548577947 0.258090793312633 0.213152817373464 0.318762768283496
"105" 0.754356829620064 0.368388981284316 0.0368963470870046 -0.250714156823849 0.330582974503023 1.26959379159334 1.1090086860447 0.554109478709765 0.695494730752417
"106" -3.91037597630147 -3.74613725232966 -1.59769026681282 -1.05646257443641 -1.52854310528152 -1.56129166306033 -1.90380603961704 -2.09480080280593 -1.28939568525417
"107" 0.21400369232838 0.814365100485808 0.443808216701879 0.0142047048293239 0.725074418982177 -1.06129265127882 -0.643219887543525 -0.995708784552033 -0.560917836151287
"108" -1.72913713729265 -1.52952343555058 -1.63387183588295 -1.51381532092577 -0.195243593637566 -2.61070027803648 0.900793062269444 1.78836798146725 0.456632934015273
"109" 0.811080739140151 1.65923267622602 1.07791653779395 1.59761559578614 0.566549384740013 1.87325806376835 0.930632698547878 0.314535820597615 0.577056950543931
"110" 1.17795234611002 1.14794142188991 0.388388147200319 2.11056020282424 1.06737804488053 -0.122993192922177 -0.179187107577303 1.63925100033911 -0.748678405710012
"111" -0.278533128450632 -1.44590453769741 0.802424912750799 -0.521935891681119 -0.0938791253406491 -1.26410801981299 -0.749858456231395 -0.83734755510336 0.438382747183443
"112" -2.06927182272433 -2.25824943177121 -1.27128726722546 -1.07813044046248 -1.39551269530229 0.606376942834183 0.027551973739505 -1.86407556515895 -0.0941843124542605
"113" 1.33647433611358 0.469916764392016 0.179381933828279 0.975139632639816 0.875124746494025 1.34654162362749 1.67616533840581 1.7265353610912 0.972445639394341
"114" -0.883354290056734 -0.326682908039285 -0.299651621057143 -0.109072573309016 1.48225241772924 -0.156891359466921 0.144764197844443 -0.20172823311896 -0.259215163048279
"115" 1.96430654757395 0.613483518564399 1.64077968343398 0.336603076236109 0.64289728341681 0.22168823948336 0.513450889065107 -2.52365585866778 -0.759717710658638
"116" 1.26439265064023 1.25720119033147 0.132342177826882 -1.57608053280079 -0.171534475630962 -0.49802511960384 -0.0522445886644075 0.751343159611743 -0.335422715094745
"117" 0.170201183566973 0.930375998719762 -0.0195891635531731 -1.05511178120822 -0.651897889924073 -1.02669229406506 0.287343106324294 0.130147219789345 1.6669719567183
"118" -0.563888852124772 0.145229476972273 -0.907035087872535 -0.427286912767731 -0.4222174717596 -0.587946981662151 0.61905204014071 1.83337376922085 -0.30824612649525
"119" 1.26103143011956 1.06869160264449 0.701015393687398 1.11031179482898 0.0163934015652401 0.927984437157018 2.29955944516539 1.1248644638314 1.33460809572556
"120" 1.04186170958316 1.25635083964203 -0.0902302322535999 -1.38644892318152 -0.545270876511416 -0.815143071539925 -2.26785497993281 -0.429804264188982 -2.21627574359445
"121" 0.262377888785697 1.06867600099445 0.0884348362432484 1.06317387722848 0.330233892694166 0.667457104669086 -0.282530496027196 1.198397533877 0.320417527560648
"122" -0.860969853170626 -0.142309828321925 0.282256356733651 -1.68635565490184 0.441932000245004 -1.45228443870169 0.0944730282117358 0.638891756737822 -0.818418923819731
"123" -2.12975512688679 0.270668279831397 -1.98388758142468 -2.75927702851303 0.568041426698203 -0.920482430549336 -1.68500701173437 -0.496042977707239 -0.997871141897815
"124" 0.864967907494796 2.15863195340101 1.25033402175393 0.433602697781158 1.75191088172007 1.5549232335191 -1.70411550294869 1.74610466891058 -1.33947387548902
"125" -3.51992567116603 -3.01986082806077 -1.63678133685757 -1.95653697973954 0.25078898276169 -0.0580412014205757 -1.5740607195042 1.08990386026547 0.0916789177252015
"126" 0.166461366959231 -0.122660849138721 0.158444804495605 -0.0864747150960064 -1.45903371822976 -0.248344196289237 -0.363022110215403 -1.15967248952653 -0.832024992925047
"127" -1.71762413613848 -0.824445599848542 -0.700542355401566 0.7378843972536 -1.17713607988269 0.473910264627997 -0.370864899857128 0.323213365095519 -0.939438008815774
"128" -0.279229109610922 -2.22337454639264 -0.586272904658367 -2.7408649956845 -1.87672530136482 -2.85705130992382 0.207237506951013 -1.33192283840383 -0.138142046444612
"129" 1.11390998544745 -0.865259961839364 0.135632978495366 1.62884493730736 0.498937551024166 1.30036863557094 1.95739084195959 1.99475717073238 1.10795349713698
"130" 2.47331976472192 1.56918464007474 1.73403116916401 1.50440050693932 2.2492525209269 1.24414254308929 1.15044830916173 -1.03428547409712 -0.0865322174552696
"131" 1.25167352859084 0.377082842657468 2.29452215652236 3.16694166631596 0.282999008731865 3.40722685787861 5.19299284980794 0.362560973828737 1.83688088443268
"132" -1.33507368690247 -2.21398561017409 -0.427744367183472 -0.632849035776925 0.42722564202836 -1.29536693719785 -3.53244456144578 -1.44306020234429 -1.76622313074019
"133" -0.633644594906097 -0.305842146002186 -0.137128237384477 0.0949074683605 1.07376954465935 1.26243140059071 0.328250712370015 0.184549956091013 0.744663153056503
"134" -2.91450232360672 -1.24617271175395 -2.68969193720873 -2.44859250121232 -1.74674978066781 -3.27921362035076 -4.41731293636252 -0.13199252599867 -2.74684085668393
"135" -0.105112361740604 0.127622953853393 0.211748884535899 0.271083532504433 -0.393825974049858 0.438319981274305 0.747787817285036 -0.994334067613093 0.340958007682922
"136" -0.0316211477187477 0.803267037326793 -1.1157136635546 0.460216351115541 2.61063137046968 0.256176944586101 1.33014472596765 2.31574518326441 -1.26896262851231
"137" 1.16858087556785 1.51158750642223 0.755412221549834 0.53379946690578 -0.513630255641204 0.887051916431232 0.849060706984414 0.555793173636032 0.0553542187393109
"138" 0.888528839181403 0.96373086669289 0.92944883357241 -0.463044808030159 -0.299771113157222 -1.31100774178453 -0.969747437973006 -0.44307578716933 -1.13838075579376
"139" -0.430227375983722 -1.30775854044501 -0.929416762491172 -3.12202662691811 -2.05336167015573 -2.66038999404982 -1.76032314659165 -0.229591514874388 -0.770679475358081
"140" 2.51371566604142 -0.686298822266688 3.52669783528951 3.13914581894766 -0.124290365727936 2.790410194423 2.66139290802242 -2.4601276752668 1.00664794947384
"141" 1.12103958319053 1.40490997495682 0.563533010056332 2.01766467918586 -0.0896535263774523 1.54208380766964 -0.939598392005816 -0.323886438186212 -0.157386983588976
"142" 1.24144970248443 0.387732405683704 -0.348739437950263 -0.970322291158634 -0.77707567496611 -0.434953142943357 0.696061525119546 0.480905838627598 -1.49027775124925
"143" 1.12860379650558 1.07842883853206 0.532452982479066 1.48435776750251 0.373347797546526 0.484758417770212 -0.165800142435065 0.728793340525012 0.281638230230051
"144" 0.561207906999156 1.90965279718817 0.452682324649567 0.0751378532854564 1.35185289556561 0.0861049497010922 -0.877626088159479 1.04612605151091 -0.0778491378255411
"145" -2.38031634919736 -1.73110516907159 -0.635286258145235 2.90722237540193 1.56235229368383 1.50440528089327 -0.354123259036705 1.38612104944322 1.45913360216869
"146" -1.18956316636403 0.0917917439282063 -0.332895865130534 0.189826265498697 -1.32983586935844 0.068972932670204 0.957933696016083 -0.25871147301494 0.00975240879470429
"147" -1.5155162861278 -1.42056300197633 -1.06664745797623 -1.05654015089903 0.0991077058270566 -0.317943222898941 -0.079151275049423 0.300263385216432 -0.630257480635711
"148" 0.400303625563604 0.953018898181277 0.929260079762911 0.948740356792739 -0.22139460800255 0.132149710907463 0.537210828601779 -0.271643894340013 1.18214739705
"149" -0.00270007578125164 0.525742472240606 0.328255799980128 2.17254222506337 1.93298175409219 2.36076370645042 0.248611032811833 1.03363780873412 0.70789236698536
"150" -1.3653877908438 -0.872487945189354 -0.818041775802432 -0.850356922041605 -0.514602443100808 -1.06567231943356 -2.33965204804042 -0.0510557690477719 -0.50373816445103
"151" 2.88995492549597 2.59454267156924 1.04372526115095 1.03877346928434 -0.23482053509503 0.371718336149016 0.600717947568821 -0.82490177534059 0.733735340042267
"152" -0.254757023474934 -1.0454653051211 -0.379373306355462 -0.128751316345782 -1.0258034238942 0.00963380299730748 -0.416244930409002 -1.73743923701834 0.106163256345265
"153" -0.654164376903891 -0.593909415981815 -1.21324221542589 -1.71172195214935 -0.854873821553872 -0.251512502967461 -0.798406148026758 -0.140314112527471 -1.16053037749269
"154" 0.363357711018442 1.26142107925868 0.352621519989113 0.0284931235188008 1.22493644091309 0.0760882194393752 -0.527787367897853 0.336048391167689 0.100480454915287
"155" 1.34325512247718 0.80487523743702 0.0946689748006072 1.32547951626359 1.78473328452033 1.29350056422081 1.44421796776489 0.930695982758232 0.560154951181849
"156" 3.47760713057568 2.32625007525513 2.83007625148571 -1.29620121788505 0.0981106912676502 -0.146255406792406 2.23633470417587 0.909943028605929 1.03173675678012
"157" 0.0610449531741718 -1.03585427396178 -0.751176291680927 2.18851053183886 0.617918359584326 1.07560604460188 2.00006258728102 0.445439718717525 0.641756549334187
"158" 0.180655290912194 1.73306870675011 -0.325986865938191 -0.121580548076487 1.00539957295625 -0.472654888234928 -1.84670466702495 0.490021142919563 -1.37562644446787
"159" 0.967448921123207 0.37984399310727 0.207106725670675 2.7566099901858 0.538827282041352 1.86495400965406 0.510727116797811 -1.41479753717866 0.10754768815905
"160" 2.73404315869454 2.50332562066425 0.582996171168607 0.183187772183138 -0.703645229349884 -0.0856000261623014 -0.0481991195990273 0.341092234571961 0.671008049670946
"161" -0.349026325767776 0.739464806058458 -1.05863439081417 -0.95220168133321 2.07948427144175 0.509877715878404 1.04418092093006 1.97337710748921 -0.000879596136076743
"162" -2.03039080226962 -0.973839621518762 -1.53961463425252 -1.7430962486283 -1.23445570095826 -0.00703347825942702 0.258109028936916 0.152289433089982 -0.688000751166639
"163" 0.226880777444789 1.78592880669115 -0.219275301758232 0.512918493329845 1.69846163311366 -0.297671388761148 -0.193285847738627 0.826634872022481 -1.14948145899928
"164" 1.53109562528737 1.15711283338572 1.48027308002655 0.884832031708872 -0.159521921477772 0.44333459160962 1.72304941647194 -0.219715531213848 2.94011387245444
"165" 2.0319184307922 0.551997246673612 0.816123953401614 0.949914589910557 0.317406186650776 0.465892758466105 1.92293085151344 1.09062770305449 1.84712292183388
"166" -0.0234313533017303 -0.850531434015154 0.28941489495182 0.525410909864551 -0.212079663271812 -0.672157895192348 -1.28372701757754 0.225328521210223 -0.445169098548241
"167" 0.885439076262086 1.03900523138895 0.706219502393414 1.48314467609357 1.49159758683503 1.42751383397348 0.521933601007446 0.597902541062825 0.395645319191747
"168" 0.782543469440261 -0.474285179228356 0.774190911313263 1.59414558417226 0.876124660443775 0.635462027250966 -0.542245037567157 -0.937443816154121 -0.284887190679212
"169" 0.155648557866624 0.626384871321522 0.463729955241346 0.226492609699622 0.624385207044456 -0.0275053176053411 -2.00728759439863 -2.63047790882268 0.12095760208185
"170" -0.0753848741958721 -0.330137186207835 -0.093985645172382 1.37037122719501 0.0799633562929563 -0.143510478528605 2.00137100076132 1.29010221313825 -0.233854196413324
"171" 2.37093174381131 0.581649213903889 3.17485795455682 2.27817854251154 -1.3468437830643 1.14544054500527 3.53826439196511 -1.91681924526369 2.18794453492102
"172" -1.57155922798964 -0.265133761193531 -0.827084194947224 -0.677771173989948 1.00882224891057 -1.5372920122129 -0.31855368701922 1.12314935343204 0.694484239029237
"173" 0.0147467380323118 0.662765892076343 -0.0991784876020317 0.286277768102948 -1.19099954826887 0.393143070450706 -2.2676498313611 -0.632470583426267 -0.857118609748071
"174" -1.74988089890312 -1.54495116766387 -1.64997951109338 0.705525143447442 -0.54712181478388 -0.174533853824395 0.744652597186576 -0.87537775411973 -0.640926551946031
"175" -0.67981288900163 -0.273731190221068 -0.0919077140877216 0.597072807517264 0.0359729686603748 0.775709655097536 0.332683432767574 -1.57565326932768 -0.901651537925764
"176" -1.68553128076555 -1.86535699272916 -0.418006816104902 -0.963572231519943 -0.250773414934854 -1.28135361469688 -1.5050452732 -1.95595681820072 -0.879755180561055
"177" -1.03876719071874 -0.0928374735978088 -0.0194680108256932 -2.5241202407596 -0.831170198935433 -1.5673418024998 0.752548750481211 0.183958961492344 1.60605184373364
"178" -0.729801098995429 -0.967529510681131 -0.735006366633522 0.869180840258615 1.41780497777565 -0.620677842345392 2.31453099912381 3.20672911158594 0.684929489729181
"179" 1.59278230607574 0.312867646552881 1.52798210403317 0.561860081359355 1.43640990040188 1.17245947773573 1.87876337773132 0.93636009300004 0.654586901616585
"180" -0.558493132403092 -0.00984859663121623 0.359116964254105 -1.97627129423672 -0.219008652632568 -0.482224815230512 -0.968120434562391 1.54551300279946 0.569392254730675
"181" 1.80348267789304 1.43421789759279 1.04097895680506 1.68423213327263 2.0742623162514 2.91025903660052 0.0377096895669456 -1.70975738581147 -0.323998089730575
"182" -0.253134526465089 0.198590774780523 0.123388481669748 1.51876888497717 1.35877031944512 1.14933883767447 -0.953276854389905 0.338619073705386 0.911693382135113
"183" 0.0513037418740638 0.669857407341042 -1.87734257427886 0.162126944341459 1.23896852413731 -1.62131719124354 -3.06142883125444 1.82363810929926 -1.49126440739123
"184" -0.872307979635991 -0.742464185341755 -0.340220929352954 -1.13309988199967 -0.567375786365832 -0.460184342301716 -0.861629173034974 -1.72365079793133 -1.57789125586329
"185" -1.91258225045313 -2.23857462617849 -2.06511562096127 1.08113675925061 -0.0282527446029675 -0.125225249881666 -0.65443894734014 -0.280136441757489 -1.18509839320401
"186" -0.0817538471139069 -1.41373256636335 0.330387366661754 -1.78698846088154 -1.55558474493137 -1.51237255350311 1.01745140695559 0.369392988032475 0.65980558461824
"187" 0.960529907797741 0.312815127925168 0.775713929029687 1.92342744158154 0.217252154031679 1.82114313995124 0.907892728142097 1.94570649979138 0.750015722849684
"188" -0.920629347444193 -0.945962538935485 1.66881301545956 0.389008520321773 0.500793986743214 1.47679563153709 1.90018805349371 -1.09255651898963 -0.276849197597447
"189" -0.0714779446317129 1.55263148440427 -0.270715352605813 -0.07318637899965 -1.03475891568559 0.0469560990223007 -0.289574868877349 0.106333631201164 -1.50252152173931
"190" 1.69349406613038 0.927716195773041 1.33317364499758 1.63520701210689 1.54672499696477 0.440272923024462 4.07157618590127 -0.896893568035139 2.30863933023873
"191" 0.0219984402055186 0.201142472114177 -1.08542042979674 0.312745540991855 -0.211989022524598 -0.196430552045992 -0.955845286816878 -0.448647436514177 0.260328328267941
"192" -0.479669813041176 -1.14748481868679 0.92044885646434 -1.51628332444114 -3.20748431404095 -2.06983884088083 -1.2640797363795 -1.7230731762023 -1.04260049438266
"193" 0.334016314383666 -0.154142319342538 -0.700959958911155 -0.3038699929929 0.66960699372315 0.259618431198229 0.547450179108362 0.419495307336158 0.0068186845199005
"194" 0.683255081832331 0.812660858218865 -0.0505295426220668 -0.473303117593011 0.0973274669832132 -0.949925028447999 -1.17658322367251 1.31825719222872 -0.753867559885466
"195" 0.602627555889031 0.99750766229439 0.044004754270197 2.09461702978092 0.547797515459878 2.15649439961927 0.47356706429206 0.214763271995127 0.380474024448057
"196" -0.188613704233373 -0.701233613257585 -0.707824970500836 2.00211153686909 1.43608188800142 1.31981673165155 1.26855373521879 -1.83677603303334 1.24796704978123
"197" -1.13213286768981 -0.685072315994725 -0.577161064152832 0.53135108709341 0.883310940684121 1.5931308652132 0.992601977684555 -0.213968753744224 1.16194686492713
"198" -2.44875057876395 -2.40268597628865 -1.76797952449009 -1.189987826519 -0.587195516120497 0.646629767090027 -2.24685467911656 -0.874759023130866 -1.17815202876519
"199" -0.473657695189625 -0.52698592961765 0.29093148974697 0.459036161789174 0.328420537524668 1.0464437205839 0.00879153224520179 -0.585252637943841 -0.829797383992267
"200" -3.26882214737775 -3.46027619081783 -2.51417201678977 -0.226216084953693 0.981441037973698 2.28230434938293 1.7210202932137 2.08313940844535 0.706575678470902
"201" 2.05048757459861 1.0151149774156 1.1795790691412 0.212693537342601 -0.178921692658054 1.03697570009062 -0.4118991636247 -0.187603128969086 1.26509066079043
"202" -0.334444894504098 -0.922010370637667 0.0140706001059352 -0.105051673109234 1.15797552230461 -1.23416527983215 0.284240577270248 -0.0945376341425198 0.0335003349058996
"203" -1.42039105265464 -0.789425409301467 -1.12938990985126 -2.21402403356527 -1.20572718695837 -1.79453341748639 -1.86188015649436 -0.391489940487732 -0.45501128456862
"204" 0.0193135913635392 -1.32160400003793 -0.843731486528279 0.732238119222462 0.232709316455646 1.82250143590897 1.6680512211143 -1.3885179452825 0.937170250925857
"205" 0.959731971423478 1.26981475824401 -0.119978570683839 -0.563623039972346 -0.913553671129106 -0.207321300776141 0.0675420798807436 0.0510450518257875 1.8514723227632
"206" 1.13788643018951 1.32436627661532 -0.459792818167217 1.11621162969675 2.72384634995592 0.64908440218019 -0.991399632792349 0.556423147297837 -1.65577255113695
"207" 1.13557232722304 0.925373976542182 0.379414282899535 0.155016702972071 0.222810974979124 -0.430207221838627 -0.49322697047368 -1.03017076122181 -0.78923925887845
"208" 0.544594974294643 -0.230313263717536 0.186945028746174 -1.90569545282995 -1.69965026668412 -1.55899605319227 1.10703271122217 -0.478509742529255 0.733348744542165
"209" 1.29968389797166 0.788587339780718 1.3766797117551 1.54846817793876 0.869962325764969 1.2104017307067 1.54160617937675 -0.136954306678882 0.206642746089081
"210" -1.52881861240547 0.397716493645693 -0.989036009307977 -1.92478450687154 -0.623373758020891 -1.52595949576161 -0.928844720386425 0.293525843585377 -0.263775177236816
"211" -1.49494710196816 -0.348673419125445 -1.58209247841439 -0.972066524174473 0.437735728229884 -2.09329256886451 -2.0236896226749 0.00901890256525356 0.0489076198417083
"212" 0.687155487600073 -0.340095192171036 0.452507115143999 -1.0885798768229 -0.505057291023267 -0.908895366033174 -0.932107114736679 1.02969758228171 1.03294105664591
"213" -1.22506043451746 -0.642206008271658 -0.815910809568299 -0.845809384850303 -0.125296997180512 0.945388690470712 -0.64733656501853 -0.188432118188485 -0.0430068501324319
"214" 0.894769000477984 1.41455410208927 0.5109006414201 -0.530172607854243 -0.348000333849191 0.106194389811072 1.58367108074846 -0.551639775116506 1.15453942661121
"215" 2.10672731904895 1.3192924750495 1.41853542673827 2.23891382603991 1.52074801179996 2.55517793909384 0.425041006850366 0.312087110429916 0.419740884406709
"216" -0.339722855829072 -2.30070716357376 -1.08873560775474 0.250143609284878 0.664796489823168 0.855570505822014 1.35225109598996 0.588930374889988 1.24536126578677
"217" 1.33780320492395 0.785615025046688 0.51748353951932 -0.470778393121582 0.10047359948241 -0.804629665261796 -0.364633636782415 -0.458832109191852 0.176483273203386
"218" -1.96263262853977 -2.15360326607414 -0.927974068812313 -2.71489229388154 -2.19559115778025 -0.89891119088446 -0.955016865983903 -2.0912631255563 -0.427155403341288
"219" 0.587399611655157 0.606335145821132 0.182572970905938 -0.0556383879025758 0.885023942912434 0.730336392110761 -0.525559547678878 -0.693151701132449 0.223512532054506
"220" 0.0311283688252193 0.18338133611169 0.501812528600956 -1.19707396252975 -1.25191351780574 -2.28406334342794 -0.555753425228873 0.307782645380545 1.34529931556187
"221" -1.89963861329414 -0.2059820562842 -2.55632886246175 -0.0414922458327038 0.767209626121598 -0.808417103258096 -0.6758165437055 -0.584477758718536 -0.314683671533378
"222" 1.65079283939497 1.32683308364407 1.5323796388153 -1.44236978872967 0.124472818879114 -1.66929357486612 0.341260210711786 0.113744449392975 0.00502779048811663
"223" 1.41113850354241 2.30892360942847 1.01675304510039 0.297988233471563 0.416767415391619 0.158211771864861 1.56476412479707 2.68442317100452 2.08625798734583
"224" 0.459312201196427 0.942844818944473 -0.142559163376808 0.678300107424422 0.481720415056719 0.722640808658676 3.05734237254359 2.19362093524219 2.518090842206
"225" -0.971255148985074 -1.34587572738266 -1.11984821199789 -1.19683807446209 0.0876306875167533 -2.02711460924661 -1.1348864241411 -0.0489318715090741 -0.291784301246929
"226" 1.3793957079873 1.53352069020283 0.49316368018619 1.56983207738757 -0.342023981183095 0.372367442527414 0.423840516697608 0.344221660192663 0.228403322200152
"227" 0.970373423695938 0.411479438907263 0.832227493945347 0.411952856341367 0.287348579093845 -0.579986260153534 0.527145671423455 -0.7113846428583 0.502799587787312
"228" -1.30593160008792 -0.997392836655498 0.748802061500716 -0.97538970918769 -0.549509263149771 -1.38746139818867 0.460276370327756 2.20481442056654 0.644030555514048
"229" -0.188160809986064 -0.469875008140055 -1.32563637462842 0.21601875175244 -0.0180035035139552 0.401383767638507 -2.17069468801321 -0.61731372120112 -0.96750866098944
"230" 0.10109106605649 0.508054294445738 -1.16647611670172 -0.551440271316646 -0.203896304251126 0.985702240351205 -1.53978210623276 -0.624353990124525 -1.39104514061111
"231" 0.455811658905067 0.691360759753075 -0.108254202671871 -0.632008640696349 -0.0256659217915191 0.28305004438278 -1.35277738964919 0.0160939989011401 0.467382291522776
"232" -0.564052926671695 -0.822044801776915 -0.430954815511753 -0.13099630793618 0.574184346268578 -0.39074755052995 1.17673572803317 2.07128413959041 0.743910275957523
"233" -0.442340363632691 -1.64218119526402 -0.241371956260847 -2.3128984455969 -0.316177258834278 0.0588723636507207 -0.754013000641289 0.568028784495751 -0.142510264179912
"234" -0.821232762169693 0.482109690570731 -1.29136428512797 -0.0984218517388093 -0.255606066280556 -0.0516337330127077 0.650119525157 3.17593108591097 1.15187312254093
"235" -2.59582001512423 -1.81758043004023 -1.82922177081977 -3.16642157005164 -1.25188030206756 -4.09914456210942 -1.86913388282698 -0.46262904617326 -0.165949648448045
"236" 0.40254945221331 -0.470587701082956 -0.523905522082759 1.35158388598129 0.679083099108258 0.768854114318242 0.195662881348166 1.64123496103484 -0.85725005107253
"237" -0.136340686532367 0.562298045482543 0.0274113755329963 -1.14492671001415 -0.822466873426645 -1.28194039938019 -1.40451048937533 -0.876422285877248 0.649072294024007
"238" -2.06778546033932 -2.65928325621921 -2.17783842021115 -1.40112503588243 -0.898648092143159 -0.468953975036411 -2.2624827120833 -1.93935505336766 -1.28135984433826
"239" -0.688759916336295 -1.52732085508703 -1.24079640570717 -0.876113954190293 -0.0906134075557446 0.0424391684630547 0.329940555877991 0.0513706017662214 -0.0409982996748367
"240" -1.00478196300934 -0.486685135488728 0.0625340384415395 -1.18129305817863 -0.804143194544559 -1.6358038233666 -1.1099772228693 0.575733575364078 -0.757092585543826
"241" 0.218997454890843 0.0206712176923974 0.469512396918397 1.25637800038322 0.375173280748314 0.296901692960026 -0.263758964481071 -1.49019128934889 -1.26675191192252
"242" -2.4153563162338 -2.20994326385155 -1.20831952948268 -1.87478532474912 -0.827647597614051 -1.21067016964989 -1.58003592008992 -1.5040599083204 -0.350079037268037
"243" -2.85352605919016 -1.59941021136876 -1.00165463523131 0.000206037811295023 1.75411700971644 -0.0477361688119992 0.787252180331584 0.10575664957597 0.968487826485514
"244" 0.10528688966507 0.114770631869531 0.846865586031989 0.286735382232178 -0.00577737099425502 -0.651884272923328 0.544606421885262 0.635306947002831 0.448804884866602
"245" -1.36876081726339 -0.909574126623418 0.345732643438418 0.984131320435562 -0.06951861567293 1.28599436739913 -1.89794275946296 -0.360857373737371 -0.652102248064609
"246" 0.836457590068655 0.651582284526696 -0.756484291257855 0.0236645852811818 1.18454592597111 0.676242312085481 0.449842589555912 -0.554705642004572 0.718690555496754
"247" 0.301926304922868 -0.818064295679155 -0.174252844359729 0.850652933225474 0.630141494689193 0.258106174601594 1.31203141546965 0.894365291550831 1.39213884418034
"248" -0.15405022261725 0.183630744229255 0.122448235316999 -0.630443333048074 0.00885662562892592 0.104990311123269 0.637386094725066 1.40824957532537 1.34153078793673
"249" -3.2178406268559 -3.48539192878374 -1.70853927810495 -1.29490388042972 -0.801934181911008 -1.67325389605969 -0.31428592256434 -1.98236178225829 0.482044303131835
"250" -0.874552599653574 0.829337750774942 -0.619953041327196 0.912427223417749 -0.0777400164341032 1.05949669891621 1.31273686038748 0.752050170366671 1.47118038748809
"251" 0.577175493233432 -0.77009643529052 -0.229647867233719 0.911586349678768 -0.0475011337434861 -1.00521526722555 1.77906952165493 -0.569860814186268 0.990939839389811
"252" 1.14096756035804 0.13110767187249 1.09420516097209 -0.668616618183826 -0.492057706433453 -1.06712357494199 -1.51530439433474 -0.501281078866399 0.491014651328311
"253" 1.60368448116062 1.69278968106023 -0.624712875062049 1.18576795156942 0.92379927058522 0.739572475304995 0.844379366058927 -0.0435352976593979 0.362327041716768
"254" 0.023913606514884 -0.843276904366225 -0.203776150764108 -0.879372866706825 0.813321774826597 -0.530223603242159 -0.47733117609497 -1.32571000475054 0.280487070140371
"255" -1.14008981269138 -1.08346678930066 -0.728651120513398 -0.627601052292821 -0.538487595464746 -1.42418842566027 -0.91378606801233 -0.185534533868937 -0.849390680522958
"256" 0.0721020766138375 -0.86888742850413 0.021622895057039 0.385852736819486 -1.08355881584042 -0.659672452971083 1.99139085529136 1.22809259125961 -0.163792234875494
"257" 1.13044430257502 1.86629677931443 0.333627773230798 1.19949444902931 0.217116142227179 1.24226881822718 -0.403075761641379 -1.97236581366778 -0.774508931417679
"258" 1.55928444325067 1.30471279023829 2.90615929660269 4.26886262293977 0.984587751197311 2.04810495021733 3.01843224976088 -1.638782990877 0.609115495094833
"259" -0.753048171800971 -0.68375430202639 0.681513766562873 0.353965881445378 0.330599158368418 0.582620310357143 1.85553775785452 -1.02613286204437 1.64817315062856
"260" -0.0206850177742336 -0.570112056126772 -0.937626884105049 -1.90231361671828 -0.396621727727674 -0.637500485637799 0.79642313743835 0.270494441802424 0.287211833581258
"261" -1.34135100736946 -1.62601400726776 -0.93098626960432 -1.7702483228386 -1.08889242031533 -0.972949479398632 -0.459636062710186 -0.299780451353904 -1.11440165283414
"262" 0.681315646359078 0.760043436727904 0.561348910444621 0.434887782577403 1.87079692878462 0.50304807710316 -1.08233400119152 -0.369116869329842 -1.11918626841453
"263" 1.06634513917465 0.703950673170429 0.212228289753942 -2.41552520231671 -0.28743250652325 -2.30726716306769 0.195450740514838 1.09396880955488 0.702692757419524
"264" -0.413366656866454 -0.228144454549839 0.806548826575644 -0.0864774790790755 -0.19377984500643 -0.0557479977625058 0.426293564396781 -0.473506089224657 -0.0528231562752758
"265" -0.366316285829767 -0.380038382925729 -0.796203502995052 -0.936569855734904 -1.88083661635058 -1.53763290863273 0.100097985770099 0.010299757528054 0.111091756913102
"266" 0.795287524462761 0.628417810642439 0.0290571966981521 -0.687611602013326 -0.00798343698034762 -0.360824736585824 0.196901689521356 0.385185959796582 -0.415832810422874
"267" -0.734108578285373 -0.387159746606879 -1.49572312077803 -0.836362670715855 -0.046739527538016 -0.543012498902645 0.51760688230715 2.99461575775225 0.516976403021653
"268" -0.537267733332682 0.0608924107573377 -0.548188804736259 1.3912943484721 -0.289574267606494 1.84299079678635 -0.671197235946916 0.65565427875421 0.872848236050465
"269" -0.123561635956127 0.344252207710455 -0.852631683254622 -0.262132497852203 -0.11655995016312 -0.61726767659536 -1.1781373121543 -1.27658672837173 -0.846748247004536
"270" 0.246119534050942 0.540333969562506 1.98401544002887 0.965677920563634 -0.832501130011945 1.09778732073169 0.42572781046743 -1.20893367401045 1.19959448793147
"271" -0.897331059829127 -0.0165558528137153 0.0397457994478866 0.0293745552090346 -0.277846451318329 -1.34347131435482 -1.75094028258592 0.253282516242003 -0.918273036204611
"272" -1.78090445137086 -0.515388232451208 -2.07469965229628 -1.01475410955104 -0.809542960891467 -1.16842784033287 -1.26971628957504 1.41860030347914 -1.47051514433658
"273" 2.40950518969101 1.51877189503877 1.3433304386931 0.231140709750962 -0.800680020047743 -0.197717375637276 1.09570638500993 0.246397792105075 0.5199087662473
"274" 0.307566467576391 0.338598541421516 -0.554437400788386 -1.4272193339401 -0.0609079916983636 -0.611576488397716 -0.194975046358801 0.440160046759496 0.244852697561585
"275" -0.344326234433432 -1.3363303352456 0.0231964216611523 -0.366862236850458 -1.32078845090623 -1.08703200519177 0.609333292095253 -0.0997806895216113 1.15014804383437
"276" 2.40850210779818 0.967178504605444 0.719945415012109 -0.42802626556218 -0.921650232723896 -0.522216372484216 -0.0047591145463908 -0.73439172866269 -0.127562056516988
"277" 1.4551755066565 0.683703724615473 0.772589024451404 1.61451003884528 -0.800187871727407 1.17851803009378 0.32083120962177 -0.481788361453635 0.298018416123874
"278" 2.05587491740029 0.941534718876566 1.01619993532807 1.98220377294032 0.386077859443838 3.14181764338448 -0.630001894937538 0.395055959302053 0.997313377855593
"279" -2.01707798146471 -1.22869308426089 -0.665183878272193 -2.69353833841165 0.0268353006293719 -0.152736254125644 -1.00654748909346 1.29791024009633 -0.829375733404348
"280" -0.827810853963428 -0.670009900028259 0.0973397500298149 -1.10718886331377 -1.60910632090225 0.175719064286521 0.23311807702693 -0.681379836939588 0.789157368186397
"281" 1.05985071207981 -0.619683900784342 0.00206663703401544 0.356819907135502 1.1704811170068 1.66594986260439 -0.30838686300943 0.125006600550379 1.44213201431623
"282" 1.13805526105554 1.59886265850404 -0.236122859743968 -1.24649035000282 0.269676028588136 -1.24941502341481 -0.965740588384513 1.02008762577253 -1.01212675281797
"283" 1.37346490056761 0.646916696680326 -0.187478734187638 -1.52069244804569 0.476960656027537 0.638008437920895 0.478560560430603 -0.25448901646851 -0.517063622691362
"284" -0.0122332702160814 -1.8176743790986 -0.676159098850692 -2.15578623324197 -0.70972529858126 -2.40878457325518 1.69946692222263 -1.18437612083555 -0.103976346406785
"285" 0.609737939670682 -0.574235176271685 0.121585726835896 0.378754788025054 0.811992902189851 0.787719832926934 2.07819054784159 1.8272175736947 0.31960372147459
"286" -2.10099912921617 -0.942970003593775 -0.81518894140614 -2.56304077268826 -1.22793409514161 -0.718639369998358 -0.793187843203124 -0.117185719497683 -1.4106382871015
"287" 1.15308209643726 0.838329775054671 0.163836145702883 1.83130187630539 1.37677923131306 1.40588000055042 -0.633883099302847 0.923676999887475 0.116600188998902
"288" -1.4265302331331 -0.698578506555364 -0.684624325407358 -1.00977996286627 -0.666117890961127 -0.948224531500045 0.88093918804773 0.526555408277159 0.295382309827986
"289" 0.179173151065286 0.303255426745681 -1.70869527253075 -1.22628529758642 -0.264691267402219 -1.11574790182891 -0.272922894522948 0.543086832120186 -1.41394658551806
"290" -0.862631275440082 -0.512442718135694 -0.567539938110525 1.96616073516982 1.52791381476983 0.662005971812143 0.109182351188496 -0.196234823889063 0.0728472650578528
"291" -2.04412446120806 -3.12662891209264 -0.213792320528348 -1.35084862723316 -1.66570546698772 -0.239158272142101 -0.274639777129189 -3.10834566330491 -0.147682609520043
"292" -0.975358848906212 -1.20305289951141 -0.384241835220832 -0.516075331315186 -0.687001632166716 -0.248935639249761 0.347228532949981 0.101489210451724 1.27371794330128
"293" 1.44932872565823 2.61955249944115 0.288303524429858 1.49799186457821 2.29172722059633 1.02724594655289 -0.647000123912787 -0.147020361146472 0.881958955317897
"294" 1.44781870473036 1.25345323628342 0.836067727727357 1.18425602543161 0.365472185301738 1.40715472020552 1.61236392831073 0.165046388450521 -0.881144313228088
"295" -0.0447693752032313 -0.947777454239889 -0.467572153232995 -1.09316368204959 -0.802875858048198 -0.309776500091502 -0.178987439397883 -2.06055645187152 -1.05759347981227
"296" -1.07930852749965 -0.98039023467316 0.493900139589434 -0.0250888085231979 -0.96053007394037 1.06297747104174 1.65547476534125 0.253241236831866 0.808398460516386
"297" -0.678747162690771 -0.566860958714527 -0.0896860287294274 -0.155152473559122 -0.575564074141193 -0.229776366711439 -1.52532421890297 -0.423934073390745 0.15941389664825
"298" 1.38469832007552 0.432454501619435 1.51575693198247 0.231193883393588 0.655577697138944 0.119206435474418 0.987388481854335 -0.408964130297015 1.43721650263801
"299" -0.762513414879328 0.45225437257045 -0.653892950465094 0.770783019727398 0.282842375706992 0.150211377866487 -1.23894787860946 -0.655553072827402 0.0965731927124541
"300" 1.00695678429662 0.843446703747607 0.387831111839591 0.0460493017171637 0.930434306743051 -0.545110630451776 -2.87728592813003 -0.370194656360187 -1.36784680094499
"301" -1.41467660126701 -1.31613550566031 -0.896649130363783 -0.620483704071676 -1.87974546697324 -0.364650544480447 0.291116255288022 -1.43237956458957 1.08795349762993
"302" 1.93869662626514 1.01986672947689 -0.940477342583306 -1.3233548774844 0.335702129621575 -0.918399510565272 0.738825780044171 1.27723839303909 1.48292132361821
"303" 0.64120384961672 0.292107202965104 0.498948262125464 0.269210686533921 0.402831592501325 0.491648363781667 0.355441487630028 0.0589375012127902 -0.126600300457086
"304" -0.891543927448971 -1.87387885539359 0.0729211644551599 0.152024183109861 0.45089992438984 0.600981305899555 2.22680070274626 0.571265744776695 0.468798603865202
"305" 1.73819885529106 1.24852874732526 1.30027693103162 0.427818048715504 -0.0317484399300015 1.72362560912076 1.70492832100676 0.496646304743397 1.70629732757707
"306" -3.92202467786364 -3.81034015373543 -2.28186547088271 -0.986919696269605 -0.522557927556374 -0.746978955087184 -1.5829985911478 -1.06417679689722 -0.403139268868267
"307" -1.49433371689397 -0.489342296159704 -0.40392527595293 -0.756073447829112 -1.36091099755795 -1.60810215966208 -1.32156410368498 -0.164747690069951 -0.726376997865514
"308" 0.760546653956688 1.56129664808185 0.415643782074551 2.99849962539006 0.735185809079285 1.57516512393494 0.116409127624957 0.210903052088577 -0.873667905047604
"309" 0.752613955860162 0.64340456629248 0.743616168409515 -1.63832129543849 -1.55503455441367 -2.10294167265417 1.67580866275012 2.05434182321481 1.62906864158147
"310" 0.361089705809524 -0.0908969303113242 1.04361352813661 1.14787883554638 2.30102639811704 1.58990851082352 0.764283580633265 1.8104810829243 0.938046790799744
"311" 1.75190313768203 0.359339458320435 0.821707124301322 0.984745940970145 0.701169096301721 0.345450274454149 0.0272369872589571 -2.30891191628175 0.700851308306224
"312" 1.35516078639464 1.24475895318405 2.72746531945229 2.49381368608434 0.277548136348003 0.994583536580279 1.22888155094427 0.0575213348883866 0.322468634779911
"313" -0.647595755049525 0.614514525825407 -0.278182910746923 -0.140089523783646 -0.455379045502323 -1.09339816617882 0.376756976014711 -0.148282395802641 1.42221072057873
"314" -0.082681740303472 -0.981478192240759 -0.947108414310787 0.76797254552714 0.315024450660054 0.932008781499141 0.799601701958657 3.48897106861107 -0.157433260551342
"315" -1.32020399049086 0.979022137191169 -0.273830941817425 -1.86058686090366 1.0314819777106 -2.4285391696323 -5.09100391480475 -0.763816765927414 -2.83369463079154
"316" -1.10341271438241 -1.82767287691445 -0.0162894027872988 -0.470092626840034 -2.09890667634756 -0.524613629285474 0.346437071591246 -1.38232737799346 -0.00583165457023221
"317" 0.303984554540391 -0.995005787910305 1.23974212281016 2.02571211654418 2.07620048629508 2.03840448115143 2.32419908647869 2.05702450061276 1.82645736452094
"318" 0.804711434258105 0.818024878509537 0.484051784917725 0.198373552339064 0.960043457902372 -0.202793157082774 -2.03850651631576 1.03575410236127 -0.629332652285694
"319" -2.86560497171742 -2.47249497392736 -1.63664173369869 -0.760682669123751 -0.639392234741 -1.32279680993596 -2.64843610569759 -2.02309769680252 -0.189492606868488
"320" 0.861091703270734 0.921733301762248 1.29843460571506 1.47416518896873 -0.771469225823019 1.56753619026628 -0.710224843025512 -0.65131675817829 0.992613389187831
"321" -2.96923496625586 -2.21489439501503 -2.53756320940666 -2.09688866991491 -0.817138870900711 -2.65594679201785 -2.14027996931702 -0.30860935608691 -0.694636661840353
"322" -2.84847915108265 -0.605449165322144 -2.3522780207162 -0.162259865931508 0.402947153502223 0.504759805117884 -0.818804956613764 0.772814857810188 0.144007925043397
"323" -0.611066021598738 0.358921722222142 -0.846888248807565 -2.87573977078445 -2.02215128638621 -3.35398435136306 -0.221142646223447 0.73822984058627 -0.352258833241768
"324" 1.15129347188571 1.53185704617067 1.40391293681408 1.25127991352788 1.56798014620497 1.39835948698889 0.82408292228814 0.231138992458405 -0.223222844275391
"325" 0.302839389956877 -0.398195531915211 0.0672489954541041 -1.40494395598784 0.493793751023304 0.455381477193498 1.09808398647596 0.980606562112531 0.915447459288299
"326" 0.463503365461652 -0.0929295393357737 -0.2129479606867 -1.32338244337919 -0.166795845130228 -1.18957852838037 -0.765383430976088 1.22774555888682 -0.928096894355297
"327" 2.68593575553017 -0.357035876868544 2.35970506248497 0.534711541716034 -0.120668282674056 1.9548246619798 0.940189396801466 -0.660184652625352 2.13893829536829
"328" -1.71625596833734 -1.75589301807933 -2.07150886490121 -1.24306105168705 -0.16574412496509 -2.68622810122395 -2.15077295419709 0.181495505053957 -1.15608445897087
"329" -0.538768528829146 -0.526735645942273 -1.53605870111541 -1.30289416582386 0.90851476983168 -0.0312727071028069 0.0678383977972238 -0.405209277696935 -0.36239223337617
"330" 1.4559187270599 2.22054692888653 0.860656593933825 0.213852482016833 -0.0781541291310858 -1.09528498967923 0.0076578967825513 0.511666855396569 -0.375427587182938
"331" 0.397936638934964 -0.242432089616257 0.482494788023948 1.48955525239781 -0.0770272306146595 0.381627697888742 0.538479347291755 -0.534549736174134 -0.982729317880785
"332" -0.824298031130033 -1.65036311787038 -0.138825123369426 -0.53183594670337 -0.662641729214345 -0.021263780882887 -0.316148448793988 -0.605862484373588 0.0351365231043429
"333" -0.122707925529413 1.41040807285271 1.28080892104407 0.586636751739133 -1.17748589942507 -0.0661055891814288 -1.40902411200696 -3.83046149692942 -0.579434174052459
"334" -0.824725381974202 0.481606465020464 -0.544994845094485 0.249455383817933 0.126460291509752 -0.250071053590197 -2.581939627715 0.237549075160941 -1.37820408329866
"335" -1.8764622640652 -0.476681401908482 -0.750581475399934 -1.80961088023136 -0.609961236347444 -2.0297593504816 -0.263457194699125 0.868436038387298 -1.9852823005461
"336" 0.786038747462413 0.777116158699154 0.690061728590944 -0.873049802194408 0.119572390631934 -1.06507228844857 2.70826921819621 2.03175878426737 2.06390679048505
"337" 0.412629576123732 0.0238131449537492 -0.984717615850394 0.346575222327519 1.19145721686033 1.49886595658918 -0.921672327938612 1.25153005057294 0.226964972069159
"338" -0.585366507398778 0.274515783514107 -0.222900591607777 -1.40108581827905 -1.5641374212024 -1.08341691303734 -0.0451274500808078 -0.194196197099085 -0.377360597296261
"339" 0.317697809846728 1.15768856563554 0.593343681996082 -0.53429645846905 -0.0653289198532486 0.498870665618179 1.11972718576403 1.55628719945006 0.029860815856847
"340" -0.5006650560331 -0.748483925920942 0.401364103397366 0.565227244070344 0.374340927574806 0.366036939698684 1.21453237062715 0.581731745821021 2.24961034961875
"341" 1.52908063916203 1.15654722555593 1.18589938358068 1.18976241059563 -0.916783827535724 1.25706692881127 0.586918081083672 -1.6485848402418 -0.298810160450247
"342" 0.513060532010477 1.72185242819729 -0.22750660108858 -1.78095359038238 0.628527814651701 -1.77265986379624 -1.85274886808805 1.18345149835647 -1.96320308092608
"343" -0.737771794203086 0.542990912451606 0.843724182824264 0.308731999820501 -0.641398953145366 -0.320931614660022 -0.527842829405927 0.62026131836145 -0.0135048643240649
"344" 0.48888160344317 -0.0452634161557752 -0.708814139401528 -0.978314803803063 -0.106211691966558 -1.27947115665953 -0.751359685048912 0.079809559225284 -0.294201330046132
"345" 0.437066928835158 -0.220590586756557 0.337339895798049 -2.06258681433012 -1.71586206172095 -2.2820012164013 0.856272622270681 0.583559710952431 0.927213696493153
"346" 0.230341586159044 0.222654343064589 -0.725370590050659 0.341672419398225 0.53511507042676 0.722586007807935 -1.24433284356827 0.911517099079962 -0.0656009290141376
"347" -0.134314502517266 0.264735803821085 0.0618840289849927 4.09381217591583 1.38491235263854 2.06011302675806 0.927238146970567 0.407998212308944 1.26802112464438
"348" -0.318081404176805 0.381977818569662 0.509067569395609 1.64234514821408 -0.102227990472756 0.838522803450725 -0.478262117331404 1.23788061186936 -0.0974978648706433
"349" 0.898939606018807 1.24577640811998 1.02222834561387 -0.216876562110192 0.856586673699205 1.13464747041395 -0.527089464835661 -2.44562878800782 -1.00169687378477
"350" 1.26778603795047 1.51707348643392 -0.0777690874820194 1.55122304141703 0.388173698936765 1.13210504056061 1.55864695206169 0.449854934588101 1.54243858948933
"351" 1.37345594423038 2.49985461284968 2.20949337413193 -0.889616559204462 -0.427371300293144 -1.20157169078232 -0.209280541351586 0.999924228792641 0.92887857997655
"352" -2.04137739214648 -0.410674805775967 0.509876032573733 -1.6099461776884 -0.166249109018192 0.0188995881426687 -1.3352889598925 -1.16073902607409 -1.00749304334883
"353" -1.71401558877925 0.252122832259189 -1.3674098939044 -2.27683654024373 0.59739686911143 -0.400111845013033 -1.91229333495704 -0.977568043941279 -0.385050034296025
"354" 0.173439907389988 0.487547092178656 -1.7063758479951 -2.22395190114535 -0.571758860700788 -1.975426460259 -1.84503493013105 0.897931298422924 -0.977319877085236
"355" -0.360695658045725 0.664524976440271 0.579402507877599 -2.34146746042713 -1.60304268567768 -1.02370424921187 -0.749573498395446 1.30261993815456 -0.434170402192938
"356" 0.745921580249434 -0.487605481065519 0.853964106217481 0.0561691865725158 1.01763276414734 -0.635492032693781 -1.35067361101809 -0.561746346400047 -0.702666698875404
"357" 0.487609886062313 -0.449437756690638 -0.863106514005981 0.0490549549895789 -0.0888162161548738 0.327145339018077 1.05701451012213 1.11070819782153 0.223198755266461
"358" 0.466174917435913 1.15201232160146 1.34461638952035 1.18376118507597 1.11338449649978 0.563492779382361 1.74941525637809 0.544074891895515 1.8837630900616
"359" -0.617036336367143 -1.2985326055709 -0.751002162222848 -1.31952060330821 0.692190013215709 0.557998522215662 -1.62455192922747 1.17205626535143 -1.40474159054121
"360" 0.0535371978228981 0.431382386172626 0.170586642586668 0.623106097518758 1.17753639979617 1.15059678552604 0.895263349798265 0.0309274412852931 0.0970531843804807
"361" -0.267259147957739 0.284765821329023 -0.407070242531349 0.163579072341425 1.59893874802728 0.17118043279812 0.0720964910033806 -0.433727725073567 -0.270966124005358
"362" 1.99591230076507 1.41878773999625 1.00946425078658 1.76551269768039 0.644394588435652 0.654115481111325 1.65352525514918 0.511646872501762 0.288164325555033
"363" -0.0479867512910329 0.552842478624593 1.24294198051302 0.97672465867226 0.0681477484234784 0.364214180933648 1.65737274630444 -0.608832707707907 -0.00494303164163812
"364" -0.375381737800859 -0.594185893867089 -0.178429295925047 -1.0013832084344 -2.04460177253295 -0.128785640305886 0.429326941919238 1.00245643919313 -0.0938191374108012
"365" -1.35802289620381 -2.6205163248351 -0.779021909209706 -2.44728523375201 -0.70502600102813 -1.95821971521449 0.745512536000537 -0.15024661871672 -0.658553120383284
"366" 0.0268188684009302 -0.173843390429987 -0.125197133923606 -0.102322266550194 -0.527805629993042 0.496186337654207 0.719740352147113 -1.07069154060706 0.427897372273818
"367" 0.774302960734073 0.753027808464307 0.895769829222608 0.393705008336916 -0.498683984803796 0.229151392776915 -0.400782640422316 1.17424402186067 0.369144102559433
"368" 0.212751216396362 -0.799556948404359 -0.0807868356704209 -0.729157839494201 -0.451839651401716 0.024851028051564 0.0312533667585487 -0.457736798831561 -0.182190198181369
"369" -0.0968289451766833 1.50652498344411 0.0729951089234215 0.711279950266282 0.45381146609497 0.625599925653411 1.04954880993051 2.56238461563948 0.119142093650731
"370" -1.05911064393266 -0.687076604327121 -1.70232300964645 0.131278595155711 0.567551166583794 -0.844620372560858 -0.183831936225493 -0.31547759568259 -0.0668374380834435
"371" 1.87208339373049 1.13296446634819 1.48357970646102 1.30450094756365 -0.329679503594564 0.969656320865289 -1.9580006984169 -0.854362742501968 -1.76654837877243
"372" -0.185964250539622 -0.463038804129575 -0.920225922263962 1.49714780074655 0.183707931211647 0.634275041442316 1.671593755345 0.763974564464448 0.386778529391951
"373" 1.57544539414342 0.883534159710648 -0.716852965089116 -0.165804973190544 -0.357720239848382 -1.27427883377277 -1.57370025487581 0.726415574885785 -1.44689993188839
"374" 0.516140186019532 0.18433609040198 -0.994784796002052 -2.56918698810873 -0.13282080651824 -1.33615369767915 -0.359224301417134 -0.630235123379066 0.176243104230231
"375" -0.341508557205892 -1.44436368789054 0.144311129871064 -0.279481662937077 -0.109039272785364 0.298618878798312 0.109035056536061 -1.30807455844119 -0.485196569555457
"376" -1.42056687253407 -0.524757280664235 -0.0461227187104762 0.675774307865646 -0.587177266066019 0.0110153250365483 -2.26348279298701 -0.464427115393267 -0.274876485568618
"377" 0.411299028856042 1.34018983292247 0.0148686010824985 -2.47234773434207 -0.84433061101283 -1.66152864706418 -0.0947278078538181 -0.639313284722204 -0.179658222822505
"378" -0.878280980069167 -1.65911510477714 -1.40985099968193 -2.62252326892754 -0.976812807639859 -2.33426655804303 0.279694967179715 -0.719941502826526 -0.173353893993736
"379" 2.46022040157969 0.0340995947226372 0.817176968345069 2.85042096744867 -0.0986424276143184 1.70355721288306 -0.321296790793225 -0.714733644919304 -1.69381183484801
"380" -0.183842802231999 0.67229420233712 0.621709747642372 0.558473606696617 0.577903950032139 -1.04968811708383 0.938300264399696 0.484248690850983 0.48919373515549
"381" 3.31185485883508 3.60720727343852 2.09332127880679 -1.50346764440725 0.311337008317263 -0.698840981208773 0.961590769210949 0.32920895237529 0.794818704361932
"382" -1.36053970801238 -2.04539583901916 -0.20130202812674 -1.32261571665504 -0.398037933800553 0.0862049488465034 0.228328270328981 0.185011768087789 -0.937473034360939
"383" -1.47615265503617 -1.13852783531424 -0.82541362847577 -0.229290877102595 -0.846876063029569 -1.04829250119128 -1.18754113038849 0.285285219712586 0.0340224421497874
"384" 1.20599720367505 1.44405134973873 1.84378897910456 0.398022924992738 -0.169393882290336 0.699986508138638 -0.578604676336556 -2.20893836254447 -0.0169043988532974
"385" -0.958476303002462 -0.900467298627946 -0.104006574185463 0.584937391958032 2.4732010710659 1.29022571550518 2.06202623589598 1.12125177349112 2.02934091896862
"386" -0.0494333050088793 0.635022991935848 0.302358598316607 0.649491006043904 0.528072983182216 1.25425298651913 -1.83412303334011 -2.59790448741463 -1.90449550366093
"387" 1.08003360545326 -0.0409506935013914 -0.111860328221139 -0.725762117615796 -0.786335653290834 0.474738988471048 -0.29268036301194 0.574956181025179 -0.226343222318034
"388" 0.249699335035308 0.046425627059542 0.138804317483007 -1.87817038351231 -1.30182139264314 0.153338110416938 2.09400329105199 0.491932806636599 -0.607920466386292
"389" 0.933759461390276 1.57906308920256 0.531204101606859 0.0953680788147105 -0.363238962035452 0.466811251259835 0.692745077160894 0.343860037866977 -0.406825149985862
"390" -0.334852701898556 0.461563356202044 -0.548947478197478 1.83404272499523 1.11804751336393 0.253659375164006 1.93644691411228 1.47386743814943 0.426279271242089
"391" -2.45980544610169 -1.16136745710949 -1.38162911879773 -1.23729609945226 -2.1907017054662 -0.974159742347899 -2.45902174356071 -0.987794903185853 -1.23580889924442
"392" -0.710958407317446 -0.837375250641506 -0.246888536340425 0.593636168590436 -0.390392879634415 1.14857117742117 0.391222168755425 0.190786252176344 0.801895877467728
"393" -0.320387001461532 -0.256037869240597 -0.193849482700204 -0.147504717754368 0.464455496793726 -1.49716914410669 0.0454701343246862 -0.197568681771933 0.00425672648585512
"394" 0.720730995240317 0.251428425289923 0.154428185231665 -0.671742636913365 0.278344367518269 0.749207733005821 0.781282322964608 -0.0969443572958107 1.34417537093027
"395" 1.93508580669953 0.422153730884581 1.05441647960245 2.1741152700787 0.535572708335705 1.64763922486437 0.0418587089803153 -1.07878631763248 0.549134204049317
"396" 0.247095396173474 -0.45893967723109 0.793719783599959 0.747942679794976 1.51998661104315 1.66601452295306 1.39198227479943 -0.019441326216488 -0.951594987519975
"397" 1.00081568889125 -0.676352893941178 -0.508159447748807 0.86277045473303 0.514226580878083 0.358254626449404 1.08831439721228 -0.356535166102692 -0.527962640145665
"398" 0.441417594923861 1.9597565501972 0.253918747439323 1.08380412774142 -0.0440064291147582 1.26685653170566 -0.362321953615295 -0.329523793565639 0.0479005278055619
"399" -1.07001733110437 -0.192301830599337 -1.22067723819096 -0.242387121116074 0.786204947201923 0.171794440820219 -1.31199325820062 -1.29344147995849 -1.00260653188434
"400" -0.494040941276692 -1.01774372832346 -0.0417097927668702 -2.25971973773045 -0.332901631284086 -0.2308727006771 -0.515164306560633 -0.4065169464513 -0.943099823583346
"401" -0.941656688182721 -0.2472445965774 0.377148957432962 0.607895396333171 -1.14647748496638 -0.413707766849654 -0.433516325751844 -1.17187270232781 0.751451256057391
"402" -1.27980723306019 -2.40794548779719 -0.288388310478244 0.270505505975994 -1.09762137194692 0.573198941686245 0.281988046696715 -0.328153258001212 0.279444749508895
"403" -0.670630966160674 -3.17062472571459 0.46088969553287 0.33452482170537 -1.17438925888421 0.680640181687933 0.138993594080025 -2.03375158012626 -0.278758425278173
"404" 0.62743921629904 1.71332833410994 0.835775708768029 -0.000305925845915142 -0.491196391252289 0.352102155649309 2.39548685167719 0.0977721703842599 1.21440814944646
"405" 0.024555313712102 0.258555856282167 -0.405594536863376 -0.0337865188902878 1.0903203520888 -0.379614212039932 -0.0712823533883155 0.181050441643379 -0.367824840049958
"406" 3.2945448764775 0.370783871272115 1.94089893835345 0.290532454039736 -0.884283575398075 -0.171083581631012 2.26511860122817 0.940332067683126 1.56239094361886
"407" -1.7336857742917 -1.14050583787504 -0.0269161209192079 -1.71340555105851 -1.7426707784294 -1.99221785325082 2.48380407852824 -0.759002259636919 1.42048295934156
"408" 0.998511113162315 0.332962272811489 0.840933997433367 1.26790856407264 0.320947414634047 0.777185743435767 0.0639558678006974 -0.0375123827142728 0.211251020760988
"409" 0.824719287843044 1.01929594569757 1.90374351170682 0.428325406895899 -0.468003426987284 1.36337778232096 3.32211714807916 -0.36644534095283 1.6950963014434
"410" -0.713255824071408 0.215996002519392 -1.12652470892093 -0.044129735189861 0.337167888932738 -0.247302052406012 -0.878268472061869 -0.0637861740649388 0.060192390416447
"411" 0.174433680641453 0.665515901774319 0.105271863498826 1.03346555847218 2.31341715052851 1.15494145344543 -0.934957925222077 -0.0956511370764141 -1.10881102698593
"412" -1.71087630421848 0.128637782353253 -0.441295488716198 -1.70321815137502 0.439185334893797 -1.24240275609247 -2.4545160377289 -0.529928757113189 -0.77145735225092
"413" -1.50146220218813 -0.660764420171346 -0.798111771125478 -0.873214163152167 -0.366396555039252 -0.0522423531306177 -1.16260011974674 -0.681614957704328 -0.611422006773887
"414" 0.388916156286062 0.462127644131103 0.947094596119664 1.45137471390106 0.478481372247316 1.04749076627531 1.10581516005818 -0.0863111783798823 0.0649257121232623
"415" 1.99710951270323 -0.766047944195535 0.633013922036427 0.673125787840372 1.66987515946805 -0.28398828351345 0.924150660305357 0.551353624271736 1.58866712913651
"416" 2.41630123849548 2.6783165138381 0.729789343889213 0.997851807130258 0.797926464981896 -0.0310708679711008 -0.535012665026273 1.20403808891396 0.612606938495919
"417" 1.43770311287434 0.852094580118639 0.621396056088255 0.214070380787359 0.304456633289333 0.615893795018851 1.89783286764879 0.665288811873449 1.5070221593432
"418" 1.21203549290781 0.278128346221388 0.979726447285562 2.12162349726133 0.102794544027789 1.37877207527158 0.953050065595557 -0.661496741568754 0.257277379491969
"419" 0.000928996308639685 0.915722928497857 -0.409831500761185 -1.10497331725902 0.590633596431226 -1.18572673445168 -0.870339577526023 -0.887146293417829 -1.04107537073806
"420" 0.122374484378027 -0.927024742322751 -0.959993242766865 -1.85578609682928 -0.729082429767952 -1.38276779736566 -1.74053522128327 -1.23587070194191 -1.23502696264472
"421" -1.49581882179924 -3.18328544208727 -0.611521013787894 0.91694604168609 -0.710166979756419 0.463141716401241 0.101711570362367 -1.39047836493091 0.188719679360037
"422" -0.334462573858761 -0.0164631596909189 -1.22936895939426 -1.69892583447416 -2.06508742917177 -1.35050367278485 -0.413371295232078 -0.196794058853837 -1.01380182131147
"423" -1.54213605549896 0.147060970114648 0.531358204877095 1.56257067080445 1.61815963910058 1.64150270498597 -0.360931735129436 -0.177425683816187 0.0562684435957413
"424" 1.2179248696677 1.61313284959993 1.39484629246018 -0.258082403414001 -0.26411147833931 0.162593288385653 0.96263631303397 0.572663350859709 0.649433875952132
"425" -0.498935243887757 0.462253131097658 0.427410796340602 0.389906249575761 0.383877347151794 0.214992262856127 -1.30072255318569 -0.374301823737675 -0.263467135160264
"426" -2.24110174323338 1.90154849042709 -4.28336605048028 -3.27775939719116 2.13626817764019 -4.27273269508329 -7.19886723492377 1.75312320784742 -3.79833199842548
"427" 2.91258935509339 2.34086219178109 2.87659147443326 0.398605579647318 0.319179153492165 -0.230118335411939 2.85185793610071 0.914734547413242 0.905986823509666
"428" 1.19849861574972 1.21730796992291 -0.657913676985523 1.82212771426633 0.85203881446588 1.06166363414866 -1.24360723535315 0.413526700866882 -0.690865285861267
"429" 0.547675727245277 1.8089248394162 -0.100675261429844 -1.73580990337289 0.82847366508936 -0.129401939682652 -0.154399169521498 1.1056083951854 -0.523204395485668
"430" -0.916645743564998 -1.28775951779514 0.586367225328319 -1.65475702668283 -0.2109550124842 -1.20788118278931 -1.95655209473994 0.0322563293698346 -0.112938177587293
"431" -1.97495813543224 -0.35962092729971 -1.40430416928203 -0.561336766096151 -0.119828533799508 -1.64758035750375 1.10800860586397 1.50985234059457 -0.418461412569489
"432" -3.82167404008063 -3.41134484812828 -2.70873429465445 -1.77363843172721 -1.29576261944992 0.123384709353624 -0.371941548851478 0.426980448049572 0.648656813204968
"433" 0.212787214412758 -0.403147718266648 0.55692908156218 1.69284879577532 1.08739173989209 2.3673576105841 -0.0624614704919456 -0.378335667388422 -0.613623491406726
"434" 1.03278381495964 -0.269527954927155 1.31284603058472 0.0461017078123288 -0.254404069259543 -0.172889033159384 1.61869275695688 0.453615528495358 -0.108728315476144
"435" 0.126637987276068 -1.04038786466601 -0.157547544425746 -0.430519397305901 0.202211192689269 1.38782026718659 -0.0291798531942876 0.696807758912559 0.0716562725773021
"436" 0.0185750626717601 1.45300098011187 0.320531713919361 -2.06562620697336 -1.13084653126439 -0.373667742805935 0.956298126842672 0.239276217500936 0.00643308500793949
"437" 0.273278146905892 1.61385310910787 0.840937861836484 1.24728876030639 0.0939422191094897 2.12776907761227 -0.636156501626172 0.724386880754262 0.569454448589441
"438" -0.332519915782168 0.0152926204403068 0.139069406794533 2.20344690465281 1.48874193479376 1.58871564738487 -1.18438050146645 1.01343001020102 0.964991056698846
"439" 0.434310857453292 0.927134797488585 0.717722646015764 0.732651515048806 -0.795484659538772 0.470650829670212 2.23251741899142 1.14214296554607 2.7090242314738
"440" -0.418247734570782 -0.583769930461642 0.456981443857513 1.04895616502921 0.451841211678875 -1.09071489389669 0.452567264711668 -0.229108007101053 0.381750712799478
"441" -1.56292667341945 -0.651834026148154 0.364751375354843 1.51031992515234 1.05122712965922 1.93815318552279 2.28290136495506 1.11753575406332 0.150787231045493
"442" -0.214755258059863 -0.416499497068535 -0.428998267248914 2.29969046355467 3.2342746382396 2.49470036242126 2.59947223018686 2.1877818156019 1.32645289432893
"443" 0.220873324889876 0.636440035793622 0.138734468781573 -1.11602618615147 -1.10386971817347 -0.643170404274136 -0.0210222628948133 0.803066879275814 -0.210415663621116
"444" 0.664609801235182 1.1266870952333 -0.913123606778869 -0.178501510108392 0.905705266693765 0.588177082768007 0.267754275163916 0.714311222863071 0.173785430778297
"445" -1.43876994943026 0.426105039282299 -1.49129355750117 -1.2359429380706 -0.241574351968394 -1.84013337789187 -0.867145875145387 1.48726919836155 -1.41131567770558
"446" -1.02479011420961 -0.970021351664176 -0.366872759652124 -0.578958950970853 -0.832150443893713 -0.568111188375045 -2.53515643867611 -1.30848607455736 -0.454272682334124
"447" -2.37344573745923 -2.67484796756703 -2.07954190471949 -1.48534325562846 -1.62983779954406 -2.02587029468143 -1.49826027393447 -1.16960503338219 -2.82811214662062
"448" -1.41528826429223 -0.209437030959163 -1.36014128620103 -1.19898146657124 2.18541417994779 -1.02218168779354 0.538354529557238 2.61810804037829 -0.547780483634134
"449" -0.128005611863527 -0.878316657037627 0.0686727227574379 -1.73426450467799 -1.75869663032643 -0.0655903534739986 -1.28993593924343 -1.36636543458229 -0.41261079151465
"450" 1.47046959842857 1.29769358024595 2.34988183850451 1.74178668055907 -0.0257127752368058 3.50908054157123 0.752357708134466 -2.78210939815052 0.45212964966734
"451" -0.585517971663265 0.375794918952262 -1.71455783683317 0.58920099187263 0.789220830892728 -0.591475049844399 0.615674736532754 0.522692369443233 -0.104512639281253
"452" 1.48693680023827 0.379683309187137 0.693771560569135 0.264227180822175 0.699732488466669 1.28608809061145 2.68844982179646 0.964464180084891 2.17896723131061
"453" 0.0823706425821184 -1.21422409625505 -0.0496604868398414 -1.50686441485013 -1.13294737199524 -0.478395778806714 -0.539653791339801 -1.12302781050852 -0.517045319684341
"454" -1.27788837215821 -1.05266142067662 -1.54065324019077 -2.0386354208184 -1.57210125206924 -1.28468803974854 -0.730459215808715 1.03418597148886 -1.34461850818341
"455" 1.15551598226907 1.29199089063192 0.316256165615824 1.41865685069693 1.0691330400652 -0.371312136333396 -1.47432818668982 -0.984381453685132 0.288156881284311
"456" 0.526583374808817 0.266513429848311 0.719420547154888 -0.0971818382742207 0.0893339107963319 0.116976080065498 0.600043512645915 -0.624106402562107 0.546328486375239
"457" 0.508072963386815 -1.15256339980034 1.33004666023517 3.15590043357858 -0.0987412370904805 2.13323444885021 2.83355264537054 -1.64589421800239 0.93985459289953
"458" -0.601707819212047 -0.436386385124921 0.34289528741447 1.15948399258674 2.57252804306997 0.782847559206666 -0.377155584053189 0.648357289287267 0.700076171213533
"459" -0.32930903603097 -1.18926978116035 -1.32456298069241 0.0341404927852977 0.123782753931009 0.676726039258866 0.805755517305978 -0.627921365573566 0.109494755869592
"460" -1.09296256143607 -0.808615125124294 -1.00089215545034 1.53846766518887 1.33868581003128 1.3218815551893 -1.1759185308794 0.535437211496868 -0.61432788157527
"461" 2.55180354916182 2.75005878004379 1.69245748707489 3.20682423186008 2.14289307474162 2.23444221081284 0.382887781701849 -0.754119452950388 -0.156238742267108
"462" -0.967528248645193 0.0751076978345389 -1.54453494370071 -1.73342483233803 -0.390466458687789 -3.95255390612846 -2.47483638019767 -0.232400620136525 -1.37250892511002
"463" -2.44197670457764 -1.11217104977393 -1.60111537150575 -1.56841798870391 0.843318271641485 -2.56603543925782 -3.08313172629836 0.293793425078054 -2.28810532961632
"464" 0.672882228286804 -0.288034045575944 0.403569454947726 -0.0456884191395509 0.242682753117991 0.296979885562156 0.728114904859982 1.34777036746782 -0.0314573317449951
"465" 0.505613232460885 -0.27452642817485 0.140957329080622 0.865302600795549 0.948557123411811 0.797950508969264 -1.0236363510473 -0.983860459649589 0.462094030620787
"466" -1.64148655678867 1.05627872400171 0.689951076917286 -1.05146366739566 -1.13526123612397 -0.786984255613734 -2.6690957248316 -1.03003536055222 -0.705150034568999
"467" -0.885493569669226 -1.37764645861879 -1.89207615130654 -0.704610636139237 -0.184966978741059 -0.909511579325449 -1.61999357967677 0.414800365080283 0.0450548571315408
"468" -0.266654501371924 0.688023128377187 0.801526281963385 0.794412210724559 0.920518203520813 -0.602006978747524 -0.821391828404003 -1.01985476818119 0.455482973676291
"469" -0.0401487297773411 -0.590874821699819 0.800772596008786 0.25927121982308 -1.04789036589867 0.449961062386434 -1.3189030277925 -0.365273626449351 -0.141972383105614
"470" -0.697764298239546 0.813232118099267 -0.0986876145072907 1.1660998764602 1.85108283776925 0.17084286023521 0.290700798085106 -0.270657321553577 -0.321040098695343
"471" 1.1744995491383 1.31257523873328 0.874738161995547 -1.21004343796307 -0.0664916358514457 -1.41847585633761 -1.13897826375276 -0.238947420714552 -0.614178109861672
"472" -2.30764557013396 -1.9927002576025 -1.12780492308712 0.37193225475234 -0.628587882971597 0.375781978883472 -0.956459862437453 -1.52500826674041 -0.020695107423434
"473" 0.749319762041999 -1.08242853097748 0.119918425202046 -0.879813860596033 -0.923380691258124 -1.31005090054984 0.782890699861927 -0.0383767162070866 1.06901788725322
"474" 0.495857685093703 1.5938397608606 0.702449935269033 0.770065578531866 1.99533491149088 0.580529887017219 0.912972609913084 0.930209262891291 -0.252531826047725
"475" 1.01942109299702 1.02699710665836 -0.00577691089034316 1.57740137978342 0.902514757719297 0.0387305527764978 0.0147242895438177 0.687905741900722 0.657879706332195
"476" 0.542838955328243 -1.26333485856842 0.287674442346737 0.296693417210181 -0.883262620139314 0.28311274588077 0.00081414841022065 -1.46592231769536 -2.03015515561423
"477" -2.83962818767788 -1.38954638012782 -1.84312613629794 -1.43679164513417 -0.443942098370669 -1.68201098547521 -0.457551799429548 -0.283711100693842 -0.538743089046235
"478" -0.789290079801805 -0.643902913169595 -0.0621188708404614 1.55552982671721 0.610679180190164 1.65713694622563 -0.442103754126579 -0.217498209446311 -0.432869122655822
"479" -0.374962440195849 0.504733490421732 1.9149431038415 0.0976836636030687 -0.875548896471376 0.596251214983614 0.934766221294093 -0.249223390936636 1.13283372831316
"480" 0.0791449549079211 -0.384044989667449 0.622919636411298 2.32295177800037 0.181300927992544 0.51974932051276 1.13352965290879 0.611658494895358 0.755347063486801
"481" 0.927956431275069 -1.46400731030556 1.6840210449124 -0.0098823941499897 -1.89627745827222 2.23096229260416 1.90416719975959 -1.69536704007986 1.44429292313941
"482" 2.13379264443632 1.19200381769718 0.447747795313071 0.202321432356958 -0.199922194968247 0.348161790703583 -1.37569058752278 -0.677957060119813 -0.711130264002192
"483" 1.15043109377831 0.6980110546494 -1.1610739797379 -0.201617255249281 0.996886853315736 0.83345368974709 -0.0776674077680446 -0.0315744260190297 0.491736851294495
"484" -1.64099997274087 -0.70633278549336 -0.882256465583015 -0.535959126666677 0.575666369421684 -1.76901589739856 -1.54074670857131 -1.15186067755064 -1.02561938812922
"485" 0.160665212111667 0.919019886982541 -0.611991763592685 1.81801395305959 -0.280005477036258 0.983692015251281 0.510474526339061 0.765878860162703 0.144879014680702
"486" 0.428713493351594 0.570557199468842 0.0389026946054834 0.251384994987256 1.09501198371351 0.374809248099946 1.5108218715704 2.6183559526801 0.00362453619155129
"487" -2.10933746349925 -1.45271308941585 -2.25299363061732 -2.64667750735212 -1.43375495332353 -3.31888966536523 -0.985009331631641 -0.674787915919101 -0.852154794424327
"488" 0.00240541669468153 0.652423716152835 1.65399975482133 0.926403489704897 0.636960435546647 0.696953784894051 3.88880300265332 0.768001099692288 1.2503704927606
"489" -3.7595255003743 -2.25086780466061 -1.34033705955259 0.328950809038897 -0.928270452424172 -0.336298319846077 -1.53352474476658 -1.07464537683318 -0.528553514795327
"490" 1.91950611785533 1.01877122795536 -0.0120200767082251 1.73301200392307 -0.345164912261094 -0.540593879719797 1.22299894132786 0.454317215896205 0.624630946673175
"491" 1.55080294664008 0.773787968683682 -0.371001690331051 0.720361723638814 1.3468289218575 0.9039125060588 0.368504036461801 -1.16228981307065 0.200329137009233
"492" -3.62827967477272 -3.54804173172941 -2.35441385073817 -0.727452165061066 -1.90678951679655 -1.68696883995937 -2.39054710925757 -1.64287734039794 0.121062555944313
"493" -0.859786296035107 0.356409326327206 -0.656399959906772 -1.62425069032214 0.20073882660874 -1.50211446428921 -2.00138729349789 0.12959282258767 -0.109772466399166
"494" -0.817052217875921 -0.669915813953383 -0.207450208185187 1.33834079453832 -1.30912506768422 0.416490146067396 0.508419197656289 -0.767988329535173 0.0223246929812699
"495" -0.361124406640945 0.0354560285944619 -0.911255045639357 1.59672783349391 0.502612162235906 0.0732575523524268 0.23016524870613 0.0255489962936691 0.990228215463387
"496" -0.367626332401674 0.57766810497553 0.417015102457182 -0.904034372483951 0.205683225926636 -0.210110818929048 -0.938413733959988 -0.510740828778062 -0.965594935218591
"497" 1.08678782330461 0.309899417037305 1.70242319340313 -2.2550349658584 -1.09198199952854 -1.32251227247581 1.38496610773279 -0.426643691824941 0.210034447619837
"498" 1.61152788301538 -0.568456926597922 1.62470758967497 0.0552389056936782 -0.179595909666458 0.942361131748896 2.4400032055399 -0.837193126074016 1.1819269090244
"499" -1.34921564550052 -0.556102483076749 -0.621833937155863 -0.267674426550611 1.52844821182869 -0.564578062994703 -2.50406646555216 -0.844329658086106 0.0969366152289688
"500" -0.102891481335033 -1.41271793095946 0.0545977150403766 2.72928337320797 0.225512410361224 0.905607211277029 2.41886346777814 -1.15150964670783 0.579309041421249
