"V1" "V2" "V3" "V4" "V5" "V6" "V7" "V8" "V9"
"1" 2.04675148807137 1.78305256851352 1.43779597141349 0.638800413276197 -0.913653795991662 0.36867209924416 -1.54837065207342 -2.20048309797639 -0.883661370670423
"2" 0.489300374157506 0.0536579731718472 0.76221618862663 0.707111215284641 1.5147253804466 0.903590350393724 2.45003625002605 -0.349323719284232 1.25207038650778
"3" 1.04891312323534 0.730757487186118 0.463872312769633 -0.397153854371011 0.792924491661062 -0.726834465624339 0.634856252968215 0.242130896744018 -0.26036896187839
"4" -2.8421689849017 -2.61630799451764 -1.76738507619075 -1.31671720597034 -1.67423679878865 -1.78194743836521 -3.0673566507399 -1.05200626371508 -1.29361328490073
"5" 1.52765283587418 0.0796874119481531 1.08267510201808 1.83376884782169 -0.0551615335405855 1.3556143081569 0.140122354360803 -1.99006692811463 -0.357540866137324
"6" -1.75436862028803 -2.21653173476854 -2.25455156284698 -1.08030657589467 -1.4193570497861 -1.92767882517895 -1.49559818149505 -0.414966005532062 -1.32092494626601
"7" -0.327404926968942 -0.963121821605937 -0.294715147829557 -0.311529102731789 0.108042833979437 -1.09436513708945 -0.871847126199912 2.37823382437096 1.0911620360138
"8" -0.154323207907247 0.0924159068859844 -1.05335340335974 0.487204966448798 1.17679078860845 0.795235945956206 -0.810728301571748 -0.223253149158031 0.0256319165592607
"9" 0.0200465226976446 1.16533417111025 0.307638359969024 -1.76272687336265 -0.0312033115425521 -1.85338155725058 -0.860076222589171 -0.404656350575579 -0.63883199132155
"10" -1.68896999684778 -1.69662314170525 -1.54814930799621 0.0708787790057338 -0.433856939342354 -0.0576106202038367 0.891249464187328 -2.33788373113198 -0.252128003269101
"11" 1.28932627095385 0.532909779937381 0.704411628786315 0.105435281606128 0.302470072659578 1.22836538308227 0.795135167830547 0.458419412385366 0.65975504523025
"12" -2.32269301328784 -2.19025372207392 -1.29103083496904 -1.99771787424012 -0.121599477859848 -0.40523427102361 -2.40448646218631 -0.876714559262586 0.190642964998212
"13" 1.28406423371171 0.571488056345028 0.408380009263314 -1.59074200525871 -0.0245982737842987 -0.235990375101527 0.6325170316046 0.646888676600743 -0.142126360270895
"14" -0.92444014347693 -0.801416503246329 0.431728108255925 0.0614990401444625 -0.498360341569351 0.18823123293033 -1.28713669211251 -0.00396734420218747 -0.0583374606573431
"15" -1.838214527208 -0.28172343403804 -1.12873062556456 -1.65440900734898 -1.67337122773079 -2.13524151522837 -3.15521190472182 -1.24649155298892 -1.46419290540795
"16" -0.515457778514933 0.905312178841661 0.178349170082939 -0.261433362649424 -1.02954813045059 -1.2659320922885 -0.516164492376075 1.06574999313597 0.465473237703739
"17" -0.704187180939576 0.328984689294299 0.390852599491529 -0.229869323879497 0.0805683494174474 0.408485954617762 -0.265663400644985 -0.312955967257672 -0.288946866022925
"18" -1.01261707896822 -0.650281219690816 -0.239878983435739 0.646574752623223 -0.173067110519546 0.806476888130421 -1.74682844022945 -2.15001818624776 -0.647682856860008
"19" 0.787441217830177 -0.575632219544453 0.111071895503087 0.338285588683459 -0.442798307554051 0.276803426128392 0.340809067661187 -1.52672566620499 -1.46276700882268
"20" 2.34177350551529 2.68766274314093 1.24035786581855 0.622378806115898 0.279952349236481 0.68484566743735 1.82814527047678 1.3133670815169 1.11916207294206
"21" 0.888067752129841 1.33328654640892 0.20765355578643 0.187445367364379 0.216281852663989 -1.05335397406086 -0.512421588531106 0.884884919013435 -0.586744424123629
"22" 0.587680341071217 1.10377518284148 1.10385337038401 1.28753120107597 0.844664469764163 1.45384391019518 -1.4229845597307 -0.547015713235345 -0.805557738555025
"23" 0.693656324740914 1.69554208510705 1.55302994606016 -1.17257339283372 -0.169099245236715 0.0899635825885269 0.97276009431833 1.12330112298798 -0.0727676326605133
"24" 1.21702326243848 -0.571017277078814 0.565257621008721 0.255906345315513 -0.754648047038175 0.100566253360709 -1.57177884312395 -1.70729327819902 -1.10335207209038
"25" 0.011066258008687 0.70521330428208 -0.4163019575628 -0.0925383225950255 0.605322404756691 -0.167364399289816 1.32110393279783 -0.240263828069412 0.510174424920295
"26" -0.349306122719042 1.29418451183615 0.896797542666014 0.299185863442019 1.39976257787171 -0.431800677406728 -0.895476928821983 1.14798103860135 -0.481657589999792
"27" -0.47868340959328 -1.17588033436465 -1.14416601054721 -0.849537291523564 0.578790311499038 -0.158829112897082 -1.35436130681445 -1.45456286264121 -1.18227104250947
"28" 0.688197872100582 -0.278775020316534 0.0888650908746799 -0.187090776810941 0.172348208279483 -0.160527385496868 0.902235850844374 -0.192023219980684 0.083807027427044
"29" 0.0464879245466667 0.631910262805008 0.212201046982658 1.16635740820453 1.20941661514425 0.424720457431464 -1.65636519473989 -0.336290632367683 -0.529770279385782
"30" 0.236780028914448 1.23781530630955 0.484867313458134 0.523386045766612 1.36267392009963 -0.348855062360434 -0.666875206990462 0.808637483566651 0.321152919953569
"31" 0.367727888559564 -1.02309873466499 -1.00948190069108 1.29788254296421 0.485923333982827 0.973038807138792 2.94443359704646 -0.611607938087818 0.311846667162522
"32" -0.941299889627845 -1.70361719663234 -0.273371464799086 -0.311539751779639 -0.100132326680066 0.0312398640488104 0.251861395867254 -1.27501346434375 -0.547701413701952
"33" 1.949515465763 0.610600187332466 1.56302284045438 1.61372348192663 0.314197093098877 2.2597611966713 2.0709511604087 0.184745039273096 1.93612202034322
"34" -1.42978611244664 -2.13720077779525 -0.290342145488941 0.737093943706933 1.4397385697972 -0.0400921649350046 0.527532966468955 0.39438264643146 0.0149850044906147
"35" -0.104758771212032 0.480199948290728 0.154474649775539 0.839910562476507 1.00726624884566 -0.211707521379367 1.33294937887435 1.87226746073325 0.356450083820501
"36" -0.654355771057704 -0.585135104201559 -1.03982483325134 -0.240174607150123 0.175142675919409 0.0150460859165382 1.18153036122564 1.73402415405826 0.551209215672428
"37" -1.90970794730153 -2.17104797684003 -1.66574869321492 -0.808789501655905 -1.36451071650051 -1.8717107436989 1.03084832070554 0.584501933927116 -0.401230310581318
"38" 0.614716098808138 1.29633011876916 0.828040430235488 1.34876332324426 1.52626814048061 0.658696916309497 -1.47503961467287 0.769713572171977 -0.121655467801264
"39" 0.372604242191112 1.66399300159663 -0.47373755659808 1.9085808447991 0.73305937045748 1.69789461173811 2.39161399486522 0.290526396374096 2.43295140409068
"40" 0.00504046320661339 -0.748144761640169 0.573635431271957 1.38545595139172 -0.245219927711347 1.37893599332107 2.68970393931574 -0.94271406175407 0.675427406901087
"41" -0.448869472353217 -0.783569368170702 0.313302935229539 -0.419388097380917 0.451708486807232 0.610363097250884 -0.44954759475709 0.639238724361089 1.19416835074992
"42" 0.693173668544511 0.308866739257877 1.27060979345281 0.846581027653649 0.936502904507402 0.944061058219852 0.00211723533818908 0.247362515414535 0.361120782864247
"43" -1.27910197141468 -1.18307007843614 -1.42789293159 1.52699113450591 2.13088707226709 1.22503203441824 2.72090200940086 1.7056001201924 0.42184267347117
"44" 2.05540807783972 0.608221574401208 0.182568337091597 1.9082972424238 0.314987380580097 0.936722783244868 1.63358138043155 -0.991438415326306 -0.281652130496076
"45" -1.02318694835593 -0.416188525073238 -0.456784506771849 -0.337234378796674 0.434361200032264 0.0378233051936504 2.63567341058168 -0.164675499685734 -1.19107986723902
"46" 1.49279949104272 1.61773606353077 0.764187455421246 0.730639835677888 0.630664389010834 1.56863466825605 0.302472138574474 0.719745751064626 1.75997449407038
"47" 3.01014090537315 0.519129356951407 1.39508710021523 -0.210109094666008 -1.49319309520849 -0.328464011836119 0.559985084709178 -0.185986000709041 -0.291519036472765
"48" 2.31856891614683 0.982331591310668 1.29551303681885 1.85189583940939 0.140817506112086 1.15045385325873 1.05729683478054 0.0997930451925085 1.95969699306858
"49" 1.03186811036676 1.47213019624187 -0.0190774400726139 -1.18529573674265 0.33794626822426 -1.2446620744513 -0.562064744491119 1.42499659535138 -0.188129187543472
"50" 0.0900718231543088 0.982128201434691 0.529504552665359 -0.732876221959621 -0.356122684159226 -0.398425822411654 -3.36582223280026 -1.88216396379308 -1.32923501021927
"51" 1.74782868111671 0.829257357438185 2.5009531421072 1.30422278566286 -0.536929311128883 0.998657606926848 1.79790831581178 0.0641629586315515 -0.396135819511025
"52" -2.64008773262333 -2.6109532255403 -0.642224349280918 -2.17013770264659 -0.669310047560809 -2.36677378596193 -0.797831247923601 -1.16601971242471 -0.806942952114078
"53" 2.68384871104039 0.978539015692011 2.053370097662 1.44113333137796 -0.338392648825666 1.28602799267882 2.46850314023712 2.88381164180161 0.209164761221364
"54" 3.72371900958255 3.88438241057022 1.73436035476543 -0.167197130648384 0.764004826977867 0.212470521210943 0.593459495839861 2.12973633507519 0.669166223235613
"55" -1.29126250904514 -2.11584663478425 -1.2989447311257 0.246898010083348 1.00872956620474 1.08926951900793 -0.707415122002989 -0.70771039870067 -1.06195308246653
"56" 2.12566532535842 0.66900248290332 0.343626828138846 0.0924094883180705 0.571098632385317 0.495630986530958 -0.0750335217122329 -1.25570810921855 -0.261099858170408
"57" 0.321558705635303 0.646165287304734 -0.669899666716286 -1.98175642854346 0.527794187580504 -0.858252838022748 0.0920395284116081 2.00287806924138 -0.379597265377592
"58" 1.46213265776285 -0.801768106504253 -0.0402850454547079 0.0436819372320812 -1.74383824645872 0.605345012483218 1.36018729877034 -0.257876273676251 -0.221313618621816
"59" -1.29153726464044 -0.671592274231258 -0.530994854365535 -0.050096826943657 -0.376758523468711 0.47525214117643 2.35288277225494 0.689088674971539 1.59059664857918
"60" -0.285964367381661 1.27585824717798 0.418734104813387 0.196704806827475 -0.828928296192283 -0.42055357954316 0.0110550188919146 0.820201595591203 0.966010514246829
"61" 0.136319218861501 0.973453089954831 -0.3542743167253 0.11299711385498 1.8701686601499 0.270894408354033 0.318246338808159 0.00108702299992824 0.360585730531295
"62" -0.753541624336903 -0.520181086033478 0.228683813975736 -0.498133110329066 0.17921421732904 -0.530040966986998 -1.66027451831179 -1.10140984221928 -0.96131764377332
"63" 2.06874121330616 2.21543872852544 0.295608585845773 0.275051607747867 1.02673459600497 0.610290235157019 0.378688349204805 1.02413622387623 -0.385749595472121
"64" -0.714405872148066 -1.05938118755679 0.271325612740948 2.66589616227003 0.675047289589859 2.72344785398282 0.869730951978283 0.766857082212191 0.285273828253533
"65" -1.09479278152207 -0.713646826684722 0.121382521024094 -0.22995043263144 6.28393168605745e-05 -1.58379056001833 -2.15683501147961 -0.67353084771353 -1.18679371870587
"66" -0.0116242192526231 -0.354065201822914 -0.712403388349131 0.363586483614222 1.2850092048305 -0.159250990801961 -1.11383976822069 -0.442837836225094 0.506190793789429
"67" 1.13747151128626 1.77412261582084 0.686077702209342 0.791174591485736 1.03209918929958 1.50871869649453 -1.35094916658197 -0.385814948503801 -0.346645744808916
"68" -2.30474504173094 0.658472231191781 -1.98906465799379 -0.147231837753578 1.47029192255822 -0.772666032834649 -1.93826444576395 -1.14036118058541 -1.48465459934943
"69" 1.79546570374239 1.41503780554193 1.93794621013053 0.998425517681818 0.296414598468924 1.30429530951499 1.83352347397983 1.98331413771933 0.199433915718938
"70" 1.27917014052965 1.16156799587178 0.293767780827328 -0.32868113993406 0.0600678717413329 0.747392632852744 1.31997372973056 1.04520059117144 -0.453248559742717
"71" -2.1013221002472 -1.09432210355262 -0.783525363896658 -1.09322483294382 -1.04858921864167 -0.622281433622168 0.223540221301885 -0.907435677612437 -1.24384934665993
"72" -0.949006668582809 -0.68650067059873 -0.641799248307403 -0.699282114934421 0.494015196439344 -1.93602166810459 -1.45647242910492 -0.00710159762456181 -1.32782065592019
"73" -0.652488935748662 1.03625175812047 0.0281290967367988 -1.31871379545804 -0.151019450490341 -0.603596484381337 -0.73597741609202 -0.521618802672571 -0.686860142270566
"74" 1.21214265040308 0.316238018022387 0.71606290852731 2.43252591696487 2.02450360716193 2.61732060348072 0.513036405095821 0.187218609743132 0.623495947998982
"75" -1.84909513079756 -1.76890145550436 -1.00306674295474 -0.689404978166404 -0.906355308291394 0.619472435841411 -0.116564460662028 -0.596965587586396 -0.492999320889686
"76" 0.029684350290584 -0.812072119049567 0.24126312885873 -1.53661021328194 -0.101153282864837 -1.9590993750882 0.874984375208439 -0.626314347183136 -0.388725935163092
"77" 0.240121443333508 -0.445693821008101 -1.03173174948481 1.18096100437194 0.866576109294886 1.06694816195619 1.62281925843778 0.131362281986553 0.572070845431715
"78" 0.764656656293687 0.488113675049903 0.150081421294264 -0.705196742211097 0.114258050463646 -1.16375234783802 1.0901696403622 -0.00857797735138777 0.952789636700513
"79" 1.25280321437436 1.1514572609788 -0.0331558365516144 1.49242125340622 0.769182562948024 -0.0126378542011694 0.839157319699844 0.335406999412756 0.00309862514627346
"80" -2.66672313827282 -1.50389903349165 -1.67789082880595 -0.762489711262224 0.291790650489393 -1.51911961690913 -1.66034551027662 -1.1879543216634 -1.04756012440784
"81" -0.233509212528368 0.495913723368867 0.478444868914842 0.0360424491993764 0.374072671542283 -0.199387350775591 -0.597406776925162 -1.08985968306903 -0.155070965875166
"82" -0.472936713430297 -2.58358726751631 -0.598328786638965 -0.914408583356293 -1.62786241455861 -1.07386204594062 1.0798943267153 -1.66034293827528 0.480617608779373
"83" -0.801390434108493 -0.162379119953676 -1.07715855798261 -0.358726696853424 0.257423706406248 0.426326543185866 1.15180905243891 1.66029351788856 -0.241720694079527
"84" 0.167675949479264 -0.162350149526104 0.444922602305211 -0.820413517070994 -0.58622528392031 -0.0403122723759576 -1.27941160166522 -1.21967823662069 0.0487020164818613
"85" 0.0724281745881378 -0.101015337669159 -0.615902598409252 0.796883493475377 1.23219712923342 1.85563857880619 2.36453185443661 -0.0573584146481506 0.405174587193179
"86" -0.966353006305997 -1.13696424479497 0.534352409519866 -0.406300259936559 -0.494920015540284 0.661003964207651 -0.7933206502026 -1.35950922526278 -0.416032746270396
"87" -2.84964274430097 -3.17516140246401 -1.89006263156091 -2.01372275039147 -0.877791158438724 -1.04961632392981 -1.90024096487485 0.0536531241061002 -0.782258564199768
"88" 2.07251918321989 1.38573869952433 0.572741483110811 -0.166596167685429 1.20772861905437 0.953592520986965 1.18601696403358 1.81646646590246 -0.274416171089386
"89" -1.20638664475261 0.54738799343182 -0.0789143536006528 0.516747451614532 -0.00176169238766027 -0.429135852575621 2.8430150690315 2.63379124879846 -0.261089333617523
"90" -0.223452014795797 0.57744587752918 -0.986897142627097 -0.563062173828805 0.343971460644223 -0.748396136195359 -0.59495498423695 0.27982912444144 0.0359781865991607
"91" 1.44757139119841 1.5102089678553 0.44031485092885 0.271604430301564 0.514885914634638 0.960291053556569 -0.975760875918508 -0.947601399171388 -1.40226078852703
"92" 1.4276769788116 -0.570705981609671 2.29264145276522 0.129973347719533 -0.707795286254326 0.77811811414176 0.172696094256857 -3.20340928939263 -0.0266407390785537
"93" 0.256787102702343 0.138827394553972 0.336543544905692 0.388811936058095 -1.09859609183528 -0.606589233797904 2.95627787108457 -0.411667246226127 0.251371396014078
"94" 1.69854164042783 1.94586994260006 1.51316207401845 1.58323553823946 -0.0870167129019001 1.74818101563906 0.314056625287331 0.144881701666954 0.166402438173319
"95" 2.2234539889318 1.15101816013583 1.86820341965377 2.3742802570363 0.661410274806576 2.41217335811704 1.44802493274611 1.6792453747653 2.25066359263208
"96" -1.04047474828829 -0.196800770037401 -0.134852157828013 2.57705079031559 1.11028223272721 0.773290734772768 0.477556241761022 -2.37031933837261 -0.0348439755736993
"97" 0.901866900206176 0.364220427551253 0.244171453540731 0.506647665437724 0.631461994929265 1.30375846358156 -1.61318640054543 -0.535244943316744 -0.763177172900158
"98" -0.856891740378981 0.0949666420423923 -1.04192403045765 -1.17814197606853 0.228362516843054 -0.14298282926807 -1.53986154458966 -0.864893106291709 -1.08288461331625
"99" 0.489061752666365 -0.426302805608002 0.435866644974122 1.36894769452798 1.02837532612108 2.63475047480772 -0.0436888464913964 -0.175260292367504 1.31491610979844
"100" -0.187589747771632 -0.0757973743730181 -0.496330214572385 0.0775114417007544 -0.507252209908111 0.610947538788237 1.97610873903033 -0.046457427292282 2.37950399514088
"101" 0.234526611292875 0.565878414581127 0.659752397728776 0.861473564778428 -2.04271258945903 -0.559264517763219 0.762196201242867 0.718830594208051 1.32458911912267
"102" -2.22001020987906 -2.80136025701876 -1.70732224331069 -3.05334160821716 -1.56176865415396 -2.2786260950735 -1.51286600915869 -1.09255212610187 -0.661314187414482
"103" 0.438434811424678 -1.4519423632943 0.146691167058299 0.717938563811187 -0.457676517726771 -0.0307278107018601 -1.20613286982019 -1.30963395326501 -0.637432401693289
"104" 1.04710869265672 -0.110454678858888 0.141483389848199 0.204412717936314 0.674648328166319 -1.07193440878195 -0.358483474469294 0.414579681287733 -0.602513434188191
"105" -1.07825477206556 -0.578828618152109 -0.854600891597576 -1.21295788195662 0.19687061720798 -1.84816309308959 -2.25952021232147 0.28248258150457 -0.785434564254921
"106" -0.342741927063468 -0.468520740029878 0.832486200248435 3.68540543381118 0.4353055426571 2.37454503418952 1.58076791987953 -0.440879543038748 1.06745495704314
"107" -1.29342140100583 -0.16059988397877 -0.107429937240783 0.814293264040892 0.263157804064825 1.19590737998935 1.00196360463591 1.59176253520197 0.729475414876023
"108" -0.0439956916406098 -0.0244036655449702 -0.147390553702664 0.471917589487651 -0.948982274518332 -0.354800942409615 -1.47841006068899 -0.0414283072697597 -1.01315147895291
"109" 0.619736329073362 -0.239208272054496 1.47259389844936 0.206987389700136 -1.30586635652263 -0.644714023924467 -0.412394488754055 -0.0852665288307538 1.25913566139044
"110" -0.592624030088559 -1.7063430051543 0.489420949685739 0.681736298726287 0.441579790738843 -0.27777169634262 1.54942482413372 0.250110574630375 0.500738445168074
"111" 2.04780756647202 0.923296415013769 0.686641410558974 1.65234295781142 -0.066013626086503 2.30009918237337 0.480184444148381 -0.425904463934648 -0.224099334946115
"112" 0.691706394346789 1.09163064373919 -0.136504096236329 0.1151194181986 0.272118604019918 -0.633888421904955 0.423298786182801 0.0724652421046468 1.75674735279599
"113" 0.261111111922666 -0.44538100114271 0.550424491449348 0.46479409269886 0.576749359826077 -0.797895438952032 0.378184502759166 0.925344702083675 -0.00358311894436564
"114" 0.666783585874118 0.00994865816052534 0.961354368389687 1.08530362515902 -0.129853917969719 0.331169985426543 2.86447786439405 -0.0313670772200484 -0.229939194628439
"115" 0.136985479812043 -0.17214717760017 0.382742928391162 -0.803183439222361 -1.31004208384121 -1.12808872136059 1.57972710182227 -1.24356427546394 -0.0599064098610562
"116" 2.97495549351743 0.844700692729874 2.03886182378968 2.33011613693003 1.11010753659786 1.2568125157919 1.83561723144216 -0.665356879189013 -1.25313321992338
"117" 2.27655746023369 2.45523671615885 2.31078125296008 1.62740427473225 0.360797544371466 1.64014180422341 2.5728398512863 1.00954928672126 1.01400525318968
"118" -2.21859517978935 -0.935767155276428 -0.797088578719949 -2.66918477332753 -1.59930990187796 -1.88876938844341 -2.32778409585959 0.716742098160358 -0.712522511856166
"119" -0.518203669641353 0.194293659446935 0.7327229127896 1.76553507371581 -0.448202671904557 1.45600706358383 1.75263833813951 -0.622874928875233 0.639659929022583
"120" -0.272783381003645 1.0089344585513 -0.225274094560406 1.2349323990192 1.20736221937193 0.331997839380003 0.961408667031662 0.721844203282494 0.261058020603896
"121" -1.65018192342013 -0.951405156374959 -0.943842426294462 -0.431385556299505 -0.643393072528631 -1.07701888996022 1.12858312353805 1.13208464460469 -0.409020375373348
"122" 1.66852935912567 1.70250153270801 1.6938791032476 -0.427564462090324 0.94978148168525 -0.227799663519749 -2.01770495379931 -2.0839172979711 -0.985933100304489
"123" 0.609840838638992 0.364379913074465 0.640593799794269 1.64270887515171 0.370373491007901 -0.295610452516855 -0.955957160080302 0.500184349146622 -0.820707393690199
"124" 2.36520183430485 1.71930277155557 1.15505119113565 -1.2984416253044 1.09730531580844 -0.282507888441469 3.11549643820308 2.68017908104206 1.44705888195726
"125" 2.57816057926694 2.35354202098495 1.71117679802206 1.83055849550594 0.29976493377193 0.819872718083215 3.86248824595882 2.10848944985477 2.08269476010165
"126" -1.93490861909706 -1.22083375209446 -0.567709113338328 -0.286793698353439 -1.53631894475529 -0.164093834909634 -0.2101948720176 -0.195592731367527 0.269207221023517
"127" -0.716602136459728 0.66876214354978 -0.709447437703434 -0.158801510580738 1.0398478797527 0.398842443585066 2.31053095618921 0.393827460577389 -1.44772794285844
"128" -2.2435390587752 -1.41201842239522 -2.50158768125025 -0.259526908517735 -0.309413306019635 -1.56344049206364 -0.864509806180052 0.476404257675543 -0.768537603239478
"129" -1.36062477741793 -0.325953892928526 -0.643499502956555 -0.474410740868079 -1.65512756487967 -0.694451655879949 0.936341934072873 -0.643362376835218 0.707070522792608
"130" -0.00933694887014885 0.452555790306636 -0.486181052244548 -1.23023671536389 0.363204683664432 -1.93525632550108 -0.0843524940281614 0.0852007740322992 0.369622358501117
"131" 0.224467765836646 0.519146067315959 0.485097422008496 -1.94811271914023 -0.849933147875642 -2.43991667234132 -1.33042639721602 0.444947068003455 -0.420016878015122
"132" 0.714646453186901 0.706721181937124 -0.279022175427698 0.395045570585321 0.860243638738914 0.360645499999739 0.965637430995294 -0.0560170211440786 0.439355210416277
"133" 0.114998693130528 -0.139437455057497 0.462271696137104 -0.178131526217894 -1.17116859498133 -0.164105310670342 -1.01443001037998 -0.596066933295799 -0.402316406604272
"134" 0.7345792555882 0.296128605047453 -0.40756747619503 -1.37400310789391 -0.176388303619292 0.191381691404692 -1.09701834135974 1.19962034313284 1.52817764317336
"135" 0.452488709283654 0.0953164676770965 1.64484411895766 0.539140756178519 0.332116633118936 1.86939180032813 -0.315281459077637 -0.826699260395453 0.0141455357397093
"136" -1.98786510225666 -2.67752231716154 -0.5605399824104 -1.23089096513289 -1.79568411249311 -0.226287274816106 -0.502716960394514 -0.998215213461488 -0.373986079769894
"137" 0.667444463421919 0.94510731230387 1.24164913651469 1.23532562651066 2.0830765372464 1.05197384882147 1.21811242328996 -0.474171460132566 0.660685350931937
"138" 1.5550190358046 1.93210104935361 1.53854994046598 3.19536891227497 1.57982562847876 2.42804934032362 -1.50014443706086 -0.5377461804087 -0.586530040381909
"139" -0.262356913806027 -0.949855135368286 0.101288275890149 0.239029332603563 -0.705810333606648 2.18423300020199 -1.49650312574095 -1.20096435435362 -0.0990672476470657
"140" -0.0487646380163672 0.342795479543506 -0.269961672967095 1.87271678304711 0.993348536332959 1.41204114542729 -1.06926191058907 -0.869635328042973 -0.186193678813227
"141" -3.37896638542623 -3.49963715609728 -1.20195064054773 -1.63424187242478 -2.08479343911408 -2.25586669534142 -0.0158728885352994 -2.00171041924609 0.670037991593067
"142" -1.48477217219134 -0.796649012810114 -0.298551668857073 -0.422471863486516 -1.43851129572806 -2.1216354872974 0.368721067723422 -0.122207133678787 0.558076484025988
"143" -0.596136151486602 0.749931759944851 -0.489118032464957 -0.155214139138352 -0.369284825583376 0.189118513619041 -0.523860428066569 0.870429635640244 0.584221010900823
"144" -0.529613285547087 -0.187293602404603 -1.2600054387249 -0.269976284183418 -0.190929252555174 -0.845676478800356 -1.12784220085391 -0.274911063864033 -0.746118046670121
"145" -0.00916821769123458 0.0514216673458553 0.0943362934274922 -0.597466144804022 -0.456970806708201 -0.0240665131132308 0.873197460128061 0.623562462929311 -0.0776563052771605
"146" 0.367375716316316 0.282059789870078 0.370967749801027 0.708978916335055 0.91292275596247 0.81694800642753 -1.33458980446327 -0.850090029884923 -0.58121657155797
"147" 0.0225444252164383 0.326589595083153 0.705170349700561 0.104815559845901 0.70210709802038 -0.646274661156467 -0.0519753062031018 -0.712440635681618 -0.0337099780073721
"148" 0.234559075942454 -0.396243791530897 -0.147055328185545 -0.234739245635308 -0.714020912918503 -0.19923794564553 0.0757249553229716 -0.534331796192189 -1.71699535928008
"149" 0.867763464437411 0.341521371703009 -0.407292070022189 1.0992322070463 1.54219254914283 0.768854947399954 0.450881906786901 -2.08227131452628 -0.0291537566682634
"150" -1.83429798711992 -1.64878946422245 -0.381511735019428 -0.789036349692715 -0.587300693218009 1.16502939490347 0.637809259085485 -1.5438114680608 0.305392859860226
"151" -0.480741682348866 0.0195469267089552 -1.31469719856651 -1.34972938845856 0.761358335221402 -0.646301420854483 -0.762616635553428 2.14277411951079 -0.344789062656587
"152" 1.34315392142203 0.857884311223274 -0.270134939603546 2.16465665792928 0.949681968164658 0.41468071799384 -1.22018800861302 -1.23653495875465 -1.85134070011794
"153" 0.483129125435112 0.440318728526282 -0.769249628097439 -0.118107798623183 0.999884778988502 1.11168618361595 -0.870779678954592 0.529936158309846 -0.389303917327991
"154" 0.98211336447184 0.148320795406598 0.556061773097529 -0.593471298012608 -1.06307586988921 -1.84603007830013 0.455926710261861 -0.362197993643192 0.404361648903215
"155" -0.0911388547595853 0.462329051061875 -0.827117194596209 -2.74929814354887 -0.905953827740736 -3.25605510985934 0.0868341078065081 0.16792775246117 0.102567694656101
"156" 0.238962048857322 -0.85822138137654 0.771451494356587 0.83507805483781 -1.23689097333404 -1.56757035446691 -2.02430029662556 -2.74107936343574 0.113248074460744
"157" -0.554491392218297 1.89563318674002 -1.67971024195242 -1.22075257044385 1.52916578713443 -2.05557483406409 -1.41966046838784 3.57536653177816 -1.65893716123598
"158" 1.81591530653555 2.69702251231159 0.170986126570389 0.940762055696634 2.26064978421531 1.05223986863717 1.90988820226322 1.08812754738736 0.518830262441389
"159" -1.72377487492335 -0.419887988391741 -1.90965915399066 0.34739685780096 0.329411039751093 -0.413951135949851 -2.57828950696042 -1.07349277887477 0.148382362242269
"160" 0.745496492805578 -0.558199988345239 0.767510026114159 1.99137818937218 0.758353349146383 1.79503669450632 0.986076825029247 -0.0311410887797314 1.52228145887113
"161" -1.22362260710576 -1.17148275802592 -0.616929269324546 -1.03903378893664 -1.01105301094663 -0.0519972370364925 -2.42382120690948 -1.48838537173402 -0.479104708811923
"162" -0.248736870785461 0.324321977317258 -0.250847711054828 -0.697987103593857 2.52695434048564 -1.92343294229485 -1.26679779336895 -0.952915726199519 -0.553579742482648
"163" 1.33599359349555 1.2306162080615 1.60417456100414 1.62479387742957 0.847073895597002 -0.398990972639543 -2.15767010692396 -1.21923947010243 0.103030213565684
"164" 1.91591633387309 0.60547874423171 0.853720886434965 0.608102441719652 0.838676421243818 1.73353157329177 0.153987357427479 -0.280181356724528 0.559026494323557
"165" -0.0190439145094818 -0.310116766786234 0.570252105809028 0.718354484108722 1.06280462954728 0.331459756720146 1.27364076127542 2.09860922300268 1.93318612104735
"166" 2.11346877249449 1.1242697549603 0.841452265125334 -0.0477478844844742 0.220898089433225 0.661150262446 -0.195850078933379 -0.425995138958478 -0.819612072491349
"167" -0.290679441745641 -2.2504073643394 2.00331568267895 0.773084556459174 -2.7207651365464 0.837651414512389 0.862781080192023 -3.2626590461839 0.0719219187095427
"168" -0.836632398008115 0.240036001125877 -0.442825004691124 -1.4859471017868 -0.366737936720736 -0.932742309453591 -0.577857959435636 0.678387540935065 -0.402291424114872
"169" -1.93578378362191 -2.14102481491461 -2.33662497174842 -0.887678618423145 -1.00094061179558 -1.54695189155019 -0.627021032078228 -0.128203494866764 -0.0672373162381149
"170" 1.78259717638521 1.55541246594323 0.705180013802766 0.40183299039531 -0.375057618818478 0.682641887771751 -0.186225696418159 -1.13361696893859 0.6128824499845
"171" -0.663893023944165 0.0467748622461774 0.441708620440152 -0.46097115204538 0.460631433394899 -1.17645065499051 -1.53484149808508 -0.290794028923339 -0.670548995114694
"172" -0.530896480207158 0.447092329022308 -0.541440885148687 -0.920408645563191 -0.377876472721838 -1.68322022852452 -1.85545406643292 -0.563713777366725 -1.94911834020646
"173" -1.21654361505382 -0.274560425582817 -0.894699418114703 -0.823217095837294 1.87696490291209 -0.667515856577089 -0.476037715628447 0.084536949327344 -0.876307193174445
"174" 0.403394911330651 1.26817516116747 0.623909215366233 -0.652946664629864 0.153136806573952 0.407291716002289 0.422660274250502 0.272504230175343 0.669816228512805
"175" 2.65294876985571 2.16552808665513 1.58457639973287 -0.156241298685626 -0.351464756843613 -1.20374004353198 1.06413358975265 1.41125005852934 0.227924753658059
"176" -1.69900404409434 -1.27939162815574 -1.55392841302225 -2.28454033425846 -2.6576985213963 -1.82182778519193 -1.2301362803091 0.255148341274806 -0.247420131922096
"177" -2.2169369869272 -1.21808349862342 -0.989896735819226 -0.901046926624253 -1.87011081141912 -0.0116233705697331 1.37022897304507 0.852314713478845 0.198052811853812
"178" -1.46194652221826 -1.53118199151599 -1.18375019507017 -2.1823445386114 -0.793449582504767 -0.917919935549232 -1.14652160955239 -0.634107611680908 -0.521504416392728
"179" 1.7801945206736 0.555362106709969 0.972206776787562 0.782848343814541 0.832936540059006 0.567888298651131 1.05725018905963 -0.656119214725312 0.520074341179473
"180" 0.118812368066305 1.1962007249679 -0.66439697830932 0.38566006561577 0.986604912871809 0.0583596255891798 -3.89294332741886 -0.706249777325765 -1.75920893991037
"181" -0.889986794141656 -1.37349117754587 -0.826624752041869 1.17983254552604 -0.891370962706332 -0.302729265266616 0.589379402603657 0.565616967842124 0.130175161407094
"182" 0.300437377959567 0.151871423392999 -1.36837610685042 -1.07984452867599 -0.287482264670039 -1.1526092658251 -1.22107946015434 0.186054512908592 -0.732383638493029
"183" -1.30010480698723 1.64184681803068 -1.61216413564135 -0.43409731879191 0.759807089190095 -1.2814418008942 -1.89390755897236 2.2775693595095 -0.909224296688488
"184" 0.0740284486061923 -0.133124841944994 0.792356905240918 0.347764668817755 0.0847005105476198 0.25053714256897 -0.85978186060709 1.19095104931795 -0.190217607156121
"185" -0.463813128591096 0.227876916974694 -1.31841657942125 0.375244725294918 1.82423572409676 0.639782250927438 0.11107386610558 -0.616949718164987 0.0256912781130464
"186" 0.576387881726503 -0.393792858818121 0.434382230738451 -1.32739801216928 -0.693560454761243 -0.712958021367978 -2.15376813368501 -0.583714009917325 -1.00346592462919
"187" 1.59367914561038 -0.51106126085816 1.16463330501867 1.87214855943512 1.10199864943871 1.08640207497882 1.6245743655773 1.74600028396229 0.0876988602840167
"188" 0.840276028319026 -0.238495923904379 0.604978126924212 -0.481260195029692 -1.73460410649896 0.427008438278055 -1.1570398541113 -0.455604725706826 0.348453762920761
"189" -0.984375051626078 -1.13750073777882 -0.269173606497094 0.218754632793214 -0.101218441200078 -1.1169047233926 -0.980606689703365 -2.52044395836484 -0.0824730454034054
"190" -1.34950162487246 -2.59193446794364 -1.00458745090971 -1.13383025839632 -0.753443198695706 -1.68696598743811 -2.24362214713667 -1.63625939934199 -2.17004000518494
"191" -2.47148335000588 -3.1744406554122 -2.69787003631128 -1.15190655075436 -1.62346714283998 -2.25481682779879 -2.82726327712932 -1.50014900281541 -1.18289847291316
"192" 1.35107517462207 1.47706024331179 0.816329741141267 3.04919416275601 1.93252473845423 3.76195518046348 0.714799075126376 -0.108055458269871 1.24978138592566
"193" 1.08528680980171 1.52579161303797 0.486723319988942 -1.6535846073973 -1.67111039989707 -1.71613200714086 -1.40637058310678 -0.0426021207773212 -0.150366621355432
"194" 0.0470252482569024 0.538589434111081 -0.313966640464812 0.509313463919997 -1.19562161150261 0.727710887622054 0.182672747390088 0.546068161207399 0.985715687942647
"195" -1.76790066233015 0.216644511016471 0.0234160591759792 0.260520852976138 -0.722099752472433 -0.457676724245352 0.0288988251439938 -0.192348990597585 0.202349474726849
"196" -0.132219715202359 -0.815073120041096 0.146452907661084 -0.362209463826941 0.464395828563036 0.694849252869879 1.33463025423989 0.485348392278081 1.05396815519586
"197" -1.61773207049 -0.373606860721469 -1.39731167594109 -0.144294167044333 1.12044337956977 -0.69311264148897 0.384652834391814 2.14024182314177 0.498381845329482
"198" 0.747670157743296 0.744248318694577 0.492140351067303 0.48093168979607 -1.15293085372583 0.660293293752021 -0.454975205141082 0.965319788585893 -0.0523361218198644
"199" -1.31881220907896 0.35592328413971 -1.22503676356447 -1.76518461412773 -1.36160012166087 -0.572953345038214 -1.82816177686078 -0.232768204586522 -0.505853878822385
"200" -2.26307032762105 0.302048648141421 -2.42591886764015 -2.04316409473417 -0.823777182134384 -2.68794636224199 -4.00235905045178 0.931309610747486 -2.55776405196618
"201" -0.558442062214739 -0.340605498452312 -0.899132163021647 0.6599030466106 2.00016611458474 1.06031979729341 -1.63213071039909 -0.968723385321937 0.652632016525768
"202" -1.55565983807398 -1.40179658708699 -1.09111276571104 -0.810188089401793 -0.559074530555307 -1.37228577773513 -0.205455277360624 -1.25756956189433 0.714667387526914
"203" 1.7912271276099 1.44576792524245 1.46308645170251 1.78124207114266 -0.178036504859463 0.574404841426188 -1.13859550378778 -1.10905594101864 0.16294745476805
"204" -0.174129647085685 -0.0584111492036815 0.0207507413151174 -1.18133488437532 -0.527103141818428 -1.00090093967805 -0.168633736497653 0.645965269666302 -0.580619692858644
"205" 1.73774736911957 0.679723607439333 1.90263173895273 -0.742029110867681 0.279771957860885 0.505080113966596 0.381637727134713 -0.188242786381334 1.57164347082975
"206" -0.470046006361675 -1.18052205250048 -0.0792904586452213 -0.128641463184406 -1.09140817823005 0.0859597858053592 0.839968023094491 -0.796207547111173 0.410556813523013
"207" -0.942661125278488 -1.41925486060773 -0.734670573747629 -0.930744089403642 1.19349275957536 -1.18393183621193 -1.73552976748301 0.146006951025461 -1.21320589797944
"208" 0.568446033686046 1.07661194804141 -0.272406824957441 0.388050902417578 1.08222561237936 1.73349671704946 2.40105665753196 1.58713785989335 0.446680559623558
"209" -0.0180321518161701 -0.452651457014986 -0.202563011917864 0.191678260715728 0.416839649864939 0.594293087094164 1.05445300040002 0.235273642959297 1.06275289352212
"210" -0.697862347481159 -0.66252757957475 -0.431783577802897 0.921003145850042 0.764880911053503 1.66327757035316 0.133990279121105 0.659884910740836 -0.659620036218219
"211" -3.24348118091318 -1.96819192063228 -0.270228117024401 -0.63366180825534 -1.27405194008347 -0.445248653080704 -1.33205734517692 -2.01883861094717 -1.22496724060888
"212" -1.56030791528346 -1.65300753026351 -0.817393934648584 0.593221161765039 0.892921386699296 1.23141087075932 0.0653938936673121 -2.27307936242091 1.29145656650829
"213" -1.45986267589348 -1.52032051499492 -1.09154799039863 0.0178698095515161 -0.55072462026015 -1.05183934611471 1.40401985750521 0.566835917526066 0.714241350863674
"214" -0.376361771024096 -0.178388900107097 -0.841236047681815 2.55912074459746 3.85425177270935 0.978507429240767 1.43095763893663 1.68042871867947 -0.682284654491229
"215" -0.282547245716659 0.265471056130406 -0.715233651497332 -0.977049862652316 -1.35555345898462 -0.833867454634085 -0.470195808929541 2.22699896850137 0.996244891982034
"216" 2.20586770478929 0.695989202926819 1.79222552080106 1.57676211315333 0.663406379439135 1.44496599936399 2.25481410065394 -1.24439584779489 0.857471105987543
"217" 0.252791473901969 0.322118310948812 -0.203387213283101 0.855272322529453 -0.0299592178810817 0.280196650294704 -0.373320340478035 1.11731323138332 -1.136502342076
"218" -2.16952125242594 -0.839386038373619 -1.27169657783892 -0.263403283365444 0.0256377139903441 -0.734201000025553 -1.25238386692893 -0.207284332049994 0.799867756489266
"219" -0.0360412147035038 -0.935144424114058 -0.533849176257739 0.741503168856804 0.588492144407786 0.602585463224433 -1.34471676335536 0.532296281166132 -0.0312300373428671
"220" 1.05266779005129 0.833357156964862 0.410307746714073 -0.243155693258386 -0.937744258617648 -1.67450485579039 2.65652618084252 0.591524658379654 1.53840289602278
"221" -0.269515698260932 0.226888113944625 -0.493944179110958 -0.26566510331173 0.740414026760733 -0.798743669152536 -0.847916279777662 -0.88055539561411 1.47761448165529
"222" 0.479019213426648 0.233430702232172 0.330117442775665 -0.206778909829754 -0.257193644847792 -0.167436307231479 0.348801540591167 -0.135338891210346 0.746744944801837
"223" -0.255940152113647 -0.67394656736841 -0.802943601008698 -0.566319945038559 0.749163634151765 -1.32180254450909 -0.0910727249218352 1.91052655701234 0.852502721544713
"224" 0.575272625536136 1.62616179972511 0.0341504575920357 0.160144874483326 -0.150841740755613 -0.157512920286095 -1.03826287046413 2.17577021397663 -0.731647591773932
"225" -0.491744560823217 -0.457828935964186 -0.836464642911051 0.80461873026981 -0.144169562314472 0.367136197262889 -0.993709751662121 -0.573087260803167 -0.167523691659283
"226" 3.17012655596371 2.18843626800728 2.27442197956579 1.87694834720743 1.47512316803985 2.52796917913137 0.573909635500344 -0.973860033878914 -0.951352035723478
"227" -0.943331803263383 -0.174340188392561 -1.30976914305897 -1.51717926277517 -0.281858842044331 -1.89229280805824 0.226777676875711 0.882388915784558 -0.508013494212466
"228" -0.461009306668686 -2.06136542555065 -0.566501128073291 -0.210986540365535 -1.33947784803507 0.746721365479053 -0.454131620445717 -1.62269082634546 0.610912346749399
"229" -2.10740674108098 -1.04322821238123 -0.00509884056486432 0.164510277648231 1.16045339079947 0.226500174486421 -1.17381016540298 -0.164221016811494 -0.475576604967236
"230" 0.00526277901490498 -1.42324168007744 -0.0996730207083965 1.2978751199579 0.224956069212253 0.887285368797651 3.61158348487221 1.19783390926666 1.03901553183048
"231" 0.463511490959319 0.174462845118629 0.720202818828876 1.30621422545228 0.492887470881494 0.191421641988809 -1.1872994926474 0.125862201922146 0.697054127893925
"232" 1.02253184836977 0.581390615863412 0.309023570490033 1.24500946899073 1.43988746886525 0.638029307555999 1.46549869798951 -1.75702934396493 -0.199164093707209
"233" 1.21754823340994 1.07170668467713 0.923202773808513 -0.285991847659428 0.216001957910255 0.699032162147844 0.0834241023756568 -0.558502016649515 0.119376392666072
"234" -1.31535660691489 -1.1377202440993 -1.36444725219241 0.326633421294503 1.04573261699382 -0.406120610705741 -0.148227005163798 0.657550626971196 -0.255017608726477
"235" -1.6373608707327 -1.747493047242 -0.893541383408963 0.353475449704327 -1.14298413024348 -0.306670067537072 -1.91362415773592 -0.678235923203879 0.958850070284717
"236" -0.572989476956435 -0.773460322405702 -0.196653478677318 -0.397877336678379 -1.49490624056548 -1.22248895896354 -1.12049738604919 1.06068790604208 0.305700675381917
"237" -0.254411907993973 0.776206291580721 -0.0566800743891617 -0.760625317802957 -0.659932544752539 -0.167420763669705 -0.124124314830257 -0.617654274948261 0.280130741174213
"238" -2.52831782185695 -3.67282726599052 -0.503990543570479 1.32165478311118 -1.50197174955431 0.93731664277114 0.0938881777284143 -0.886809007477381 -0.00588977838716087
"239" -1.79635870256556 -0.803766461712156 -1.35840766518909 -1.10875899922393 0.943798173791115 0.823537048941339 -1.39276565691786 -0.154858310030516 -0.987076994434895
"240" 1.65572011238225 0.750844380299085 0.530967051601033 1.30200865793811 0.439434720334795 2.04292250817745 0.558724512070118 0.367474765315797 -0.274417344008513
"241" -2.53469240661334 -1.66233632902507 -1.76239796206639 -0.166354579740894 0.375742798586288 -1.74158620962727 -1.84070326968876 -0.251453744563298 0.539308033748881
"242" -0.240496198387254 -0.169718371990037 -0.00936373697312567 2.82392429861277 1.22481548248302 1.77771106506833 1.54277579247778 0.213252405329406 0.790564351446277
"243" 1.10587240493818 -0.369807518642628 1.39167139902962 -0.580948972185749 -0.111059366628461 -0.645624193065208 -0.959083393088495 -0.518688210628042 -1.15180515318454
"244" -0.0589240102556708 0.0705934755219137 0.364478103131967 -0.953694817121442 -1.04883749915326 -0.565842637167848 0.711943755318213 0.76770848481499 0.469981040823407
"245" 1.42480004411142 0.539009650962957 0.394601339742388 1.35559064176378 -0.378655045277866 1.53442313387797 3.10507577286056 0.901836194550091 1.09429207098066
"246" 1.63722371165258 1.7884550153711 0.914196823489296 -0.417883206662567 -1.06093961800556 0.102182200982832 -0.137819681317093 0.569584858647895 1.14240834347009
"247" 1.67193035605452 2.71072235377342 0.199124159002178 -0.0579936099072971 -0.329538834182448 -0.212812132610563 0.448972435550954 1.03864155088914 1.0482593443797
"248" 0.737785784360381 1.03389657267118 0.126081117892398 0.72558953690267 -0.166826375243843 -0.583563782592566 -0.736594967974011 2.59115166664455 -0.737641787584271
"249" 0.0329854035436129 -0.732837808404842 1.29566212722777 1.76629740900802 0.0869436793777814 2.68488173406508 1.02212630638933 -0.0590541108887779 0.642296200111787
"250" -1.41955572065125 -2.59341957212075 0.902408555082693 0.671854949655645 -0.60686413553631 0.838198755523196 -0.284554081514838 -3.31681150225559 0.361610781017245
"251" -0.0715536790595049 -0.603141508327996 -2.16860746124927 -1.43882805424037 -0.46595783304045 -1.50945352157732 1.0022661308921 1.2568253636453 0.00286787381978218
"252" -0.297844627496119 -0.489476179221044 0.866830761292189 -0.475407172528149 0.213387431411891 -0.155032650835373 1.96077173317023 0.194759734771601 -0.363289396520155
"253" 0.393980583629673 1.83314269834767 1.00738690273918 0.757302390976663 0.618057258245607 0.332654331500435 -0.105411521822444 -0.896806312799044 0.118950507338332
"254" -0.762047017908004 -1.07255885227592 -0.194849136520789 0.752513421987707 -0.56935682544438 -0.195793971367008 1.02043676267639 -0.418955048361354 -0.614980418202994
"255" -0.0792033952711597 1.3167599838515 -0.246109474898463 -0.395053651483931 0.161084271295358 0.314240834843149 -1.56999745415941 -0.483050242732632 -0.786123778904616
"256" -0.0571783299334336 0.153922527207709 1.31273244139092 1.53789775040736 0.18297872936608 0.314521293875258 -0.894750322555494 1.93335691454479 1.79784539823191
"257" -1.14781362865502 -2.2939462507612 -0.0579716353824899 0.528707426569488 0.678843333704714 2.13714807993846 2.90316148503741 -0.15474859581758 1.22020932563033
"258" 0.537774374958002 -0.687152832606512 1.16601999230952 -0.098460892222235 -0.957162462961932 0.582403398620177 0.254645312158315 -0.881390088292512 0.510634419350003
"259" -0.0375208998193923 0.755274383872335 0.912708083449411 1.96807772742046 0.903519463231846 3.25500485756531 0.391267574697501 -0.242759912599666 0.395342262297506
"260" 0.672802795881011 0.754370538751209 0.339355652715767 -2.03149039558982 -0.741806290319503 -1.14901007430067 -0.259990608382892 1.05213581687558 -0.642035144360014
"261" 1.79291863683084 1.14978479792752 1.08972431296328 2.92414793222527 0.989381844114317 3.22363130609965 0.589897320570427 0.00163190243472834 1.34996494595392
"262" -1.45631249221323 -2.13524818292621 -1.03187992075605 -1.67433670800769 -1.98829301121838 -0.447938597795313 -0.519066274484612 -0.953105188912381 0.107244518607794
"263" -0.331162914907053 0.207528565911996 0.271297994961941 -0.350937246051922 0.384883357118369 -0.0218077360885941 -0.388401459369942 0.679107565166422 1.71699061461481
"264" -0.406289060994455 -0.213343555717943 0.196408226870578 0.708673653836043 1.02085398032433 0.247601264046427 -0.24213680557308 -0.700431875513029 -1.07264913119601
"265" -1.0087498038374 -1.083113335612 -0.912373956026658 -0.519596120858478 0.135154294256726 0.164789135356075 -0.280346499905025 1.27400842724268 0.0837971954260849
"266" 0.0335851195784146 0.439360332519898 0.881915118012223 1.25218670119659 1.19113412499229 0.65844772751918 -0.302918245138792 0.455102501089077 -0.368218459748032
"267" 2.48722772702319 2.13989015336527 1.30687852431046 0.205130743827065 0.939580061728372 0.372107636442085 -0.671325839236683 -1.2850732459466 -0.967320819605761
"268" -0.183209748364614 -0.17183091886372 1.4679804737749 0.149353527043246 -1.01419655048053 1.31655307281184 0.894393325255261 -0.534974326616313 0.312718205329738
"269" -2.52783357646318 -0.933119400936126 -2.26253263493345 -1.12794893835524 0.436177026946729 -1.40399878417691 -1.99519424410525 -1.79147261962576 0.903046451953647
"270" -0.989863768468411 -0.346966454603061 0.58115178054 -1.23089019462218 -1.73112992385643 -0.836216182778722 -1.22405060022501 -0.245703451666148 0.295197079118659
"271" 0.386004309408062 -0.418478449176854 0.00455474298610695 1.63445122493043 0.984890111543696 1.73609120977335 1.02042970791968 -1.31447240115333 1.05662051644529
"272" 2.14467704995756 1.24739713088616 0.892755742857442 -1.36714146571587 -0.37551966571958 -0.854724736824303 1.94553872846397 1.98790717057336 1.30753417215595
"273" 1.71091290887947 1.48457869623462 0.0868955332299697 2.57260479444913 2.24040583534309 1.55363921579676 1.00924395408493 1.31019284309774 1.56700932318937
"274" -3.15330930657454 -1.59667074146486 -1.51160584723948 -1.72264615667698 -1.39460298568217 -1.93656610523776 -0.52179070907028 -0.801260747855399 -2.21600833261937
"275" -2.72208096485176 -2.34820227730974 -2.23390447990458 -1.22098215673293 -1.39413221286629 -1.59987878081348 -1.47816614977291 -2.60317763469802 -1.51459428492043
"276" 0.766000267479265 1.04320839721127 1.0531047431301 1.66901396611252 1.16664645025992 0.156407768229534 0.0540552393037562 0.358643354588938 1.55792787915941
"277" 1.36994120533396 0.0743813710194854 0.36117815559734 1.52070988643764 0.894944348792334 1.7573901844223 0.361579018394892 1.20201398633206 1.00374799812157
"278" 1.54002592481268 1.00491134497427 0.0369700868439857 1.9354565889779 0.658916529067398 2.33308972657788 -0.3307884279259 -1.81554218408647 0.434719977743861
"279" -0.479700429491207 -0.284202438058748 -0.20910692264887 -1.25292141387312 -1.16793584660356 -0.380944344965471 0.0906712559657593 -0.214896313113413 -0.185980289415508
"280" -0.17071127829559 0.461029121956233 0.4138515445509 0.282999330169389 -0.0528455249206645 -0.135937725061712 -3.01939179771252 -1.90525107240119 -1.17582749613515
"281" -0.799588090530356 -0.383185120766829 -0.160841226110495 0.450231382359434 -0.188235004056075 0.467218246892662 -0.58574627159137 1.07091330367247 -0.597953941428116
"282" 0.496344896139921 0.192393343411464 -0.0288809295298176 -1.41484440649428 -1.16665285281377 -1.25782497668411 -0.833310487980177 0.185278672701004 -0.843969853617768
"283" 2.15300780327255 0.865763775692215 2.57477273859959 2.55448203058486 0.166723697286246 1.43521487037737 0.688468838840883 -3.19244835239642 1.22661751471451
"284" -0.474472777294408 -0.348522265377469 -0.0970195355105188 1.37983711410005 0.373166908110921 0.935919507848805 0.394112787347402 1.00043220456349 -0.227387124963183
"285" -0.789246658147984 0.00709574546331854 0.461214239633478 1.2229169193744 0.155061479273247 0.953944531227544 1.31664690250292 -0.802144844440668 -0.558855678088249
"286" -0.155959064370445 0.21465038532267 0.15636279625015 0.373378994352905 2.11726341952466 1.29304057477325 1.86779232700765 1.1527805643367 0.752152763904437
"287" 1.67684605886311 1.4168514167222 0.135318369670379 0.811635602014093 -0.566328541819511 1.09143427811175 -1.36996635104298 0.629397361240413 -1.79184234294628
"288" 2.98197688551753 0.766074000773515 1.07464436097747 1.06141803282978 -0.107976462122983 0.264020708635443 0.358304313959951 0.411386046623913 -0.897086939313747
"289" 0.390574236955597 1.44644841617006 -0.63554939394877 -0.250246819001845 1.57280376315715 0.712550068585518 -1.38575332304544 1.27672119916867 -0.374535363348029
"290" 2.18594520139444 1.3932024082591 1.04583011783368 -0.460565533481697 -0.526621605704835 -0.0540817253496323 0.0378395918276438 2.17654228905159 0.664156775842232
"291" -2.15696017458226 0.707861111728178 -2.27569987717374 -0.234499919342537 0.801611290300189 -0.188522197945011 -2.78611389656322 0.516736023818726 -0.779717955472866
"292" -1.08135279533972 -0.721865422845251 0.789905337630262 -1.32423998716015 -1.54783072997126 -0.8485197052325 0.341009457527831 0.961720319692809 -0.35936838501881
"293" 0.823967843491185 -0.369667933332429 0.401142091729738 0.485472108131148 1.49444372697086 -0.116318760425132 -0.713687628532894 -0.431439479457307 0.731154830046597
"294" 0.400331704393601 0.379302534696688 0.779760871065946 0.91258486474651 -0.130477577487587 1.50084661989586 -0.510287911412827 -2.80694829342067 -0.230356509096331
"295" 0.998693164928766 0.0326125215138924 0.291728590063074 0.530116617334792 -0.120839309415076 1.48733473053659 -1.39782963341416 -0.1416958642084 0.456580492218596
"296" -0.279221576730762 -1.04622299458916 -1.55095088664426 -2.72662190927871 -1.0201242758271 -2.3201215949687 -1.34211084431555 -0.158670103875463 -0.171454325610474
"297" 0.593252145394816 0.579552279771329 0.745086572918054 1.25723158573766 0.0842419150200021 0.335482212810238 -0.328413721869515 0.288718958574906 -0.423114387431006
"298" -0.554329115325346 0.207167446823304 0.0172319972262021 0.659298267595507 1.15593747095212 0.0368640841015191 -0.406021792362944 0.483963223587988 -1.12736363397095
"299" -0.339210531607377 -0.565241383462501 -0.561005169077539 1.14892861990649 0.610139201308447 0.505255959742045 0.513832516610399 0.700763180725674 0.470725118483575
"300" 0.0918456953519241 -0.27785158998584 0.654256110809641 -0.93007784880258 -1.02569297718689 0.280362340233132 -0.662791509117193 -1.37833952493199 -0.230045576578171
"301" -3.30380745634679 -2.25876037229539 -0.858878376947529 -1.07750923013188 -1.59553003247218 -1.43809542060837 -1.49702292579714 -1.70554757564469 -1.05159430508711
"302" -0.466974930290277 -0.76241597201169 -0.0431066253590213 -0.660009086858492 -1.6575667585391 -0.251968149134922 -1.74019765926009 -1.42511161646407 0.0563759706985162
"303" -0.281196085057423 0.0448684305146702 -0.0393336630777443 -0.141316030640691 0.778795483670304 -0.669366261555513 -1.30855260856362 0.410301457594564 -0.0409970765345874
"304" 2.24347839898724 1.8817183631951 3.07024313701117 2.17188274073117 1.57109490133751 1.05984811391861 -1.2614301017781 -0.121822791118556 -1.174366738668
"305" -0.736563880996554 0.697293167186672 -1.35486912578652 2.18979487177003 2.31720662670671 2.04928081202342 0.274986591234744 2.12286357481416 -0.186558635204086
"306" -0.545183961030576 -0.624804165585767 0.709460730603009 0.474720856651849 -0.749971567679492 -0.553010962348372 0.250263322588482 -2.28188533452998 -0.0475878841234777
"307" 0.024571506633297 -0.765558018926718 -0.469972734788275 1.19723736131225 0.830499204866874 0.210376751151423 1.59114302338255 -0.0573813013901605 0.32361191749488
"308" 0.644932571878306 0.755682605051816 0.621000734184404 0.728987411812991 1.87890785022591 0.276369078738901 -1.49480412555513 -0.775216481233277 -1.01967118784954
"309" 2.50637144275286 1.69006250691366 1.09258163810272 3.02377155758285 1.34335413988795 0.745486311658671 1.05167453555914 -0.970636659634562 -0.719701624759356
"310" 0.218389372184124 -1.62142155747038 -0.972232699706431 -0.856859044538989 -0.758316552608578 0.958930593919423 -0.51218027713252 -0.781517412434559 0.479111999931739
"311" 0.297881131259744 0.633570344592541 -1.15297638363501 0.152777834256038 -0.654770256721829 -2.22296408945115 -1.18990165276676 -0.315025221285089 0.172633411861507
"312" 0.275879383783911 -1.31151292434776 0.762253268214695 0.501608649272714 -0.271896681845526 0.539022430039886 1.21229113120667 -1.15726686761741 0.859473740012122
"313" -0.642337966661462 -0.725407878656022 0.155634004685948 -0.266615105435965 -0.306574609122133 0.465136590640455 3.74165231934241 0.70201358364185 0.427841352772244
"314" 2.08476365142096 0.719072765266922 1.69725830128077 0.34539056782936 -0.943060364647764 0.902478776456864 3.68652115229928 0.405661971208602 1.30986253307706
"315" 0.738685051110236 -0.679239340993013 0.452966471483277 1.54008200630654 -0.00706486465780443 2.20685080233627 0.823492973518168 -1.93688434944575 1.68645018008729
"316" -1.74153256370875 -2.25367184245555 -0.105296614878696 -0.0333155593437236 0.350758678364428 -0.447502779717222 -1.19190372705765 -1.29984736084299 -0.697877294404175
"317" 0.855243376090974 0.963426278287475 1.05689696280073 0.323277912217424 -0.785056520669257 0.650767146606071 0.339505162450215 1.48233371023078 -0.173931867075531
"318" 0.081237134399892 -1.3946405499686 -0.0198665165135551 1.14095906982405 0.251972399483224 -0.1133815711917 0.300847444001469 0.521879921900695 0.341991442577999
"319" -2.48037162277183 -1.44217701496417 -1.2329773472154 -1.4032627634549 -0.73508094064189 -0.487944745864964 0.345979828186428 1.43043664134278 0.532013587077356
"320" 1.77008489578842 0.834984969339112 0.0558971323689846 -0.284390186987708 -0.147316295535851 0.420170937875744 1.11070113246847 1.27837803432666 0.88812632364505
"321" 0.161630057982033 1.38155189295947 -0.00992438062872619 1.97655685602951 1.71453293691982 1.62360137715603 1.30751634567833 0.990361023309234 0.261886205624106
"322" 0.840787653553049 -0.0189578320955776 1.10481466227965 -0.775181197815226 1.6101509025898 1.01830494742568 0.265038767691377 -2.82417962198324 -0.429823661065325
"323" -1.2032519868605 -0.192941845808045 -0.232140768638836 -0.293069340161047 -1.1470227216957 -0.528569858371585 -0.496983282227677 0.000433879523378061 -0.242860297861133
"324" 2.26828584467686 1.00174543793654 1.45054119865317 0.737653756439446 -1.05644178554678 0.426338167508544 0.93771171640439 0.19255117279157 -0.829096124730268
"325" -0.831012623639284 1.10128539280516 -0.725792119480852 0.84087174354302 0.474207027423675 -0.513626181328857 0.45813090957961 1.16391631178886 -1.83755744684003
"326" -0.335496452308886 -0.163951749395384 0.739232943951865 -0.770651968948032 -1.60214298367327 -0.884424830315123 1.51359112005942 -1.02026223419754 -0.130277835841535
"327" 0.243256088633624 1.09609377322001 0.618787286338979 0.285903384385045 -0.0144095657925959 1.58897832159947 0.731651134427469 -0.265428411935497 -1.04884236181857
"328" 1.30556869626478 0.123040542363139 1.40468558069857 1.26406856688313 -0.110100048855325 1.70548163269701 2.68741229860449 0.891439537336331 1.79916233979706
"329" -0.42884898779022 0.605887592591131 -1.0009639894762 0.763692076641554 0.861091983728461 -0.802378055574338 -1.7628645810096 0.844062383231037 -0.322461681565405
"330" -2.32211058255543 -1.28271149641435 -0.0909748791939906 -0.865281708140536 0.960788627253768 -0.0190089013972997 -0.732670116458844 -2.52545295379917 -0.976423867061589
"331" 2.00259468120358 0.393628342304189 0.178711109988915 1.26815986487545 -0.742443425514763 0.947216674714827 -0.199959524437725 -0.131975709024778 -0.236322432732583
"332" -0.20792278663865 1.27109962626127 -0.234851497824186 -1.05988486454559 -0.734489098177256 -1.33337850953497 -1.92292552867478 -0.647712785153746 -3.45873445081009
"333" -1.26330592128051 -0.329818617555785 -0.248810307680878 -0.363845506829362 0.0795290920592818 -0.0192853259755201 -1.06698379416382 -0.66307109994161 -2.34724125940204
"334" 0.316721127956012 0.942607072451629 0.0727413066911339 1.35068550030727 0.110692171714492 0.700974585330758 -1.84452308589096 -0.418952763826607 0.197414015442172
"335" -0.452406148657089 -0.316780709806153 -0.408549765674745 -0.960115349525484 0.0601058348737906 -1.61480587098496 -1.63587941712421 -1.21691678997499 -1.74829716874363
"336" 2.01697780113285 1.60344029648651 1.09119245100762 -0.0603120077077295 0.418938543210283 1.1096122908647 2.66805665268481 -0.248705838514451 1.28302417028406
"337" -1.2896055486476 -0.901893695388183 -0.924968427727704 1.59026883241693 2.29271716280522 0.678176464980918 -0.979898390232649 0.0152972665996126 0.312690127410656
"338" 0.00711769620241892 0.447615851355152 0.505204626233793 1.98085138963938 1.1309624981504 1.06368649582447 0.66325428637993 -0.568772206862616 1.45455954816164
"339" -0.280606074644521 -0.571394382807747 -0.923405868836621 -0.396223083461949 -0.0895691856135461 -1.674595848114 -1.22587306512701 -0.712791494397215 -1.00805507833859
"340" 2.19100731384099 1.98058662406388 2.00960633279519 2.17932166239325 1.47503165916559 2.63380097058676 -1.54951819397315 0.239446146925681 -1.89186578647619
"341" 1.21960695596395 0.674510514944808 1.39714804281823 -1.44678068563515 -0.312561455396442 -1.25603600736412 1.91335429378424 -0.223735127944115 0.346238351795764
"342" 0.887604663246113 0.735329499418589 1.45213300135761 -1.04942879839956 0.0297453410561357 -0.354002693590673 -0.693286990843019 0.0893872248053138 0.879737464263717
"343" 1.45149228126167 0.579566455107722 0.913407752540685 3.40953742675887 2.02669923279276 1.41735747381087 0.40599064658128 -0.16222882084295 0.77699659417209
"344" 0.645575085322794 -0.173784600969898 0.197650873300249 0.42586782239497 0.380871272914956 0.469421055408387 1.33371978065469 -0.538806611376338 -0.160316707331905
"345" -1.22281638805737 -1.43870412780289 -0.12705163757004 -0.245408842893559 0.298314552496155 -0.346005539288054 -0.757313335254468 -1.07913888640383 -0.503783129586403
"346" 0.521247391195947 0.112617666050367 -0.321778480126192 -2.74116704531363 -0.926692091904743 -2.06400366415772 -1.47883951254027 1.46975623179086 -1.54019659729428
"347" -2.16173603276808 -2.1918039422318 -1.3313255251978 -2.3870892264236 -0.631512618848771 -2.16974336359769 -3.82386205067966 -1.4984701114416 -1.86932643532332
"348" 0.651724933650785 0.426544332035309 1.08452154075443 0.678736738116217 0.179288807022354 1.28465405096193 0.307237997322444 0.0232988520559886 0.29083396010564
"349" -2.5346738837247 -4.24555017136293 -1.25373527929058 0.365973070032756 -1.07406471861295 -0.725042413452507 -1.58584870155261 -2.01475223592613 -2.64101406934527
"350" 0.0609404356308185 -0.547864842319829 -0.503380403072982 0.155892401364055 1.46909404623247 0.90906576060265 1.30843681960662 0.650166566927838 0.316432745275951
"351" 1.13652286109826 0.801962174619026 0.426434984378336 2.45197104738475 0.818764178346948 1.06006145316527 1.98490323754684 -0.290791592652769 1.5331309926977
"352" -1.1404968158712 -1.27422924072111 -0.976748624027427 1.39805336625464 2.04203180059657 1.86251278909934 0.323051875305927 1.2858325108259 -1.02271549365648
"353" -0.424651752047924 -1.23893607949209 0.0105178527342495 0.679666487397083 0.132776491470922 0.229767348742596 2.33893786869667 -1.40629439887072 1.295902558395
"354" 0.192960130845741 0.0383905951046755 -0.914465053705388 -0.217534970713643 1.3451431224454 -0.799593461742802 -0.190066687677206 -1.01525076745268 -0.882127305684057
"355" -0.614853768624475 -0.676457267274503 -0.588180854996883 -0.482039194156896 -0.85967557062677 -2.61286224354966 -0.447329899988453 -0.580262199769433 1.0784611984518
"356" -0.405712345293711 -0.213647306442772 -1.10469012443962 1.0467338865284 0.324960982279664 0.781728295091729 -0.17682985650664 -0.592511509279189 0.0463783514453867
"357" 0.690907007350144 0.0768906048609422 -0.27620745575914 0.311160132621739 -0.930843468420683 0.0108402020882832 0.323626209326795 -0.0808583420646175 0.511750974340057
"358" 0.567828148488598 0.589327314144014 0.804483819745328 0.963576040034159 0.742014848002557 1.75452134186795 1.57141658076529 1.93165470935326 0.977173004522908
"359" 0.755234691337476 -0.0389402826527119 0.23084846158347 0.346600818348307 0.202471724722478 1.0388081313813 0.359272532215478 1.3052650506317 0.567750011449956
"360" -0.592516418081505 0.65286140425578 -1.01175550838327 -1.42047811486454 -0.348923550009626 -1.73431825624959 -0.934745621931364 0.40728270384465 -0.200174349710375
"361" 2.99869163483961 1.83508305497794 0.679685101565276 0.607875570682441 1.79824494175743 0.54424179199057 -0.193138011273797 1.03063453117228 -0.993576450042427
"362" 1.42139771803055 -0.23688464789745 0.690273605340103 0.852433297173337 -0.120091028190608 1.12821413748019 2.58120675302359 0.972745068329299 2.3625778812652
"363" 1.05234153660226 0.641091423515725 -0.12619637501613 0.0961272707645083 0.205570290955911 0.0747964082513149 0.468983761788805 0.819751342394607 0.216364260353764
"364" 0.864348919070587 -0.396156943683183 -0.0665906958009996 2.26767121446721 1.88940761103332 2.39859339233963 0.529386192868886 -0.0389285008453639 1.9035582986047
"365" 0.324180886948539 0.223863456738986 0.0297226860543839 0.24804949766467 0.511889166052363 -0.085585786677113 0.194686802934585 -0.661933237888443 -0.553908058195621
"366" -0.458137587758963 0.81347828175135 -1.38969369607864 0.68946704242737 0.590885049247003 -1.16927506115599 -0.5730528593336 -0.914163105539889 -1.48933108941015
"367" -0.361591360076039 -1.37678347309606 -0.184913645471411 0.701871388977308 -0.635585116226634 -0.95183172433969 0.265226245280016 -1.74419562060288 -0.415603304596389
"368" -0.272481225550204 0.317949206294107 0.00626818293354584 -0.104958825152601 -1.63593078383849 0.121795364329648 0.918463488782015 -0.293157476702571 1.31482425401789
"369" -2.21757004146236 0.34983072644968 -0.811418135663673 -0.817293142302895 0.681281145213258 -2.14470638672945 -0.478319267771553 1.83372556805779 -1.92647017198294
"370" -1.94157750185664 -0.934856799743311 -1.49088286054591 -0.204399018468056 0.208637393503109 -1.08207363946657 -0.362871704252112 0.402584019854315 0.425759220328557
"371" 0.206720949482147 1.78309743362438 0.745821465291186 0.824817160623982 0.724854137507886 -1.04494613955609 0.0470869697320564 -0.102471189357939 0.663392664889828
"372" -1.05101875985363 -1.04597294651437 -0.929497243187312 -0.600786649894664 -1.03575870315382 -0.270407044462715 1.70543475635312 1.3093337543409 0.793647236772864
"373" -0.0038324078843136 -1.91361251235286 0.0365916312517733 -0.593053082181548 -1.16774034845154 -1.74346945198369 1.42015546543387 0.425746834629659 0.468731044423244
"374" -0.81409154929259 -1.59697221155637 -0.4504372384676 0.146004870695379 -0.188093988803397 0.839996875653252 0.297126965729899 -0.168381996345548 -0.312532872793632
"375" 0.916566218169735 -1.01450257900739 0.151367188389142 -0.0929114881351916 -0.902585248704989 1.36921849511797 1.6615102834765 -0.904886204834405 1.34362488894176
"376" -2.12668765515323 0.173283844311523 -0.915739509274323 -1.53328724739808 -0.942482082972124 -3.27168637344241 -2.05686126903878 -0.520372849427664 -0.823509774032087
"377" -0.566146256126055 -0.436956891099396 -1.40874884224065 0.848400918848914 0.680289453041881 0.185460185394307 -0.993725164308556 0.499391706240671 -0.0258952885723617
"378" -0.119150630119645 0.197818928696137 0.885070735444331 -0.581868829017778 1.68512456196054 0.233438992836658 -0.917430730041917 0.612846999039871 -0.962909409853657
"379" -0.157784690111036 -0.125962360014504 -1.22581408762348 -1.01239002088747 0.176057136669142 -1.52298158103921 -0.349899042325498 0.65652998997503 -0.587880483119387
"380" 1.50394524029009 0.88274991092675 0.898542554303545 -0.215491684108453 0.44567273771978 -1.21935160794146 1.99324659126092 1.61889491187657 0.382535029457696
"381" 2.02187454794764 1.10461269296887 1.5337773901115 1.02965943048001 0.456606893048485 -0.732042232064932 -0.692273778505774 -0.722284733245212 -0.193711957151061
"382" 0.0315548002275265 -0.259215332436397 -0.467780792330055 1.82364076023546 1.49493945054537 1.04610267713651 0.323554009239769 0.351499858764716 0.628643298911359
"383" 0.877191735442874 0.665328904588375 -0.566694582063996 -0.144046042441539 0.50835423560062 -0.833288260857781 -0.527429940275661 0.11724388443537 0.417626358336728
"384" 0.67611909027982 0.0729424919894364 0.687692574632371 -0.093893671909695 -0.628288306397301 -0.177695935406391 0.662847584771023 -0.666214719886244 0.418352692531557
"385" -0.801864643668604 -1.0316558889054 -0.492522434693111 -0.384955665024635 0.243209591476729 -0.511271306594594 -1.01481260326248 0.962363853290597 -0.0394136767257238
"386" -2.90976157547326 -2.27074452731178 -2.01422686958545 -2.53916962474303 -1.41729504037934 -2.16207523709918 0.0111996636214077 -0.691780865551845 -1.34068995934697
"387" -2.62886898367635 -2.94678085823934 -0.929665091328383 -0.473615128990378 -2.38942596564628 0.869435944157251 -1.09192961446313 -2.12475589406801 0.246765789101717
"388" -0.366772559686028 -0.225388530385752 0.296879283908837 -0.142379158331252 -1.13790731402046 0.0606501654164848 -0.284466664799136 0.636033971911906 0.378732701416151
"389" -0.709315943249064 0.000820597095351872 -0.0333620952458968 -0.171816898864058 1.13954381661629 0.420474554940685 0.943896111310626 2.09401064360165 1.50341311527902
"390" -0.884739213586801 0.179388863383951 0.227336621409608 0.271989603122267 0.493371823497855 0.200696884060897 -0.449446085401778 -0.664228465994711 -0.928731224820553
"391" 0.614118875171458 1.31622233595016 0.447032660376151 -0.703417114811246 -0.116843723450253 0.331490049835547 1.46129426822192 1.47004527595686 0.674842637851113
"392" -0.55600843429774 -0.158271694598982 -0.192998830104165 0.927517080032608 0.354010679804739 1.39046783536611 -0.761569870061817 -0.0958984239787697 0.688497653941802
"393" 0.376102066673015 0.68723896135472 -0.231389276987615 -1.27764245553203 0.176125044694929 -0.663530424035597 0.291908246550166 1.20687718707841 1.42682316145105
"394" -0.745507798465451 -0.722267269270912 -1.0952956613713 -0.928254677498785 0.689589289359061 -0.658468553600746 -1.25568090659833 0.646120653169384 -2.30616188111435
"395" 1.48262444570929 0.805601146750748 1.46120631355077 -1.86244626603046 -0.207618908685501 -0.847795956563212 1.40225700246826 0.781901575175088 -0.464312541441669
"396" -0.199605926206263 -0.18135804232146 -1.29321232637152 -0.516228866600755 0.296932328373559 -0.702466104540949 0.311847075605017 0.352050577438514 -0.738651197299872
"397" 0.4849984872467 -0.974386253675662 0.0655212485868552 -1.90170208137072 -0.503694207228569 0.255850242685995 -0.945156208866204 -2.34015376755842 -0.912714880158474
"398" -0.77791828507204 0.38733170198343 -0.443330855326855 -1.08408932369819 0.255780866421434 -1.10435031325239 -0.535709694811611 -0.111666982825373 -0.0641102441699847
"399" 0.979288273507908 -0.365382274758377 0.267969093840463 0.966484218517469 0.0822894881103293 0.894895473393429 3.47102802284016 -1.92732218876921 0.958450487004519
"400" -0.032672352401489 0.354622702779637 0.309460801246203 -2.3365847068458 -1.06261420735606 -2.83779540469498 1.00491041786578 0.610104612550106 0.17442952176932
"401" -0.192194868566188 0.937390382961679 0.664618106926892 0.284549106478526 0.112724589456926 0.752663921827724 -0.661172670842382 0.122541487636082 -0.48915600510488
"402" -1.62812712557751 -0.949257327735912 -0.686178716233057 -1.65158888106541 0.772421612074073 -1.67990841214652 -1.18996899932569 -0.683601174926301 -1.01939715143139
"403" -1.08917699586469 -1.42076688456665 -0.792370927790825 -0.369461409062185 -0.34386703821311 0.890831158060599 1.23459823521573 2.51927172999049 1.43485660720137
"404" 2.65474437472141 1.45602819658184 1.68838021065645 0.718047951983974 -0.113614559038869 0.193086895542684 1.22447258230273 -1.03998040680713 1.4024087169776
"405" 0.547641352935197 -0.0968748888891588 0.769904506145942 -0.264310618573764 0.748174956822655 1.21631061656061 -1.13174499543702 0.184582857049417 -0.894148868377663
"406" -0.0413867138160523 -2.53817117420817 1.07828928639267 -0.154385294345198 -0.999633246000725 0.166608026519707 0.254693935732953 -0.927112625376955 -1.22186559172586
"407" -0.46836636449798 0.338176536195644 -0.383198561916865 0.154291802796351 0.753388224940091 0.533088296230252 0.0240473931094334 -1.17123771350059 -0.405046154634634
"408" -1.90590410025036 -2.33880968052092 -1.79551532996971 0.291663124461626 -0.522437527378025 -0.313556929523017 -1.27798639189294 -1.0072075416749 -0.330347963718443
"409" -0.155373544571177 0.0108937919501713 -0.0199994918995728 -1.05820464872224 -0.427881580246162 -2.22613972137069 -1.53410151599654 0.0354856143187472 -1.09259032714928
"410" 0.881562969166303 0.925904205430614 -0.150668466082373 0.532961422455543 0.296750179413905 -1.79283916552038 -3.14124078555889 -0.43542988980697 -0.59875301550315
"411" -1.33700753824179 -0.805949895961183 -0.245581918053387 0.0297016381779958 -1.90258052123754 -0.407526410483954 -1.05736081222287 -1.09233720642414 -0.197223914854988
"412" -0.273397636075455 -0.0285390845824064 0.355148854288775 -0.158059017512222 -0.757787095614102 -1.53506368346342 -0.613512081321453 -0.716275350974691 -0.533702650109746
"413" 1.19028994270957 -0.0123035942613294 0.791626269638234 0.718540904747908 1.10767037907962 1.83633344158483 0.652528827030406 -0.284673069307901 -0.268792770394206
"414" -0.805932324718099 -0.34675498450389 0.580977262989037 1.60821349013084 0.945256764504047 1.35496902946868 0.17348182030387 0.673839216193259 -0.00112131352910083
"415" 0.597268117398891 0.200668918250109 -0.27558079609262 2.26745474058967 -0.292751142589313 1.4299871929323 0.76958125746993 -0.0842667183627223 0.438634387658055
"416" 0.256379308521426 0.0417450620659668 -0.273537129163775 0.946188045479851 0.621558074991822 -0.571509221853118 -1.66090901670705 -0.392710175067239 -0.945794391275292
"417" 2.2378903311567 0.578937580920366 0.736089103262808 -1.37338123519929 0.13584873314342 -0.551426162411697 -1.00839152030977 0.692535098486276 0.489508566432811
"418" 0.129284876808287 -0.628904076014169 0.428393811846066 1.87721753778493 0.360942021066349 0.8383161909136 0.0150288339514911 0.161415395856789 1.29733536124955
"419" -1.19352710523654 -0.948675324161324 -0.838189615654827 -1.7167702589185 -0.816020705617005 -1.24427433856357 -0.931267089775588 -0.0913731481161816 -0.582012668510655
"420" -0.638705309850044 -0.558170910950051 -0.0996359594514303 -0.634838179842045 0.398614622329014 -1.13250422033829 1.20364474187455 1.55454322170141 1.30070838985238
"421" 0.771244718666936 0.726098184343293 -1.03574809433819 2.02851781191876 1.04501645599694 0.297055285998669 1.68293545083457 1.83959738616593 0.399481055424844
"422" 1.53785963084581 2.32008942272511 0.297418601725304 1.12901012142572 1.88152513728288 1.06790463896635 0.196802637359865 -0.172862528277107 -0.287540309934987
"423" 2.11276619117017 0.561240653406351 1.77458061317246 2.52163863532021 -0.57268874449279 3.01373458157375 2.68639405758966 -1.67320689744859 0.080732995381139
"424" -0.200804136292554 -0.889558900756894 -0.809170528449857 -1.49970167430012 -1.42262433230547 -0.875337040115648 -1.87825614023306 -0.85530208261596 -0.819853201455102
"425" -0.0590640136089237 0.333194501621547 -0.973745025589001 0.652162811195139 -0.410675312192858 0.298702903906535 0.486176722460553 0.290827064817793 0.581061674345067
"426" 0.608368192587242 1.26074617303831 0.612400062291277 0.142295897409487 1.82690598532634 -0.347743059827452 -0.754627554389883 -1.04432612197396 -0.601935198640107
"427" -1.76599059935375 -2.04661383321697 -1.01450364472299 -0.731298553674927 -0.0198913460373443 -0.984554839657222 -1.36834435896928 -2.30367434618366 -0.585736848497031
"428" 0.777343069861496 1.08274489525668 -0.158503650304474 -1.55655844953658 0.77436517275537 -0.393403185407211 -0.554936782071866 -0.53573404176511 -1.20034346457737
"429" -1.36935900624021 -0.553540595458267 0.128513305986289 -0.382775907844658 1.85798578232079 -0.467397848699116 -0.897180071069047 0.366421107941283 -0.354777205597702
"430" 0.839486246526527 0.612432959322129 0.169844425693888 -0.518115448500294 -1.82888678542378 1.20256178803517 -0.753596727931076 -0.827149870234212 0.436330771193625
"431" -0.85109963570393 -0.37610544329251 -1.21350687822059 -0.0372492982373268 0.871928278130015 -0.816728636349914 -1.02829860896357 0.0754421605368428 -0.320505004387684
"432" 1.05348356551368 0.430251252359988 0.0962308089449915 -0.634214850182858 -0.590952429879377 0.277027962278723 0.592292894826572 -0.36991071568432 0.371391375123759
"433" 2.48577293089516 0.08081129273996 0.803175320999612 -0.0368699902911117 -0.191706719777716 0.634922847426104 2.24061827947841 -0.0903216024816849 0.615620803028814
"434" -1.10312915536494 -1.19396796320164 -0.377097430343152 0.254218193599868 0.0721439715912713 -0.222328247355704 0.736296218257612 0.740076799675029 0.326327227262753
"435" -2.11904406850596 -0.0458805936674292 -1.95730837801694 -1.02896487367151 0.210745948423988 -1.03149759964694 -0.279974469477852 1.40304665013167 -1.55352511145845
"436" 1.60895316344199 -0.679351584583883 2.22234771805208 3.22736569756628 0.624176881716144 1.59013580880953 1.48107159871792 -0.972962871446245 -0.374940122986525
"437" 0.46743645060732 -0.934692647992776 0.331308398973945 0.0306972541374685 -0.489400952040346 -1.5878699941221 -0.561017533528443 -0.25746130406192 -1.05370812968732
"438" -2.7397094695988 -1.97137067025254 -1.7502280057391 -2.29076873955163 0.831501743154305 -3.83532024210181 -1.83357971042347 1.04003089432107 -1.81899479238872
"439" 0.182710087498602 1.20326357099593 -0.962805079904437 -1.88436664064866 -0.727701397416984 -2.05147957349932 0.432560911155116 1.83991664230538 -0.534949180034784
"440" -0.287888236179985 -0.900833564852987 -0.656401761631169 -1.84285434057152 -1.10728971823506 -1.06741360750155 -1.05562940829158 -0.567533142941968 0.00766270341084035
"441" -1.57189617573915 -1.55629140343473 -0.725497652048354 -0.535402589584108 -0.764824552866794 -2.04260766510912 -1.18992487042104 -0.133202151511122 0.146229982588325
"442" -1.24118953913068 -0.353266761066014 -1.10844926426316 0.994715799700778 -0.535227097764189 -0.180334858499408 -1.19671924727406 -0.0282375498843286 -1.59993760037957
"443" -1.24540289061042 -0.611382833104465 -0.480422370431699 -1.17464788767453 -0.495057839598534 -1.14462316914856 1.7366673332546 -0.684775337146164 -0.563440277289841
"444" 2.09244093626841 -0.104268720330021 1.25310687125279 2.19658304535763 0.427582444067922 1.88974654232428 -0.409810588291265 -1.48434806211094 -0.80793244146978
"445" 1.63872755168884 0.96008257420063 1.41786320621715 1.04920498745304 1.17465360360777 1.96836550583727 1.55476360194657 0.419226696588659 0.427795220317446
"446" 0.145833980879837 2.02663177473721 -0.958428967680365 -1.98237166913117 -1.67456006475096 -0.611589352976066 -1.14279044577527 0.914807472093242 -0.345466666189264
"447" 1.42110872959854 1.29325240004442 0.575058035719657 0.20299878047514 -1.22550082352392 0.164294187879261 0.833216680246437 -0.435893499257266 0.982768864266586
"448" -2.04658328635207 -2.25829933217683 -0.853296088418494 -0.691695072663861 -2.06165821362921 -0.946847069873468 -0.740129715314487 -3.83247591512454 -0.809618505656287
"449" -1.37287879894346 -2.00875951286845 -1.06152904045115 -0.232044424440027 -2.18641295286291 -1.06460187789483 -2.94696889560413 -3.03545177144589 -0.428601042714168
"450" -1.58918003932935 -0.900384111624998 -1.21863158616329 -0.411006523803345 0.616543165536649 -0.196517985475084 0.722298368408495 -0.354839280732364 -0.637170723389522
"451" 0.949311918473293 -0.387560759059953 0.765639506020862 -0.764304438180619 -0.491352600538284 0.298969312208152 2.04652695802277 -1.16355791659911 0.589618059746234
"452" -0.720664169771741 0.530234854274275 -0.365786273643051 -2.182841233746 -1.96783599138957 -1.12271009131394 -0.204310202087122 0.331391955646274 -0.296456463844894
"453" -2.22451788461132 -1.07122267140703 -2.10217789936927 -1.57794607311288 -1.05194656794509 -2.54612712571732 -1.33641847598983 -0.938180872397132 -1.11614488286549
"454" -0.0084414365971176 0.548507435183367 -1.35476034923518 -1.63578372222491 0.648509678885694 -0.4469933913243 -0.934066554115822 2.14494214460207 -1.27608022997311
"455" -0.251510006066099 -0.583897404543409 -0.773645617281943 0.336716355932202 -0.549619374913543 -0.0732816704084873 -0.548726868501824 0.737466665555549 -1.38205905789217
"456" -1.08117014757715 -0.421264746192471 -1.17649386656268 -0.533085014780118 0.702940684613887 -0.530872773370163 -0.167951244617728 0.313768378029051 -0.451397014470174
"457" 0.878342203874731 0.178948048145393 0.516132307198084 -0.0579079395113598 0.202204236172685 -0.017716787842494 -1.718253494258 -0.604468710450189 -0.825546264226745
"458" -0.0860323255573346 -0.653419448858763 0.408138803295692 1.12489618239091 1.15400345970772 0.829859421101476 -1.21373659082876 0.377238911038658 0.0733784178401851
"459" -0.556713562154444 -1.95112154989154 0.789797015246533 0.779742886633397 -0.408729490525739 0.131212120868108 -0.44591600427673 -2.70040631018663 -0.578265113900873
"460" -1.0160373670262 -1.45831116586301 -0.982069749808942 -2.44545586228535 -2.76453849805193 -2.61391733898784 0.243439729625322 -0.998189666314933 -0.034874487204878
"461" 0.215436225827956 1.60600934255494 -0.0945132009325651 0.156005621512127 0.452628514371678 0.0492518939895598 1.33508473676279 1.15690460122392 0.68727124487288
"462" 0.577386273821229 -0.405434368749813 0.226926381252781 -0.00748770720890835 -2.22122198998986 -0.26192580155681 0.672996238918701 1.1695835995706 -0.0165220557491794
"463" 0.636603575353631 0.4591189064438 -0.0350754315717625 -0.284809771704959 0.222316874199265 0.356082348818624 -0.767175711556319 0.353163962276452 -0.161447882714639
"464" 3.36751353824551 1.55468393105486 1.99834072933117 -0.31668946307828 -1.8119686900131 -0.854840796561413 0.868825876046031 -0.305090092323401 2.11610531523089
"465" 0.445729757154017 0.00676070696483633 0.090876778504616 0.235348327766455 1.62875767866119 -1.87883851906762 -1.53599137548907 -0.564250646915596 -0.99956696834149
"466" -0.120625580937296 0.571046855027762 -0.460164034435819 -0.34127919015752 0.338503699954768 -0.764639523109639 -1.73150493273488 -0.19118178581448 -1.36114101248883
"467" 0.0755298627507253 -0.596096968909812 -1.96440431860727 -0.428931010928839 -0.566848173112403 -1.49912186859031 -1.18435409475508 1.34441042561542 -0.850466172742325
"468" 0.830856558667568 0.188282972186413 0.911313741049721 0.70554783560236 -0.172416063606658 0.208946891886972 -1.59057540853044 -1.01524791790466 -0.845974235427904
"469" 0.762217092336444 0.00847108572168361 1.41660129846208 2.11530324104478 1.55971258476831 1.99082362926139 0.587248468460393 0.842379117951193 1.25725094861033
"470" 0.955844949913728 -1.62430942867699 0.437068318449959 0.342827184966353 -1.15739199775921 0.969146723994656 0.860687721454292 -1.95704112290848 -0.19879267665082
"471" 1.2010542050393 0.431961795436308 0.213268981639314 0.292827150714808 0.82880421867112 -1.19100560791206 -0.194504930990427 2.05578434177186 0.292227142210131
"472" 1.34222297946647 0.959376882941259 1.71360335824821 0.0708331248680409 0.36586170241897 0.692615641090658 2.2589662038164 1.09252620008286 3.12746021438916
"473" 1.65382775618416 0.6596195130405 1.21301184539151 0.758554246686573 -0.0769877721184079 0.989813218000353 2.47572712373397 0.305127024082081 1.83195021308864
"474" -2.29558610604379 0.850425437503891 -4.86658583486437 -2.51311886703385 1.42822679999897 -3.32005717425731 -3.36448542516994 3.14583074028464 -2.37003280822631
"475" 1.22939575411693 1.2260777238365 0.278065386442499 0.123941577480825 0.159797614417202 1.19982621113251 -0.686269515351034 -0.580957963379729 -0.512180983506072
"476" 0.86939395329218 0.322453941476094 1.337021592739 1.63751287317714 0.993148014366412 0.969776024001955 0.92733573557817 -0.286881303983402 -0.798439001313888
"477" 0.186638398686933 -0.00717010498323262 -0.930648714740866 -1.58290547867503 0.367864692393776 -1.17929540545741 -2.34788963465442 -2.26297994188471 -1.5719863150676
"478" 0.430684987766166 0.47561337144094 -0.745922445490246 2.48821090962267 -0.0917844797323073 -0.820807816488119 -1.94498508909913 -0.451029592701102 -0.67527135772062
"479" 0.805214503236163 -0.0276772890990627 -0.0673356187602411 1.25474967213294 1.57950203308794 2.37577850113206 0.785441068368056 -1.31357346329534 0.50443986048879
"480" 0.498566498881105 1.76441575654076 -0.589635186740027 0.906258976988098 1.33546612842905 -0.29149906282628 -0.882801684669463 0.98318106966946 -0.967842991431936
"481" -0.464115998067603 0.76029102040753 0.492416636052805 -0.0959000147598537 0.594135184083313 -0.29912488952446 1.12712419902738 0.155509253507261 0.556696889379787
"482" 0.00474561598341883 0.663601512603765 0.948282190372603 -0.0339697021841134 1.37161827300915 0.476717527078621 0.314765719798213 0.121827944761749 0.197815203485553
"483" -0.8449179761356 1.11999985944739 0.116187997818722 0.617604167574497 1.4944658370565 0.265862161390669 -1.37792809944779 0.34109142230271 -0.130973011969246
"484" 0.506001237607214 0.813834970376459 -0.195130846157052 0.35274983973875 1.06203564065362 0.912028293802219 2.35667821774378 0.538529394324576 1.83964993001129
"485" 1.6247620240301 0.100016412737624 2.1791693496237 2.04912465706272 0.241072058983052 1.74842932935287 0.670034266727607 -1.07170745749886 -0.782280838512349
"486" -0.331694907420106 0.358387154293018 0.141429098829618 -0.844192384555987 -1.72934601117147 -1.41604488971004 0.0600448293870964 -0.397687263132246 -0.191638979798723
"487" 1.26931321575625 1.26611317538745 1.02473975706494 1.03029239814379 0.164684302917811 0.95369251874678 -0.330193378228666 0.0471278541674526 0.205234061561503
"488" 0.779783419771487 0.576006183779576 -0.451479335485154 0.526614719490958 0.874580155108879 0.0212577635483062 1.43037686615782 -1.81082922680149 -0.551926576833878
"489" 2.82159563971422 2.86832830239313 2.41372214408059 1.63749096097635 1.13593667713894 1.82328836608751 -0.00934100858506148 -0.238991795905435 1.03840163185629
"490" -0.357317891130289 1.41997119845885 0.570278466803927 1.98243624857007 1.03088170580053 0.879013497168894 0.0312126658498273 0.652241116441703 1.08196000806619
"491" 1.01205582046073 1.39136317406215 1.65263099866478 -1.26234215883143 0.691256352184345 -0.239930324238403 0.582666922929254 0.287265950401209 1.70119062455146
"492" -4.29846311001918 -3.50786454962783 -2.11342337963742 -3.17356495484738 -1.54691270917953 -1.9987741212786 -2.07586638044426 -1.15583111445597 -0.484479402186357
"493" -1.08422503985961 -1.2354236098273 -1.39626317516164 0.258537762651042 0.253850672213642 0.298616652582628 1.26768521944752 2.02204053630881 -0.0788304682889596
"494" 0.163725760096622 1.22966525012132 1.19458731512211 -0.744236738681171 -1.77853717234143 -0.706460684848741 0.981190206962335 -0.529400833291741 0.241064240425262
"495" -0.897346215791638 -1.82258055038618 -0.0127868425612498 -0.182327763469094 1.40077106953244 0.344874196963044 -0.670419831583372 0.107368432761049 1.1635717847139
"496" -0.0855242830620417 -0.859411291428361 0.328281888169749 1.2327986933681 0.978112797423415 2.26507388939493 0.557741523461979 -0.744477882695303 0.754260789535994
"497" -0.196952350317485 -1.54476895874643 -0.984924859898133 -1.93038479898679 -0.808074604969163 -0.329834378898264 -0.545277647353871 0.283807108468911 -0.231477545991654
"498" -0.495287429461705 -0.617036028567727 -0.332064002144678 -0.826739648956695 -0.95990716564523 -1.16638783431655 -0.224428798093996 -1.1272495950594 -0.627436840404217
"499" -1.0956224027376 -2.06128181171141 -0.648752156268874 -0.435916502349307 -2.21149201460717 -1.40565464444856 -0.546074772987958 -2.37720657065301 0.284522259572552
"500" -2.60523396901295 -1.83523248746065 -1.12225187676402 -1.58098210976371 -0.722628809743633 -1.60205444379997 0.87687106354197 -0.377016596923293 0.757165379357224
