"V1" "V2" "V3" "V4" "V5" "V6" "V7" "V8" "V9"
"1" -0.132914320956975 -0.855605473095911 1.23502628907446 2.2127113823057 1.25105715405766 0.726697949917513 2.12973750995319 0.779880230805644 2.18254807584877
"2" 0.909333032469133 0.144600140558768 -0.0233162496778951 -0.431250749939591 -0.626717636945732 -1.26577705484379 2.98914440089677 0.0565405680664396 0.286947509874329
"3" 1.04836206181337 0.0977495757195423 1.61918739858087 0.0376587898244638 0.347926005915036 0.519732961380645 0.516624472009745 0.202444903739428 1.0817804603148
"4" -0.416142162330321 -0.315167952316471 -0.334361974345098 1.53627860605645 1.25716417129667 1.59527187686898 1.17438416432698 2.35191968729984 1.13658763910136
"5" -1.72875152741512 -1.92114959802434 -1.21427625108607 3.09277228381035 0.837523436766529 1.31440518135 3.86843886174135 1.87369832405027 0.550024781550932
"6" -0.400934293257637 -0.812771851869541 0.392910711886531 2.19023736918514 1.42187317084068 0.997057252580516 1.3682184542626 0.616145838346045 0.739376119610916
"7" -0.691393309678434 -0.259317563898897 -1.42831655805416 -2.27787660375677 -0.522996596303159 -2.64072720065128 -1.37322167753362 1.79573687477709 -0.925416409873093
"8" 0.00182272663178074 -0.880277996660685 0.639235832175996 -0.565936775350457 -0.419177722195773 -0.991662846628171 -0.35848082560065 0.191024650963861 0.538044505963479
"9" 0.321000505333899 -0.381598726181752 -0.569473311967422 1.56120488952826 0.105576193489723 0.444810376568587 -2.536309928994 -1.09836784116574 -0.0795936743915512
"10" -0.991556056499892 1.30689453747679 -0.175417580621162 -0.620796465475445 1.12456700547285 -0.538846170802335 -2.03289903316757 0.0531794362016268 -2.40809978154626
"11" 0.445722943463677 -0.796081707931147 0.845711231684791 1.09636355586412 -0.17121102106928 -0.189103616744186 1.75545669491301 2.21379408657944 0.970485128644633
"12" 2.21896615398537 1.99879232411728 1.50066702154809 -2.1778943298538 -1.29424987837549 -2.17578016704723 1.1463600652384 2.11356594660533 -0.0155386681502878
"13" -0.189559165476187 -0.962134975261404 -0.30582441283209 -0.772881599399886 -1.33091484220826 -1.57582846594714 -0.938495607411804 -1.95254400387726 0.545665462369152
"14" 1.11812927373002 0.455748596920127 -0.0299368042208205 0.388048368218448 -0.0824374848212906 0.603727636764524 1.51962253330417 -1.55822330056759 -1.11165193892448
"15" 0.167126287667378 0.607070672008472 0.845962615215044 -1.0057553900648 -0.108392920030423 -0.0669363707155284 -1.47053998273352 1.5069146325944 -0.269201897307318
"16" -0.423295511118883 -0.761834284354294 -0.471977878543594 1.12460605912327 1.46413062142853 0.0615473613265707 0.425519892247284 0.797344365181024 0.630946293961754
"17" 0.27071918493844 0.219798756945601 0.815293417569777 0.533969028091555 -0.439301092137978 0.425035692451926 1.06604814010274 0.634742945833536 -0.65754050764391
"18" 0.643669435042353 0.863748674502839 -0.847474651690119 0.0675758700054934 -0.280309410145632 -0.31697036395013 -1.17405871711232 -0.140544516317695 -1.31779853021074
"19" 0.514200421680999 -0.457241011274246 1.32285256727876 0.645589608288471 0.419689034319372 0.432818731797545 -0.582583551564565 -1.21435576519193 0.641874852942809
"20" 0.416698299808895 1.03063549411425 1.33233943980436 1.10069864073955 -0.279255558585099 0.736073373957341 2.24862748805885 -0.97067286131766 0.657644897780905
"21" 1.21473377366714 0.342214316641527 0.840494707764338 -1.156191927455 0.195207561146275 -0.065068435296268 -1.06331284830464 0.0257186400471476 0.186951253575096
"22" 0.851738565541048 0.397570696640401 -0.223840839853659 0.114979355137785 0.538334675896207 -0.699320628997584 -0.416499056709537 2.28396605090839 0.296833692590822
"23" 0.771899730102101 -0.944972767324117 2.32179557863545 2.80578360325096 -0.18801632749105 3.56367853733686 1.9894396398023 -3.41936494432932 1.85309718262117
"24" 2.46915997146718 2.87811560776029 1.15999611684455 -1.20198256241817 -0.802573182111746 -1.13065680966755 2.2293211457848 -0.208239920925393 0.153401462708864
"25" 1.13360286618747 0.180022482647734 0.238796696689319 1.97319130665792 0.544549273448709 0.447840702523546 -0.478633180731537 -1.80338222302711 0.287618322853025
"26" -0.258825376174572 -0.256751316529305 -0.498968193889356 2.03103794678782 -0.201514952182243 0.392753465031 0.371546847438205 -0.568387946956196 0.497147900611005
"27" -0.656573544988131 0.230710281666204 -0.314847775269723 -0.629108002984405 0.148350686227065 -1.88916888327375 -1.00719365338685 -0.165122592681248 -0.675415633132868
"28" -1.31040281469281 -0.588010799856465 -1.17449378288127 -1.05835732209394 0.0355081475394755 -1.6922931613154 -1.06689601961508 -1.09559042486827 -2.29906794744666
"29" -0.574810980635545 -0.29918211261211 -0.17392729141829 -0.608709050328339 -1.13035821681871 -0.651938301340858 -0.480544532744331 -0.632602662408688 -0.894723370200645
"30" -1.03845212057946 -3.15205936895096 0.130045643500502 -0.0598591086424217 -1.65598408226773 -1.29312789026266 0.886451487852634 -0.879655022110215 -0.401534108474046
"31" 1.61561298719759 1.25608732536842 1.04767286569049 0.315740045379094 0.59944835207457 -0.472235296253146 0.405112678819091 -0.206778673736452 1.7273770592847
"32" -1.37194090538133 -1.1350770848752 -0.965609977524615 -0.51882687611409 -1.3732359632228 -1.00099949450143 0.955857229225499 0.86467388963198 -0.938608474186129
"33" 0.235555310993816 -0.827918321168163 0.631079969929425 1.58711041588563 1.01892720008186 2.27223958364101 2.73123544723451 -0.658324252731004 1.25783093529557
"34" 1.04959814629817 0.556864920599138 0.058181690918684 0.597427259134875 1.33267049845273 1.12245600284232 0.710879781138639 2.30161239728009 0.785872754004329
"35" -1.05724603431589 -0.781999440564002 -0.747439569910704 0.285461049672174 0.954560899914317 -1.30745929716499 -0.939158645835905 -0.771500696591312 -0.20060418160684
"36" -1.46878104012525 -1.52022369033581 -0.791734510260588 1.23351516593059 1.01129043064019 0.0413186629648937 1.70712856928392 0.577497335131064 1.50581043274066
"37" 0.223759709803605 -1.28221118582366 -0.18231918875495 -0.784885830942069 -0.86112868623313 -0.00757795535902267 -0.0259515157187749 -0.959976439230136 0.576501618839549
"38" 0.661514175267016 0.453796625265324 0.873253802069103 0.969062699746186 0.783644680291526 1.81767836889716 -0.206399811334994 -0.733551586055086 0.498934371072408
"39" 1.34788193563515 1.91193409941206 0.30937875232702 -0.368503623242082 0.19479818954615 -0.389219496482796 -1.69670326423055 -2.27116353234998 -0.551897250271522
"40" -0.714059110039421 -0.530778922041168 -1.22047095317842 -1.2140438298507 0.288198084186491 -0.862776712309722 -0.69269322473803 -1.29303935778321 -0.647109118536553
"41" 1.23369728163151 1.65740825130026 -1.09130858224648 1.44305047491656 0.915348239994367 0.631577600284534 -0.448409575483269 -1.11806475801999 -1.94610136589842
"42" -0.181529043816283 -0.619780321595164 -1.21599257122011 -2.52751755496291 -0.139664514071039 -0.53027763317109 0.0397356328368149 -1.89790862820895 0.266414962340468
"43" -1.25760326737626 -0.787644955814676 -1.19426409080236 0.824620466721995 -0.530357363515053 -0.911934837556036 1.81009153000118 0.504606624896899 0.717511177381839
"44" -1.37301169750805 -0.301376812618887 -1.51642439371776 0.259881517506126 -0.0183836576330197 1.08332808751892 -1.95999257074157 1.54209621639583 -0.576184120652528
"45" 0.192178175527294 1.01478419836714 0.119444073232033 0.24757150455776 -1.33639097623252 0.0191528052731903 -1.68594281025355 -1.68704064206709 -2.17172705758571
"46" -0.243148373189668 -0.14645487466722 0.348520315525501 1.31939952011964 -0.814895801289564 0.284068147497838 2.47022847073786 -0.865505082198487 1.87346010417937
"47" 0.255191302172588 1.07860180722674 0.664205921324526 0.501008077357413 1.26480798012734 -0.345892461678084 0.207664335628155 1.77667143186217 -0.180635985471016
"48" 0.997783956281475 1.46595167203909 0.618929923447951 -1.50071048442212 0.914725829241641 -0.982214581334867 -0.512776553610947 0.0267749161410651 -1.03286032502761
"49" 1.27467545234117 -1.12705670580145 1.33161920661968 1.70700891287036 -0.652311419287671 1.73900590426571 0.692174395714187 -2.17893666148773 0.648639285617079
"50" 0.132758878846588 -0.344429762673788 -0.341915431361476 2.55320074878286 2.45960236742854 1.85692605080541 -0.499376702064111 -1.66937979739918 0.434720155054184
"51" 1.02756919170264 -0.0371789832733476 0.71081189541616 -1.09157231901082 -0.464325634426783 0.514216489338286 1.3864551176811 -0.0158436513034834 0.75573630930584
"52" -0.409167974661118 -0.937509009235393 -0.283808845054363 1.97375227122209 2.29408779037897 1.52858218514014 -1.06899325474098 -0.108631793941011 -0.125928469814584
"53" 0.416520535333993 -0.412747302276234 0.665270751248896 -0.740752670703995 0.138184982966003 0.405028361611805 0.636942402278684 -0.17550971090239 -0.0085979438510288
"54" -0.239358652323534 -0.614111775248196 -2.10273560134175 1.9812957176126 1.2584011475055 -0.52214451586662 -0.23653494897083 0.141539888327944 0.567934979189577
"55" 1.72102995078387 -0.9912889254814 2.37665217758199 3.51603172805545 -0.869839615961826 2.15618990980025 4.80718078531731 -1.44929849324846 2.56504902905628
"56" 0.325996241200864 -0.29113905325193 -0.346738105781858 -0.560425891479633 -1.0785928514576 -0.255382911179449 -0.866905051910529 0.295143687324315 -0.805566860715028
"57" 0.0100697008070506 -0.951944379287902 1.16045298016107 0.838052561044345 0.0374003311730187 1.40490706159314 0.851119958563217 -0.140984908088153 0.312401047814657
"58" -0.145768471128175 1.52816777839418 -0.356990525258866 -0.702020919080424 1.79601491953237 -0.804422419385687 -1.25005468170898 2.19101139342927 -0.362499279973755
"59" 1.01118792442928 0.940493401009981 -0.131171535131156 2.34662877434918 0.811812394512218 1.32850643622376 -0.829193723355052 0.0219280142534575 1.26224371285216
"60" -1.63121574616044 -3.14993272734422 -1.37763910416155 -0.939579568987645 -1.67730323705812 -2.46826117170815 -0.694730084783597 -2.23764463113217 -1.15891571715217
"61" 0.85793969218307 -0.551535449678185 -0.380226829578429 0.338261401216924 -0.173641387789628 1.27941330831243 -0.228063053265395 0.429126407079274 -0.188584961179303
"62" -0.304567353705117 -1.51954592807941 -0.000311323891287768 -0.138772911117714 0.219245013891756 -0.207959312825421 0.0551410897271248 -1.83635077603999 -1.40886270763315
"63" -0.387171167112428 -1.65097647302624 -1.10248183594917 -0.870003273193949 0.116630193441347 1.66416528074119 -2.93902950590666 -2.67182256017112 0.970215596451481
"64" 1.15360371847846 0.392216286664936 0.393179067288669 2.79380982816162 0.890172785326334 2.46899680664683 2.04547203499457 -0.755973102556811 0.915560463396458
"65" -0.0763315914075825 -0.919716768229957 0.834440042205896 1.08003699699085 -0.125831526673513 1.59031515629463 2.82361861646704 0.709955026388366 1.64787046193014
"66" -1.65068194380373 -0.182994188433742 -1.52062755780545 -0.605150126661262 -1.02064889455853 -0.816135869613843 -0.477392087123135 -1.89109607749621 0.755282822293742
"67" 3.39256296386282 2.59585758725303 1.49280517762031 1.38638742238254 1.54342544685881 -0.106748716485014 0.00607868941620825 0.249736924126915 0.0409447180031407
"68" -0.835684045201684 -0.742498736620536 0.298410748431238 2.10999430038403 -0.272433774277886 2.64888386973176 1.61169318517653 -0.988632712161735 -0.456193677112612
"69" -0.588734819623092 -0.126046195319244 -0.464969138685582 -3.49256149991086 -2.86382739325731 -0.565224043173766 1.28327278530274 -0.345952512536105 0.740229405841564
"70" 2.01607643473379 1.8456872572722 0.637801297078599 -0.288428613617704 -1.0991378156164 1.04486816951093 -1.62862908478513 -1.44427853112925 -0.632350846153958
"71" -2.47893918350046 -1.98888117525119 -1.6105070528821 0.0614442647113685 -1.04185411511049 -1.21106778630426 0.635560475616662 -0.362554352761431 -1.53080519678565
"72" -0.462670814751497 -0.087296901624612 1.06806856295812 -0.371851192728515 0.573985516483062 0.216037635488172 -2.50941655677554 -2.50515884486442 3.94662608171892e-05
"73" -1.53018878767997 -1.62624389027363 -1.72737769079146 -1.09454364159366 1.50461129882354 -0.890064906757777 -1.66796083454495 -0.259211290887907 -0.863615916874551
"74" 0.881954907042929 1.08308687610014 0.80621385210404 0.470817685374877 0.270512804822326 0.0937014228870311 0.707042363366067 2.63647811992651 0.579880234511119
"75" 0.0564752449526609 -0.795708389753348 0.25540957649204 -0.431714812481427 -0.447503173572668 -0.56647285924756 0.0196973514202218 -0.970945438814642 0.741331817638294
"76" 1.54120952519094 0.513723886135954 1.86072475991606 0.96219265481438 -1.89053532749662 1.53354668223949 0.821543024486708 -0.642230936284837 1.67194137660355
"77" -2.19000883471577 -1.62088857574906 -1.7824963248714 -2.65365291507274 -1.17177277880205 -2.06122618255657 -0.126948101549528 -1.07337146106604 -0.0123791703911276
"78" 0.806731098074524 0.618315598125783 -0.228181346854859 -0.445888179623558 0.216865742270335 -0.243374152905058 0.36537935183852 0.519802339176795 1.70854373499548
"79" 4.15872116055242 2.30150171684619 0.910464554975309 0.981039822725562 1.99002151386983 0.967944609167339 1.20924208614975 0.562928995928015 -0.482666502943727
"80" 0.277061579460835 0.724406024300319 0.869464534477062 -0.871749183122494 -0.89365202829064 0.090363503453169 -0.860625270761724 0.0782142741327765 -0.509125125231761
"81" -1.20230646875371 -1.81174377073546 -0.897669754555117 -1.94069054902463 -1.09833775401616 -0.720591554406387 -0.191295185761958 0.45761217486239 -0.617866388060674
"82" -1.38267674384748 -0.294132978864381 -0.358492644624852 0.968734985290169 1.07281105223678 0.0814598965275347 2.27857702424427 0.531993497325615 0.561110754517722
"83" 1.50591301963182 1.82872758851058 1.76311609359291 0.205315695841768 0.914934333038364 0.880932365539626 2.05917728058237 1.29238401443343 2.00462217132479
"84" -0.69451149088835 0.760648682792727 -1.29547346649871 0.271270286928943 0.135089123426833 0.107988488897926 0.246853651024305 1.98132609622484 2.0039867320907
"85" 0.862685885618799 0.832726793375684 0.630172722490927 0.439271773488207 0.602376372405325 -0.5682467228988 2.57740560720474 -0.487329745903807 1.33335835754465
"86" 1.56702613812841 1.65103189801466 0.533600431996183 -1.70167831913879 -0.220309715368268 -0.707276114473015 -1.14248842083516 -0.459462037708542 -1.16747569967376
"87" 0.0950038248521518 1.27082720627865 -0.342843741491299 0.0400439586304218 0.092599996320105 -0.79695311771711 0.665760383549929 1.57694694592321 -0.658373748607328
"88" 1.19497264146281 2.11333480306643 0.284080213736787 -0.0690096835274129 0.728412025487589 0.148677757446884 -0.95129768248114 -0.512910926005467 -0.621381553035409
"89" 1.73489921093668 0.540327673098272 -1.03928033817571 -0.914549867075823 0.704567830475747 -1.5200823538239 -1.80703680761547 0.818479947716898 -1.30707632503576
"90" 1.1418354311994 0.292143184967645 -0.079054743358091 -1.90217288134997 -0.858552934171182 -0.317034406381702 1.83735780125572 1.64035366868102 0.4287499854799
"91" -1.166043846617 -0.624638982322231 -0.99639278627971 0.493233637952531 0.0962262791709513 -0.416333982849445 -0.109256576028119 -1.00605526307091 0.106380925392538
"92" 1.42638229322621 0.222523403834809 0.583021625779964 0.577372001265482 -0.633523907937034 1.38226621857513 1.42003309965592 0.919005661249709 1.23570300449239
"93" -0.503455932285226 0.111771899575008 -1.66018683047195 -1.80270988898461 0.481321693046234 -1.91664606884589 -3.66529027068766 1.54907854702093 -1.31117493310645
"94" 1.9224936355146 -0.232584127974408 0.243962148231173 1.49441056986713 2.21990937190432 0.840697741785411 2.31071879220067 0.667313513732422 0.584719823171283
"95" 0.386118910969529 2.92761052234492 -0.609121519662308 -0.334562532016205 1.99818683320557 -0.554457330402325 -2.02112623560357 0.103546044462648 -1.39329800730151
"96" -1.78247087055597 -1.99187336168254 0.102587653987485 0.0163291191998519 -0.481398688156677 0.665156557088527 -0.111142788184856 -1.05332232781603 1.5058885632575
"97" 0.329006743544679 0.881522353433992 0.163933051171024 0.812868558163159 0.552591887555797 1.26669529613871 0.712728543847622 -0.268432409107307 1.55401425963355
"98" -1.03692653301267 -0.482559959961203 -0.198669261303622 -0.491732299587038 -0.836292776040311 0.0615927409261547 -1.50778656441667 -3.06908986094021 0.376407137162573
"99" 1.11782046453256 1.97720368682659 1.14533416148652 0.0969980584124313 0.243841353542934 -0.99458970683816 0.165137982636997 0.630676347232692 0.66062736891402
"100" 1.99097410903464 0.759855240971567 0.281248651909745 1.0121373095204 0.708514329004942 1.92836933304239 -1.33977423389146 -2.32349338029532 -2.00225270982935
"101" -2.17995010575948 -2.29545654494061 -0.773870819226265 1.01879432154383 0.243299137493068 -0.627005821678443 -1.28160716713687 -1.16041087525355 0.0363895628099543
"102" 0.0634662760702991 -0.789340067454509 -0.038639308470167 -0.238581452447059 1.16332537183886 -0.637692923057046 0.341586550717461 0.0675957569853978 0.0647531212699297
"103" 0.192152618484453 0.308937335259201 -0.287389909631236 1.90676700413669 1.85190717764505 1.33799339487819 2.72444085022245 1.09098872702072 -0.0741369644458085
"104" 0.217270510160538 0.829185176936756 -0.0374669392994894 0.770012964868121 1.8524010297433 1.67839002893884 -0.723017183283917 1.49939217743506 -0.623168306163397
"105" -0.387675471235118 0.965427954789362 -0.399773292383215 -1.65097756026632 -0.793908961792118 -1.34346084763028 -0.49767536114896 1.30651360649155 0.582322938439974
"106" 0.697133255276848 0.409639257027576 0.464390206261816 0.929410911766078 1.01134763500931 0.960733868001451 1.96149038554858 -0.0296491794474815 0.496810674309783
"107" -1.14855448350694 -0.459324945049482 0.132706008393579 0.0983439290440983 1.0726631540172 0.327106648790979 -2.26606461750964 -1.54774016473341 -1.03011220955838
"108" 1.29527055458662 0.477955106733994 -0.00101912844455349 -0.474246170378065 -0.138922831122143 -0.413510975232414 -1.26289582621494 -2.36269582354213 -1.01939129150937
"109" 0.214380231091703 -0.853056919668295 0.248574821509631 1.21726116152787 0.122737288411281 0.975133013018706 1.54732509750045 0.614391274864629 0.488381465447333
"110" -1.06933381836519 -1.22082522407414 -1.11314841117641 0.163780662380845 0.906331414745417 0.466584349654807 -0.270584813737597 -1.93047893971753 -0.341941898653509
"111" -1.09443112012752 -0.601271929377122 -0.62257712418649 -3.13509958169245 -1.61094785013921 -3.46405445034293 -0.403959026005046 0.695609132332194 0.489619978478732
"112" 1.00170973863393 1.47186006912073 -0.130040072572763 -0.265751448943235 -0.458461711039883 0.258337571057092 0.278821606506638 -0.656707064047826 0.377917422435241
"113" -0.502528960429148 0.680837997521333 -0.152912588809631 0.47487842512969 0.613310500960499 -0.704911260580761 0.382574262098337 0.234940895956418 -0.831676696759287
"114" -1.56605180679185 1.58258106164382 -1.54338408118139 -1.13483692374364 -0.0077233521049746 -3.23679469247352 -1.65151465879524 1.41158693840496 -0.276099716895303
"115" -0.747411374380205 0.899116019577782 -2.27875073664648 -1.62001818656682 1.91500864036291 -3.21425521664385 -3.37165215546255 1.86575162278573 -1.26239516016699
"116" -1.13119822997829 -0.486684414214846 -0.432894116958557 0.913672132307517 0.960207578172538 -0.172263436606809 0.326982336525591 1.71538775927223 1.2138411890639
"117" -0.372020723576544 0.31797239587508 0.237146648074136 0.850723627339859 0.454483567020811 -0.83835519247946 0.534668909024729 -0.559270113736094 -1.08920913584572
"118" -0.72575182724799 -0.421508146496981 -0.965579953128805 -1.05165487034776 -0.286323314553416 -1.57246823496196 -1.15681760132786 0.3214691929391 -0.818231071144586
"119" 1.06469550149825 0.620548476220756 1.43547649606657 0.935334383961922 -0.624687223184662 0.597451289324068 2.18048771309621 0.504029555191351 2.4169433081202
"120" -0.583043980043686 -0.285969586544334 0.224177733393626 -0.456881008836953 0.130467421106348 -1.46243173799 0.837928845118459 1.61901804903608 0.67622166459967
"121" 0.186598092917345 -0.160329593038341 -0.50835496421798 -0.00858668473930568 0.914855732978962 -0.224974377648174 -1.5582307397222 -0.606111594181865 -0.607982622620956
"122" -2.22070700028833 -0.790721737488899 -1.32427184623077 -1.75608514720731 -0.00659166378249507 0.10017023469803 -2.35318675930933 0.0394141259706462 0.477130646365851
"123" 0.314571945587108 -0.444576621845297 0.237843223948597 0.149577352751723 -0.276544234997027 1.09101302860522 0.945336548292593 -0.283457271599189 0.162110896523174
"124" 0.945046483874967 0.50266769137508 0.253909836794951 0.521524991347892 -0.452185063819601 -0.112941088929715 0.969874160717532 0.722854654199294 0.502870950463794
"125" 0.219976555438149 0.146899392495025 0.491636328049161 0.544276804533464 0.101534320029427 0.899992713828223 0.201833188076789 -1.14424211962692 1.56320075411724
"126" -1.43284266166173 -1.37579590628443 -0.592801818741207 1.00194796335923 0.777140152586022 0.353486390113134 0.308583877703562 -0.599356042417477 0.671816937127936
"127" -0.599728450169507 -0.281932816621594 -0.310690457857349 1.13956749205472 0.732354077649332 0.592900802267217 0.505564673256149 0.226324750027046 -0.553114831481914
"128" 1.06983874607767 1.50577231951016 0.283054611936523 1.17696262248628 -0.301888227812704 0.528555508095742 -2.20369996325738 -1.71154846373016 0.0952710344287807
"129" -1.68460669637363 -1.79858463957757 0.289725195969829 -0.858258810054236 -0.576665643066871 0.603248259108487 0.733619840180997 -0.516030209259511 0.432486114718807
"130" -1.15738141625298 -1.34702629703728 1.27066789824796 1.93034422042833 0.864326602310059 3.05756222988229 2.25338753081232 0.351424993221002 2.38765128835454
"131" 0.773872046223086 -0.117700264145921 1.01475845504027 1.16139180716801 -0.463744973153526 -0.191500861577808 -1.18507442199396 -0.351639226446965 -0.101352193601024
"132" -1.60102140188174 -1.51408616790599 -0.691382534129426 0.34348778520182 -0.184265316801969 1.4811405501204 1.10001036658287 0.612877327457292 0.814711716876768
"133" -1.05346891819347 -1.14656809302927 0.0982989668409706 2.05816951819442 0.786323929186413 0.75243797786481 2.03477942803803 -0.296643840485451 1.33764751607459
"134" 1.27533235007584 1.05055042545329 0.878920045348147 1.21728262975085 0.0382456914429971 1.36925620420956 2.40820532151049 1.35378483239519 2.10332322641014
"135" -2.61309449818995 -0.702561882205697 -0.457434203476906 -2.02685251696458 0.4679921163136 -1.76327866224518 -1.73848574203967 -1.87345871110234 -0.55653132834729
"136" 1.42065104429926 -0.133856731479122 0.745411033043393 3.17916335480278 -0.0979386047524711 2.59239871963153 1.68111365339451 -0.725498903327576 1.26252230344848
"137" 1.28264127806435 0.534044814503356 1.60030467131866 -1.25193421138909 -0.447884226672272 -0.458612169696088 1.09394657459669 -0.903559845325477 0.828897984007716
"138" 0.476261599653601 0.47033080547276 0.146056990233115 -0.436713795544281 0.0556949645994668 0.475763697787636 -0.575072485381056 -1.05616062870161 0.173485039251813
"139" 1.38342531528136 0.627670121608119 0.459874537675962 2.03016539953315 1.51144768399106 1.79730950376955 -2.1145754791849 -1.08268936405682 -1.60868264447704
"140" -0.999068980231553 -1.31618170968173 -1.2169748300381 -0.150658918117346 0.552021473733975 0.585311351920106 0.121354405724885 3.35415003701234 1.5897591562244
"141" 0.582227598035085 -1.14457696917123 1.33830097171399 1.10654787788349 -0.136781769265256 1.24627917563708 0.63815250892502 -1.24491976851642 0.457517444081183
"142" -1.38479654356781 -0.360695487292402 -1.10055178369642 -2.41377218131538 0.0175936220948545 -1.43971491081439 -1.3123101912757 0.868972267148764 -1.00364148448011
"143" -3.84883438136108 -2.73213358924766 -2.49500316629461 -2.30903905619056 -0.966297886890955 -2.69039844580374 -3.29269715204781 -0.639576468343288 -2.08324748997912
"144" -1.36659713162289 -0.388812967719977 -1.79534485071267 -1.06605476185028 0.952531288042857 -0.839461454195618 -1.95524202927276 -1.76392264840963 -0.795648052079891
"145" -2.92123952489176 -2.29809387965438 -1.71298116479985 -0.683699388521908 0.392256445942492 -1.71806252205579 -1.54704872445599 0.686722948353561 -0.887701990058497
"146" 1.1451995025322 2.02381515818506 0.285689834764184 0.326140244676659 0.331019169077455 -0.402997168172757 0.0704103271312735 1.23829699363501 0.23212227574745
"147" 0.883696144425147 2.12449349630531 0.957302928376182 0.689177856282933 1.89880532256511 1.00795178019425 -1.64232393792282 -0.130668097704024 -1.63605992275832
"148" -0.954309996498756 -1.64574790455714 -0.781138379560939 0.305003137449404 -0.249495417780166 -1.16305703460264 -1.51847648139104 -1.25166516832812 -0.214172928000412
"149" -0.577935998715149 -0.463211920060792 -0.357000897155631 0.122716434728958 -0.781530432004044 -1.07309097060823 -0.466858779288884 -0.571276120383708 -0.198027204201267
"150" 0.111143160560127 0.110245232376485 -0.0492908885232284 1.11040011791639 -0.025955246015082 -0.16043634693458 -1.42488133320492 -0.208358672555045 0.0899620830357028
"151" -0.0428706309404725 -0.574031224378413 1.04335338835243 1.39433509992092 0.0586981612220183 2.37008184290569 1.90072564635868 0.75908144768069 0.798768396946016
"152" 0.0230201955944793 -0.8602119160981 -0.077041177520339 -1.75366982516651 -0.794706501913877 -0.399746785288531 -0.655769116401442 -0.482589971663112 0.371094942244198
"153" -0.856553075664725 -0.290653203197788 -0.381918385350904 -1.18807179573889 0.880144715230188 -0.284574398175373 -0.473601399039254 0.0672504546182644 1.68035099957693
"154" 0.763267137161508 -0.749522715306774 -0.0280130413644261 0.377279294482087 1.34201782612704 1.45165638576764 1.57264589864242 0.653893673097069 1.65329391734646
"155" -0.449265139669434 -0.872571724552345 0.305360841848683 1.01806959930758 -1.10649679333066 0.115420671899651 1.61796061772601 0.927218198563073 1.80617427788423
"156" 1.03999984614177 2.04388444553641 0.384427480078261 0.76580092545826 0.211287172627388 0.269447764782279 1.7191210395014 1.46009512602315 2.01010868854322
"157" -1.38599957504993 -1.5734575113042 -1.15810015537621 0.120511658400869 0.656583659221646 0.565206646723185 -0.132204774170284 0.303899973024811 0.0178784136611684
"158" -0.4002920755116 -0.45812005967886 -0.401707300986914 1.17023801397409 0.170191104448408 2.66787928360108 -0.717225972278831 0.662550712462405 0.230643070141038
"159" -1.24962537488253 -1.97491281478175 -1.83883348337338 -0.258031001187595 -0.364501948355174 -0.8429948148775 -1.44358453298956 0.293975180109701 0.974326622780677
"160" 1.04218206033978 0.693802336288465 0.339431025106456 0.198340983882361 -0.931256963295105 -0.681570810824767 0.0198118279133363 0.688626293976496 1.07466598592078
"161" 0.440740060669151 0.988640666497818 0.145977224091508 -0.314043373960303 1.03169349999439 0.267474138112966 1.7785164622289 -0.62240679863299 1.15573848782656
"162" -0.433842590676851 -1.0145407118006 0.579613907436103 2.80358272851282 1.66180760992762 1.78533397488253 1.80389343499716 1.34786644317312 0.129949025713271
"163" 0.884505338819778 -0.381961628500133 1.14232364404136 1.27455311498917 1.83549376213343 0.965530294690936 -1.33396447805274 -0.625162020214938 -1.79284980158649
"164" -0.282692291735239 0.181378434543587 0.142979722360824 -0.791822143680023 -0.886720971560031 -0.465470936008367 1.17222833110605 0.687880763825516 1.19567265007155
"165" -0.262103884751474 -0.961847460926289 0.0291446973308467 -0.309563636995086 -0.673868583456171 -0.701624496400548 0.7964393165392 1.41758817699273 -0.167205666853023
"166" 0.0912365827927735 -0.649526482166618 0.614838418745348 -1.01338843166826 -0.323636396392469 0.555853627236625 -2.80442755293863 -3.29879019493619 -0.0473340193440079
"167" -2.91646854951459 -1.54514196081664 -1.36470957710046 -1.94991428892974 0.0334030160466885 -0.968898007211302 -1.57236828726938 -1.00981763614202 -0.0359137973603119
"168" 2.03082502900206 0.789366387641804 1.09720677958902 1.51813624726813 0.436420241668051 2.14263101809683 -1.55524959989789 -1.60619713937402 0.609803502788537
"169" 1.07530787274785 1.83851252562001 0.492481523710965 0.960942463505692 0.472539992904467 1.24037353411296 0.327510071966687 1.71258570038245 -0.807493364075068
"170" 0.239381076154782 -0.0603198577560516 0.94430623292278 1.99848712231319 -0.267946867333533 0.71627931369694 1.64579321535726 0.363494348807142 -0.176934763275389
"171" 0.0616308163571553 0.73681390019614 0.0488770137360893 1.79888752435645 0.750649775276249 1.77152639092064 1.29086724280486 -0.201002030935861 -1.06076282066752
"172" -1.25065361306198 -0.667893981741516 0.31093339073641 0.147423621956323 -0.278485052382743 -0.276376887866275 0.382750328103953 1.32078065307266 1.41069608365638
"173" 0.0721497734032128 0.959808667462907 1.19355405768124 1.96959173780312 0.346853257942989 1.14327306998775 0.197033355723082 -0.587398190737681 -1.56849000781773
"174" -0.423155521520905 -2.38365260423636 0.335829489004827 0.0420731723085659 -0.952241573973192 -0.383943798058694 0.40579494259385 -1.28350632973254 1.71536378269988
"175" 1.76730146829633 0.439940992446509 2.11412940505398 -0.699436985427389 -1.77512880793485 -0.0824431565476501 1.48578374955905 -0.328478864398887 1.83796084827173
"176" 0.265075052398228 1.14376450384863 1.52517486930108 1.16522462144601 0.433856972914096 0.623720366796217 0.55766441379233 0.758412644216628 -0.100288950318162
"177" -0.375344861488375 -1.06432490520849 0.155180652003293 0.396128633482326 0.998410186393544 1.24535697686621 0.811756851257607 -1.94738649581708 0.747350800002365
"178" -0.81380740771134 -0.520958810848477 0.212087064668663 0.491856645180748 -1.00972012251782 -0.130916265732115 0.269134467584756 -1.44855373608872 0.0115861864884698
"179" 0.717784350255255 0.982361539503446 0.666817891598863 -0.123999533963023 0.529494200795758 -0.146361782471966 -1.09185109023731 0.260784288916156 -0.612095737175727
"180" 1.41675974719658 1.08909013249317 1.53376906222964 -1.25633844918249 -1.03415009261422 0.266276773909173 1.92562632326864 1.56358518655137 2.13873050472581
"181" -0.265073007427541 0.232022920373966 0.266533649075503 -0.614849188309906 -1.10896540477353 -1.26588930103048 0.484516202486775 -0.746171813932873 -0.550541481441098
"182" -2.47926304176099 -1.41180433216693 -2.27224392935236 -1.79183030430404 -0.962640460995565 -2.70876983111416 -2.73819813997558 1.12123797485646 -0.285523465930409
"183" 0.691253576802428 0.331033905727038 -0.908574422061895 0.495574768873251 2.73053340249728 -0.160695107450601 -3.53752299240154 -2.27248028306977 -1.98159343787851
"184" 1.12114933017827 0.912181615061676 0.143534205413908 -0.285298408888832 -0.142414972260799 -0.748323072948794 0.0252376844859533 0.0877232815635163 -0.334915242607915
"185" -0.361868576800384 -0.97447017076598 -0.680975236943233 -0.941962032726784 1.08211174716367 -1.0379168819282 -1.43118089739344 -0.102436418621962 -0.738351499762883
"186" -1.0637995734764 -0.169797445995085 0.726398814986235 -0.658025030435074 -0.676978912480125 -0.149827043263686 0.496895889409757 -0.0476643500698612 0.164251330133695
"187" -0.141354901907271 -0.114388747038731 0.640671571188546 0.721553108451643 0.0539855419918276 -0.26378579818108 -0.414417430378715 1.16552673379591 -1.46950275303545
"188" 1.47118975892146 2.43215148564737 1.59674314967205 1.04733916787783 2.98692330659546 0.805536541670356 0.881746607602752 0.807663292573713 0.0567656933940513
"189" -1.83513646738361 -2.53283438840105 -0.749503812146784 -1.36215738719053 -1.66409641654173 -1.32337596062465 1.49111232668867 0.535021772958861 0.613726095908856
"190" -0.484940789742504 -0.411468336512531 -0.684691080165343 1.56280567325556 1.78220311629063 1.32623757302955 0.572981299910309 1.1367472217295 0.680045546138085
"191" -0.372311992996465 0.00770638737015961 -0.787171136274006 -1.79721598287724 -1.96948838304805 -1.89897392426278 0.0897340390555986 0.181464890634932 -0.118513194667593
"192" 1.40863927075614 1.71152046861389 -0.00859297860001007 -1.76296305924756 -0.573589989103735 -0.371193219931949 -0.616218697860384 0.192075936285527 -1.5812038043167
"193" 1.24063781527414 1.45434499241619 1.6901386728711 2.39006448192813 0.642724819170953 2.42777921616707 1.77027211193799 -1.19652080371724 0.713727073758773
"194" 0.660786159793336 1.17171162809013 0.296885253247005 1.20936583915077 0.258227142090011 -0.121986463509398 0.76796606737109 0.559641808915118 -0.221059369722139
"195" -0.987691751522066 -0.68373692848986 -1.3617253690449 -1.3236113455191 0.36760239907368 -0.0282957256215076 -1.66493409713915 -1.6295410486926 -3.02296819366095
"196" -2.02080200810652 -2.09533200736529 -1.29498432525416 -0.720161324761408 -0.440966892851516 -0.564557069835945 -1.17839107193282 0.651721118010574 -0.972173178621574
"197" 0.141053387554167 0.264628498328076 0.495281914634659 0.844373172074485 0.0594515390516718 1.79549626771365 -0.767513226107756 0.0745842895915482 -1.05872977579481
"198" -0.359418552928267 0.106011409007597 -0.158575035933342 -0.459455251561813 0.679195930437322 -0.427501566123231 -1.57484035605468 -0.446008747559149 -0.717755101325962
"199" -1.00880099469553 -0.665360210851022 -0.693999184656651 0.916779678608806 1.3139229492582 -0.180222472910724 -0.622372868607219 -0.658064105032282 -2.48347099685296
"200" -0.734716763650779 -0.532336608224552 -0.336161720720903 -0.246022687953203 -1.11901125942654 -1.57812848893353 -2.36691123464017 -0.778068776121991 -1.53135942265362
"201" -0.552909656095674 -0.885584401502501 0.655610228349065 0.946413266922721 -1.33673510281059 0.136211575259237 0.971172685173708 0.168693577415597 0.663319531707575
"202" 1.36395235549695 -0.395858649206623 1.07019482064953 1.02744941631872 2.14871878109884 3.12102715438483 3.49817728569929 0.259892396920867 1.95545140206446
"203" -0.75718861233992 0.0513532716048654 -1.32773260430046 -1.81213879565612 0.988819277218719 -1.3039659353401 -0.35270482866204 2.19372929338144 -0.333620020047582
"204" -0.0117542143782976 -1.82968120601128 -0.742053950456676 -0.924440388083612 -2.10290701149252 -1.2502491023331 0.403531791127985 -0.393271640247554 1.17522316867244
"205" -1.24899232810132 -1.60112202647126 -0.997162006160814 -0.248905576027368 -0.654046805393718 -0.643186724178502 0.718548043681721 1.70529535897965 -0.0463363342919789
"206" 2.3445712958174 2.70459231335921 1.36309391850909 0.89217407394846 0.846365622120158 0.437681484547055 1.19183426768404 -0.453435742578697 0.131198708062067
"207" -1.66800307942749 -3.60328507657372 -0.92698536885123 -0.0875733624278791 -1.2289853104092 -0.471437131262117 -0.99653767180179 -2.46387624652006 0.380377794335782
"208" -0.583865912726544 1.08092483839925 -1.74940064128879 -0.865557128020727 0.352994235490609 -1.45741274468181 -0.925858583561269 1.40773836185492 -1.32652595319172
"209" 1.26163393783585 1.49961522436515 1.37796985611239 -0.798676733506443 0.55171126272755 -1.23100985125775 1.48248866490478 0.976041607341389 0.785093439380826
"210" -1.59878198910419 -0.611668299783566 -1.48112685922732 1.60530779739699 0.654067645446202 1.04351430806308 1.37348987739969 1.30459476530165 1.60180543256552
"211" -0.687248069008084 0.161800893379906 -0.968802500216678 -1.41754897786271 -0.634252369824952 -0.866389379595789 -1.17100187670643 -0.866129696227612 -1.13053067558483
"212" 2.01643721659832 0.263244940841027 0.434516485599777 2.24096811343605 1.94357516560039 0.808858546838346 0.0817329052063378 0.224578227984689 -0.770712843286858
"213" -1.44852168952254 -1.0588435676666 -0.888043397073977 0.258856948847424 0.132797855681229 0.500642523572715 -1.31850841340271 -1.27882016507356 -0.435490353090713
"214" -0.695797182658983 -1.4299191923951 0.020952588666086 0.378813577774038 0.76526729387249 0.525299700867165 1.73579675358601 2.09739249916168 1.24041208018785
"215" 0.89175067075516 0.676879963677208 -0.525032982771793 -1.73786931980559 -0.955494210489189 -1.74704542156513 -2.29350977226339 -1.89129785593688 -1.4869294087936
"216" -0.954596842895997 -1.30177147271689 -0.366838769356078 -1.16818191414929 0.205858960564394 -0.532616560866881 -0.398283018803849 -0.501348557315672 0.560880602306663
"217" 0.945562034402669 0.726343919883626 0.107203388969098 -0.520263899424037 -0.598469200550633 -0.968258252838956 -1.90591519250398 -1.65337745130331 -1.16994329625305
"218" -0.773730562745561 0.846992119758951 -0.740221546776204 0.717080571530078 0.803682172411416 0.359017650149583 1.4130668074963 -0.254074684018247 1.25184110190994
"219" 1.22894135538789 -0.17522996036178 0.83179860068038 2.85563612271862 0.500391193916592 2.80981639944782 4.44103296836438 0.678811720387504 3.60422749715526
"220" 0.411527958157417 0.610064242368568 0.46118838483072 -0.15968531142338 -0.912123802849204 -1.34637995685796 0.25135563887803 0.577972732185091 -0.0640025246982097
"221" -1.57590904484335 -0.673879875803011 0.205131995755444 -1.76298100089497 -0.987397783250647 -1.25083715762256 -0.744860536989979 -1.1140948466093 -0.504959420234043
"222" -1.12323466272547 -1.7426146150049 -0.123213212315713 2.52165578009529 -0.54327013251613 2.32864321639519 1.49334694400835 0.185097709930467 0.312932615340912
"223" 1.38444668611287 0.706091493219842 1.65644449247525 0.678758281580676 0.336540150517595 -0.193759755265531 -0.881500744817523 -0.728406590626655 0.277894419456021
"224" -0.379860964402799 -0.629174929991874 -1.31690863634103 -0.56706578842068 -1.14336906516764 -0.811626969167551 -0.386025147537786 -0.807008375756804 -0.548267733857774
"225" -0.760152602653592 -0.29169951258928 -0.86019840099656 0.397149862125206 -0.374354473924942 -0.442772984922053 -0.350015853388374 -1.63433548580025 -0.566893037249849
"226" -0.880767974537454 1.27250924071718 -0.595849534619535 2.32590342089799 2.51922564540612 1.62160643988387 2.004730593969 0.362521737917576 0.339940586196124
"227" -0.27893383870299 1.22362017562974 -2.07279083141153 -1.13506937894736 0.343585872461083 -1.09511318601393 -0.699328515197513 0.812047482429141 -0.622608795897796
"228" -0.418261727683012 -1.92323263557855 -0.385405669829026 -0.453745532240742 -0.436695279123808 -0.167883944608476 1.63251208534958 0.110757034917436 0.463149548610094
"229" 2.9382136530749 1.40007975801592 3.08249223612269 3.00221736675078 0.70635980430976 2.86012168527147 -0.184479769938871 -0.616876005828014 0.0745358149431352
"230" 1.35360998218392 2.2067663167004 1.43883507724788 0.806489603884035 0.991353439019782 -0.249187915461624 0.564097485317606 1.7231055250358 -0.304480524730239
"231" 0.939809205119771 1.65272559948764 1.18740913039656 1.42050468845093 0.531047488328774 0.61757235589966 0.000125556457778626 0.594444506436665 0.797595421565039
"232" 1.36860171302068 0.585460054307718 1.16839111497319 2.09701569373249 1.23109550217935 1.72303635295486 -0.226864230406267 -0.306429965912398 0.852713341707998
"233" 0.402450322239855 0.902011784093315 0.42136037793451 -1.21094693566546 -1.23366345811123 -1.39442980591134 -0.668474334805573 0.885545098521172 -0.663383507885112
"234" -1.65256142213173 -1.01407596311723 -1.8188489565226 -1.16605611319238 0.507369996327693 -0.224378309779076 -1.72226540262757 -0.300102410504438 -0.321228350508699
"235" -2.65142624276838 -2.48209501494854 -3.22549487591799 -2.68370642178932 -1.00731098395366 -2.77432330041871 -3.34004932460961 -2.1536456670415 -2.27164994081154
"236" -0.271526964571839 -0.533114578631842 0.871567677500025 1.43145281976623 1.51372007957076 1.49285316623007 0.370210420033096 -1.55699124659914 -0.972317288992562
"237" -0.408179610631371 -0.676733920169305 1.22167333241064 -0.0804581892946449 0.0937317489070923 -0.486671466326063 0.662210886223713 0.448810393101577 0.329113079180639
"238" 0.397830805228638 -0.630051839975455 0.247141858860321 2.07077038322626 1.48086503761966 1.60726047594578 -0.543095454689845 -0.811393847761214 0.357528319759281
"239" 2.74883436742202 2.84490912877573 2.07373389085053 0.0960629692780573 0.946548316039417 -0.926964643091306 1.74094304332158 -0.172555159423631 0.497055845329084
"240" -0.959718576716288 -0.286211864943745 -0.0836898615038622 -0.741353997546939 0.401671644378235 0.077452040709569 -1.54631874963757 -0.998097277996379 0.0921463938917497
"241" 0.451596071987222 -1.1155829968662 1.29716683092132 -0.743411999672298 -1.40572242444569 1.41060215140019 1.85760291258227 -1.31518878291942 2.14066915149877
"242" 2.24870538497366 2.93590786285252 1.39213952998098 1.40878216484912 0.853449991635238 2.3106486691528 -1.34588007768398 -0.502053021263915 -1.10078814994552
"243" -0.243786380076307 -0.792756714757324 -0.288557505422158 -1.2104024733685 -0.703752671267981 -1.29648876071258 -1.40684914569642 -0.573104479424069 0.181324141163287
"244" 0.791215928644537 1.54394553993349 0.609896304127672 -0.580858056561782 0.410212320437183 -0.952179300401986 1.24831701718501 1.96632421624363 0.954164635269644
"245" 0.272399264206243 1.14149100373456 0.498449985371303 -0.522372740704074 1.3993730609642 0.406207706573032 -1.61714211928924 -0.47651449922367 -0.733680564690196
"246" 1.53645628052041 2.13171684112137 0.933574075156561 -0.354366527853063 -1.10274732964429 0.0507171006621489 0.317724587433243 -0.795964682349948 0.0454981052169677
"247" 0.891973229961798 1.76302487160087 1.19986888124382 0.0128637668694722 0.128215641180151 -0.952145431558387 -0.0748125037557028 0.363247068520189 0.00600314971374061
"248" -0.152128666803487 -0.793950222730832 0.124404164834221 0.597118947876476 -0.318725711367958 0.850049869656425 -0.797931889063703 0.519262190830107 0.116375318610447
"249" 0.562150122618715 0.279248676530397 -0.716646371686005 -1.24272321566573 0.501780729209841 -0.763015965008335 -0.339565717327947 0.658535932120963 -0.152738486408355
"250" -1.54185148509722 -0.59138668102767 0.520869808410918 -0.133596172142737 0.0444768523442785 -1.20643320403745 -1.1159578832441 -0.0688170626632518 -1.26017437547764
"251" -0.872410018173097 -2.02081141617903 -0.472971934504908 -0.299716251992812 -0.612794413061878 -0.759051909806134 -1.02647642603843 -0.506093199797129 0.31854416281969
"252" 1.06787295135375 0.027989780566543 -0.102879066902129 0.196433378044263 -0.255225907917546 0.723694765563236 0.541074968819215 1.11043298277272 1.27998979267732
"253" -0.487976640671684 -0.273199423689713 -1.21490391620234 -0.15033939752511 0.189636664204028 -0.0116712854390558 1.05057682996209 0.121062406152618 0.348259805586625
"254" -0.524510280896282 -0.620845369230903 0.31162013068398 -1.67244495701097 -0.262454726908225 0.0617546651824451 0.163234664314121 -0.439383985048257 -0.653321768530638
"255" -1.27940049694039 -1.55905057688676 -1.78997106018175 -0.945471369807854 -1.34750782126205 -1.19108309444016 -0.379996315084611 -1.51357610619346 0.865593193966704
"256" 0.624847199824042 0.802643499096036 0.923891485023443 0.389829747722466 0.642823774127213 -1.30071517140181 0.729097256881808 1.5502407342122 0.122403628656618
"257" 0.870654286420618 0.583121067919885 -0.221418692357782 -0.473738957696892 -1.4964349576938 -0.69691737399359 -1.65660024445998 -0.653068836080958 -1.40225609924651
"258" 2.58378329289923 0.775048157953503 2.34283426069151 1.80613911064917 -0.078178179683328 1.1603348189322 1.53565289351402 -2.3966283333803 2.04148074589983
"259" -1.41927628798571 -0.685332608292638 -1.11423222208903 -0.22985535080688 1.90811945003048 -0.637433189749867 -1.32723951877414 -0.582167770967589 0.129602635348767
"260" -0.178331712512553 -0.502035147908171 0.253483443578365 1.16692487040364 1.95486137900008 0.480513268645117 0.0664801051827289 -0.176591890479476 0.504137595646192
"261" 1.77985135483759 1.35750917000811 -0.106437911968046 0.17907551008042 -0.176371182807946 -0.508391335000417 1.7212493119872 1.5453329878223 0.55937374910573
"262" -0.397382901458475 -0.179104296113423 -0.387302412010408 0.214749646188677 -0.00840357114399504 -1.02278486338204 -1.55391006022429 0.489803339425762 -0.644084766949341
"263" 0.10629863437782 0.98941054547025 -0.586103616395852 1.64897105801459 1.10500069148439 1.51302648742852 -0.0707382700215409 1.92211241556597 0.39870627135193
"264" 1.59342553158121 0.22570737839068 1.1310140681486 0.361103796698724 -0.0502511915730947 0.75489132384182 0.485151199936757 0.527545822658789 -0.60683623534625
"265" -1.21183565538643 -1.79485330423748 0.404905889019832 1.22401023108059 -0.520466011774988 0.589059459320968 2.02056213228043 0.0773516350862176 2.36060717015546
"266" -1.83388849597684 -1.4512819774921 -0.528486778706285 -1.41739033548588 -0.87071023405126 -0.816661893922862 -0.0398763141779652 -0.721378989391261 -1.73814998573498
"267" 0.451402304470344 2.92436399796796 0.603451621396841 -1.08569882167899 -1.21074270646367 -1.60778477567111 -0.42166701865786 1.2818257523074 -0.463510335687249
"268" 1.99066521875939 0.655332054625006 1.38893857702192 2.80844217614136 1.09106509116294 2.47903557189047 -0.924854262242166 -1.12319639306941 -0.46670998167257
"269" -0.438054245561552 0.275940685625357 -0.775909489765627 -1.67757373554476 -0.565629423486302 -0.198582356838377 -1.44512514399381 1.41491072523859 -0.751458177281074
"270" 0.633468597836533 -0.0298299097471255 -0.66781056841708 1.22459609909172 0.0786610822448437 0.360307630103545 -2.66324091208409 -1.53281468350908 -1.90204768670149
"271" 1.23037469492724 1.36588346993069 0.768629941315241 0.535564451844669 0.282243817503717 0.16838848414745 -1.07789939220635 -0.312562911014402 1.39391743202638
"272" 0.494330214439766 -0.40498249856127 -0.390915819158904 -0.928533244092366 -0.0998647045473371 -0.637357359450648 -0.58253499209378 -2.46994480527727 -0.760313262867162
"273" -1.1698969365963 -1.00977063189079 -0.640164092704075 -1.23290767990304 -0.590691526076448 0.0422410991153047 0.212873340457347 -1.09332371141548 -0.0944426782529025
"274" 1.40783596596033 -0.750971981718365 0.298728014254962 0.242142638568271 -0.359004300624653 1.23225045156712 0.87444132354092 -0.298399237146874 1.46226016119012
"275" -2.13233150615377 -0.924475528183797 -2.07687379923526 -1.90854588025931 -1.77580340805213 -0.962834969877259 -2.60178070232187 -0.665924111084541 -0.986748419913445
"276" 1.61531475844099 1.46459614341266 0.613159223282046 -0.356660713258209 -0.32279911959974 0.117217060567884 2.27191980723884 0.0690876052046108 0.891936202575825
"277" 1.1783221836185 0.754125950044468 1.33667350513314 -0.0762104409355101 -0.929036797051902 1.85154326839186 2.09780738194281 -0.0122211448431911 -0.380177221624788
"278" -1.26604237450012 -1.33514464287335 -0.509847971423199 -1.30558823157081 0.385136265920798 0.508457845182371 -0.658600375240196 0.134092157134366 -0.0582217709300847
"279" -1.80193967136869 -0.947504471148675 -1.14826777967565 0.971229677603673 -0.424230731785967 -0.35585490139615 2.47433668432731 0.599734376679679 0.955562838716554
"280" -1.40455946102769 -1.24226920669931 -0.947884886354029 -1.7676178033202 0.0176383098551537 -0.332063133331887 -0.346313191045398 -0.337794916098774 0.57348108875363
"281" -2.4274760275172 -0.87133379023028 -1.59750568945353 -0.6565916562862 0.541338450902849 -0.589871329866879 -1.70746708279988 -2.24328128251184 -0.593586947539633
"282" 1.72763022173456 0.763999151532172 1.33041190706248 0.141563920949193 2.00769038178226 0.649084294674674 -0.22815359114462 0.00201313761200065 -0.549393932578399
"283" -0.144850248849875 1.16940132284178 0.228439788571496 -0.980433979181603 -0.310899320373219 -1.03717517532603 -0.332569411952938 1.46301670048164 -0.14784115130881
"284" 0.696336727472418 -0.320773183034881 0.075144378855168 2.16487850578095 1.08803684233282 2.52922548679978 2.97236685730514 0.591665352781078 1.2466694613073
"285" -0.82184421134425 -0.155549630415539 0.281725466206228 -0.362234343406672 -0.53850983246081 0.851775494131518 1.34664486967083 0.276340670611864 0.145203306461818
"286" 0.899285612456039 1.04593571914865 0.736628839320342 0.903099049668478 0.904207982836271 1.12085282830913 -1.38393909426441 -0.549866587020401 -0.99724650271683
"287" -0.554004451217477 -0.594224731192073 0.459060314326027 -1.10697051336177 0.101489326292788 -2.09399637566248 -1.88183774361407 -1.25132034525796 -0.757285132353241
"288" -1.03276548795861 -0.428496681888021 0.261964874761086 -1.88196046947693 -2.16190413109017 -2.41363318823545 0.247967631175798 1.74294557734407 -0.680662161181769
"289" -3.71007737364313 -4.77511842055681 -1.92960718677008 -0.969100057135554 -1.32899632437923 -0.0881062177504678 -2.75929627342457 -4.35017401585939 -2.94080529804588
"290" -1.12200122375838 -1.2318545838274 0.122321053870605 2.62901903983071 1.61119596862675 0.150473476050847 2.3286132621447 2.09663367132782 1.0976645920109
"291" 0.533187774788257 -1.51710811451707 1.05893210473812 0.602727375127161 0.0233343065098306 1.27657201411353 0.593807913644095 -1.41204559147633 0.37626699164928
"292" -0.89277940187724 -1.5817689752085 -1.51766476696912 -1.50256745058343 0.398354514082301 -1.23622705253026 0.720493172764717 -0.529633446746751 -0.236684037333766
"293" 1.32366815930308 0.221219271901112 2.32069781433214 3.05777692914031 0.332704234242604 4.24227768635137 1.83667916508501 -2.43117664669329 1.40102407132051
"294" 1.72336817379698 -0.377397584916668 2.58330881176595 2.55035782552178 0.271937226632828 3.89666851692517 3.47240251940296 -2.4286662413965 3.22755186594218
"295" 2.30216831064652 1.96792887829943 0.657847118153474 -2.26872737926741 0.736973785226278 -0.385933848360213 -0.690937262555193 1.6111275694712 0.192561084536381
"296" 1.56017890341897 0.760484229306101 0.0492886818819323 0.458759862192798 0.788300191488871 -0.109328029854516 1.58088555797488 1.13900027646171 1.34735452500907
"297" 1.49683666208855 1.73322706188217 0.519543431850102 0.397836052988413 0.548382082251032 -1.01967749283691 -0.575592514422128 1.74365369719032 -1.39868247277925
"298" -0.422542698014374 0.103074379311616 0.561864844422112 0.389868723664869 1.0399503569386 0.174674817060033 -0.731904721166312 1.00134524047309 0.601454750555866
"299" 2.01049386724806 0.488410411254562 0.977942538011717 1.79856015285447 0.145565635676528 0.0645021419852887 -1.04848458897567 -0.87738181561204 -0.617362713419554
"300" 3.02603155024925 1.21256354562842 2.31843737921016 1.53531854356787 1.2513894501062 0.847673165188928 0.827029531314904 -1.06574209924352 -0.0898439997258009
"301" 0.83526032297352 0.989132900650428 0.0482743789897156 1.24549454369273 0.845196618037115 0.482025927578722 0.155178760803114 0.726931846190382 0.504046200034426
"302" -1.5120167744127 -1.71762761295724 0.4842750237095 -0.30760086584066 -0.12018762897028 -0.0637697270398815 -0.58146270141657 -0.247215423932625 -0.808491749336881
"303" -0.104433817823614 -0.47863761311811 -0.421087098327394 -2.59221254340419 -0.343618388125212 -1.23575939301613 -1.82736332852409 -1.37503518998496 -1.39615632776211
"304" -1.7643189034473 -0.343030078713339 -0.501068742915086 -1.24301144138143 -1.72784424117954 -1.11680205052901 -2.02165293927097 -0.811277759555865 -0.133855086174466
"305" 1.89156433722616 1.51060049851481 0.873978818221744 3.66818842856561 2.31825301378027 3.015573348989 -1.08459493654367 0.218195519554403 -0.141093994539408
"306" -1.43989855522383 -0.877262104638768 -0.0536129598101741 0.137590361389421 -0.0378139266241867 0.135616279492621 0.0845482749112856 -0.519361297235621 0.0692141610476123
"307" -1.68464055387483 -1.0870465088843 0.167800279412375 0.0373245993544704 -0.495844987509837 1.04947872203387 -1.03122319716305 -1.71551883233536 -1.28434641920771
"308" 0.639954420810647 0.832636840633374 0.398324413392374 -0.517860916254951 0.521181717719692 -0.437896624936873 -0.372739946215866 0.291238544172264 -0.136241432752016
"309" 0.181013160147729 0.142354724797927 -0.125833576297455 -0.34647232718892 -1.1724497283624 -0.444380068319629 -1.51741858599005 -0.857873890960583 -0.177124689718862
"310" -1.18867361391217 -0.164191861023113 -0.230161633040851 -0.917161743721838 0.454138483687053 -0.103024214638603 1.61531625075531 1.04000669555862 0.360446601585292
"311" 1.22750522714678 2.42127610141172 0.462662404371339 1.04847580655305 2.25974541549897 0.812620809430889 -0.273827946670083 0.196868834329717 -1.53659770325782
"312" -1.33834611330435 -1.57527118938894 0.302445608481247 -0.903977395694659 0.0259335360104803 0.709931815024923 1.01334165884305 -0.264002844471505 0.986144650161442
"313" -1.13012701612056 -0.0541047886948884 -1.71326625768609 -1.73179401960479 -1.1222714168339 -1.94076611814217 -1.07163644818496 3.19882560998527 -1.94039039015927
"314" -1.07777643686419 1.21327351844805 -0.289145788236364 -2.14418483329383 0.420960377077735 -1.48060243414636 -0.707414896139118 1.36749343392962 -0.380034923110083
"315" -1.18491186448412 -0.980308151821047 -0.0780442368729401 -0.458133198361303 -0.785430944053157 -0.321238823081226 0.346237732330049 0.362713640032063 1.1821555911588
"316" 1.30356236518079 0.764399247979837 1.53443884106843 -1.20460303847411 -2.30900576633258 0.0715856764888504 2.33620790012125 1.19176778333597 0.879446151106322
"317" 0.814759562552915 0.385554304065299 0.569154492875031 0.0384261999144396 -1.24345968231637 -1.06320606616813 0.629174005419618 0.342786750802118 -0.0102333410380182
"318" -0.838169815013748 -1.95421712012236 1.15611878625333 -0.136614676062684 -1.89939584247271 0.265519767004919 -0.624701036614695 -1.37010738362782 0.505043473546763
"319" -0.662096354515988 -1.29872668261173 -0.000764762453141554 0.395115655074024 1.28976816961578 0.47410546875041 0.95301747379048 0.112112598458074 -0.0855218461238703
"320" 0.192174747623095 -0.387836238569563 -0.0335194519469637 -0.614915586371235 -0.890983540756811 -0.831968858366537 -0.381912042888726 0.572743544683007 -0.0845548641506178
"321" 1.13813858081415 0.919758161751495 0.142234337226333 0.852311097202371 0.100587832557331 0.227453403152823 -0.614770857594482 -0.58054376820507 0.293975292872549
"322" 0.208875039661128 -0.733789524674242 0.0898055387157711 -0.5848954610837 -1.58173627457542 -1.72403340965874 -0.916446502587009 -0.409412675613712 0.680894625203866
"323" 0.435706728540707 -0.278692464057321 -0.548516268095897 -0.599380908714897 0.150846524404824 0.205577833616181 -2.95415070858901 -2.13238349198475 -2.24359494175595
"324" 0.343818110757549 2.1341923018561 0.583372566956456 0.0144307473979171 -0.343080458651106 -0.250772840304705 -0.190198516922215 -0.673960339384739 -0.218996355135249
"325" -0.299615642992037 -1.30682359331832 0.0584709919312452 -0.632444541522626 -0.850558397438611 0.00675196753022372 1.28259495790326 -0.422316569461248 0.605768481006272
"326" -1.39673967482745 -0.0400105605591065 -0.489317931885538 -0.710376341451724 -0.123590233416706 -0.129890092042631 -0.974438432526031 -0.666409828143842 -0.989505866183049
"327" 1.42114537601777 1.56188088940834 0.112886175366075 -0.243846057071863 -0.372636577847116 -0.807791500066207 -0.600400760780333 2.06195197618566 -0.631145949666765
"328" -1.20476527725702 -1.05307408944431 -0.282752435691808 -1.83093029486981 -1.55217887690195 -0.761254934598775 -1.69320791158796 -0.895351470078555 -1.0155641009178
"329" -0.722963998207304 -0.0842503662160744 0.0577573959624905 -0.654522890190059 0.313199308477943 -1.21891214580954 -1.62240682534124 -0.25879675497677 -1.07999167450117
"330" -0.0794478748755387 0.00830694061520132 -1.40636123710097 -1.32547399267971 -1.00500365645037 -0.978831639119743 -0.638431026722966 -0.586337680404768 1.45520076292849
"331" -2.41921455908011 -2.00641048876809 -0.6653545864015 -0.384056185600063 -0.410399541962957 -0.618705787241126 0.615311723216036 -0.451743819352824 0.222331552618472
"332" -2.17371906620303 -2.1536690066333 0.574842238177881 -0.345757867125627 -1.78622387487776 -0.219961444778864 0.167638033009726 -1.52977493947586 0.852320578813055
"333" -0.705460104071485 -0.374747557617212 0.0767662098669571 -0.845980031250557 -0.171698860843179 0.893260508304814 2.11721519461855 0.0902388943932175 -0.514266776332764
"334" 0.208224672186072 -0.176383801341094 -0.129859425850386 -1.50059127743364 -0.558328842879049 -1.0837673011242 -0.915101520025597 0.171036883990723 0.626339693775742
"335" -2.93199831850678 -2.07334912663215 -0.538019494096632 -1.97091756500053 -0.73642157229281 -1.51810051744817 -0.391040674699748 -1.02546004069471 -0.387213636235628
"336" 0.773497601292083 0.210534860108585 -0.0338025080536675 0.661059192502824 1.1530519347123 0.588090315501878 -0.596690162103128 -0.961016794233927 -1.17305149548247
"337" -0.466414752451655 -0.68729313085149 0.357066102354941 0.413478192431002 -0.649584528886826 -0.155919507035007 1.51599952945475 -0.387853748758328 0.440807527136962
"338" 1.56115168468189 0.66200093749187 0.473312071508953 -1.58196806706836 -1.23332556971476 -0.289469200584428 0.821188196761431 0.741787032247569 -0.355359477256458
"339" -0.67388373238431 -1.97490284875716 0.013749873628458 -0.176998733442574 -1.51985886822559 -1.60773068122861 -0.765349865288931 -1.31641331976599 -0.805298925346269
"340" 2.43100294137189 1.4477360885622 0.699368196687951 -0.407766254325771 -0.762349729089312 -2.30625214573576 1.007602789452 -0.535283218870206 0.531822175316742
"341" -2.27924020585464 -1.50157420335219 -1.21749239226408 -1.83203047999865 0.634849563507485 -2.30796172143384 -3.21352558574948 -1.43639412013678 -0.700493920926287
"342" -1.22863368069674 0.78358603837065 -1.22629990758544 1.48196442151428 2.16526999582118 0.998970623601134 0.163678451862644 1.94262759591741 1.19148979232332
"343" -1.49971066082337 -2.37793387377994 -1.34806662183948 -0.179774592474915 -0.56543720936884 -0.262138305022714 0.775942579171516 -0.479304210344577 0.581209702271292
"344" 0.638662802420436 0.618374130776549 1.703900020532 0.408250850684485 0.550559109203885 1.60080919578414 1.52755660314313 -0.622038640837904 1.09726668283921
"345" 1.02256803432483 -0.333871977536015 1.06189173167554 0.493985372213647 -0.344543003553414 0.451746213237793 -0.661869992523377 -1.84376083595609 -0.212689724807072
"346" -1.199720651662 -0.689772184325976 -0.268735440923497 -2.41741057936018 -1.97616571246659 -2.18120212983155 -0.289986975068823 -0.862491052356031 -0.267728118321566
"347" -0.289798289506828 -0.0186303036628964 -0.571700402071658 -1.06782796984444 0.76717116441691 -1.72840910422582 -0.960675777030609 0.118310991913563 -0.571154839404776
"348" -0.448807466267877 0.698214728222194 0.962595485588712 1.6127872770645 0.458824067661228 1.82950749859431 3.026286145752 -0.428178583936275 0.868578475120944
"349" -1.04136593758046 -0.584881631851956 0.374983735386078 0.50780664043854 1.47206818449765 0.738156938276523 0.937454334685181 -0.065030860379038 0.807677365240486
"350" -0.662763787963341 0.69717182635385 -0.902283728375126 -1.44219694291066 1.74400114095985 0.541841205889065 -1.8138430174883 1.26977835520939 -0.931720956210156
"351" 0.66733965131623 1.96430308060673 0.594257759974979 -0.787932942391497 -0.158148262469664 -0.431092958769431 -1.91237687581447 0.800361144044486 -1.23828333934012
"352" -0.494491491605604 -1.25736342078088 -0.301176455473714 1.58653407071537 2.52795864823155 2.4053182144688 1.87319463139297 0.837500950735505 0.886200917177541
"353" 2.85381554207013 -0.583643136619139 3.74564329176294 2.6554393266415 -1.88880173516915 3.39767448735357 3.49190000467552 -3.00987824422497 2.283971521555
"354" 1.21927121750931 2.50296645755878 1.61108059297979 -1.34633810459847 0.363989551960506 0.183340341808521 1.25422634705334 2.8155231088165 1.14858586962064
"355" -0.394237645015534 -0.36953250424435 -1.92416367508917 -1.32777976019847 0.0968163015119293 -0.968068415935428 -0.379295181906148 0.670324830921673 1.23112330868921
"356" -0.652398137990989 -0.180266083226072 0.0494920181325086 -0.143155176148538 -0.338740399101386 -0.0923492803098393 0.140809628959437 0.0859569603642446 0.659451117324549
"357" 0.928000233138919 -0.117437324355931 -0.311985157992045 0.760243276010947 2.38950421641819 1.38031803143681 -0.263187343653779 -0.345302174169615 -0.471810159869499
"358" 0.492522705827549 1.21269090281967 -0.0254264042588793 1.1992395846834 1.55004366219709 1.16330537526134 -0.049490775695415 2.22209611370632 1.20418524494653
"359" 2.24961659843463 1.26823717387114 1.03369926514282 2.21798941577653 0.93958653618827 1.70236651920923 4.06972367764867 1.68025808764394 0.635886158843532
"360" 0.0144755015461209 0.764169468129029 0.463789401117323 -1.77830569213673 -0.099544315532661 -1.39749586781796 0.254303901414541 -0.0732457490809452 1.06501913535864
"361" -2.40375012819923 -0.440287511297412 -0.797263377443295 -2.33157889576338 -0.567107766245296 -0.935927902557631 -1.93624871373185 0.343706241323855 -1.27620148248934
"362" -0.0117937861573287 -1.32147148231005 1.89641790211738 0.646793423238795 -1.46970671754825 2.31148648302374 0.622780889717939 -1.67074956856094 -0.0435488699351014
"363" -0.595341834509594 -0.805038864915272 0.129800793698387 1.11866900763076 -0.572866486731432 -0.252962541639185 -0.113542389523418 0.0803210648554945 -0.250887709073936
"364" 2.38240317191238 1.75359014586685 0.51139865929031 0.997829686026082 0.255404543295631 0.0638087313445674 -3.53505943004585 -0.729345912917803 -0.390257706605483
"365" 0.144894976184359 -0.0791126152948771 1.9261038767336 0.671112791554106 -0.923714989381775 1.53666673306439 -1.3725955016449 -2.55270579114506 -0.787401057325561
"366" -0.106480118893455 -0.4412206240696 -0.680568889391318 0.537635345059778 0.376744954159305 -0.0340058815098662 -1.99393976045334 0.0749469941230043 -1.52418754487047
"367" -1.88663642109206 -2.31781165839822 -1.82661131505929 0.452926067748128 -1.90967490432234 -0.983804903349585 -1.24414211418153 -0.97210229892779 -0.280713325818254
"368" -0.130156729357595 0.255720670193224 -0.162350959821569 -1.32184234387391 -1.02340365466475 -1.77910347723568 -0.165141994054989 -0.0857425229521125 -1.48566409079367
"369" 0.384078444544771 0.0524657873346235 -0.417873375040871 0.18205745347743 -0.446110329361128 -1.17400187202994 -1.81569223032252 1.04250735855022 -0.18813914922659
"370" -0.761096627557234 -0.331821505998618 -0.268690976032095 3.16675238032289 1.09315531081616 2.36303398883212 1.26323312771994 -0.0830645049876143 0.814455897533407
"371" -0.64047780557071 -0.160417855036514 -1.16976631206754 -2.55910825575833 -0.489942015828193 -2.85876150091777 -0.859241131993345 1.03141651017528 -0.873656270381992
"372" 0.751520890925911 -0.0405897565431458 -0.342025586157233 0.581591574813615 -0.619890249143821 -0.287317633142716 -1.37533194306703 -1.17550398984418 -0.996181446432102
"373" 0.403915710606182 -0.160192222676101 -0.952229100747515 -0.603141127850795 0.17154311543494 0.772159895158668 -0.408942060055928 -0.700319400622036 -0.0757302587285553
"374" -0.671668161356224 -0.436636851387622 -0.981579052618872 1.63731001609825 0.933808441001944 -0.192579799632072 -0.487400347036114 0.948769358905678 0.25665574017606
"375" 0.29587987584107 -0.520036201876893 1.94992456392751 0.232073945704275 -0.154361263754093 0.256449999589108 1.15635991038593 -0.431703533036627 -0.145178580994081
"376" 1.21597399215965 1.78842252467335 1.48549613596756 0.814631141136186 0.856945612600297 0.247553830904048 1.33356735190102 0.801993755402872 2.11087101222208
"377" -0.578999107268591 0.438142718023195 -1.47415702268384 -2.06844118233309 -2.73731904359373 -0.6845703852878 0.660502174337763 -0.0056180164974633 -0.743022774220564
"378" 0.451428107795648 0.850277493561314 0.361318983207519 -0.304699650831231 -0.368101895234537 -0.520379051423697 1.86282120309982 0.977814990739795 1.34238332016544
"379" 1.66945623440747 -0.238378149156117 1.57230643778205 1.58231006352238 0.843948500435926 1.99404088101635 2.34167950264395 -0.856555424749679 1.0171971561946
"380" 0.147950526173736 -0.00778549214117707 0.131450064875154 -0.602813787952833 -0.902475761883212 -1.03600276655257 -3.00295251196665 -0.188388277052591 -0.555890247297827
"381" -0.564902983567447 -0.229195966332687 -0.522825582060835 0.584387839665748 0.210020893754724 0.582630067007725 1.39006841814034 1.62622171446289 0.820030413028444
"382" -1.46845350848572 -0.312340357361755 -1.541309017618 -0.0876010684707119 0.305837690300844 -0.671682422388162 0.519559685617379 0.148912016588854 0.0411294914605548
"383" 1.38469065185396 0.179641048197694 0.383796693958697 1.82436128167249 -0.0400297752345744 1.91379112322622 1.7784649034016 1.3804644282021 1.9076195346777
"384" 0.226294529116208 1.43398382295368 -0.245503031191399 -0.587332075948361 -0.523683613508392 -1.66493433729413 -1.2576665673011 0.917411473973612 -0.610082666514243
"385" 0.0554448683624552 0.0138073301326481 0.390549373222727 1.03468787411721 0.0897336773308636 0.232821366527725 -0.702031005180259 -0.480765709595437 -0.741141788922559
"386" -1.18587940473479 -0.781243546279602 -1.70261547638255 -0.632873300513483 -0.592067588057273 -0.275804914976055 -2.83781245666601 -2.73640876807327 -2.80382128032569
"387" -1.08736878311188 -0.0567039667181893 -0.12480628853691 -1.55404028312705 -0.867404142238942 -0.882636675972749 -1.85472366412018 -0.75650218369642 -1.74335762886631
"388" -0.461595073182434 0.217350273714739 0.316631785958682 -0.785304995837452 -1.06702724673081 0.641868623956561 -0.220671338923999 0.036679659918267 0.239203548518826
"389" -0.107164117407238 -0.762540464603833 0.774840280753097 1.03257798321786 0.343096153895002 -0.249895785249444 0.143881419810636 0.266930791671814 1.14065563909668
"390" -0.439777013029148 -0.723182693385774 -1.57809188444777 -0.00975031752396194 -1.42675794699252 -1.68276757132321 -2.37051510903249 -1.10600505244842 -1.43851167850423
"391" -0.589754558980436 -1.37037944656168 0.875545054076369 -0.625809234830226 -0.00638585828877569 0.0272219854317105 1.01168905355415 -0.546549401549825 -0.487468080568481
"392" -0.131116125739473 1.78829583379808 -0.647012298683327 -1.02644873396469 -0.171349434455666 -0.975837547860041 0.547857390196694 2.3809177835078 -0.507605400301357
"393" -1.03184788075578 -0.920553042828566 -0.77129129986477 -1.45477288219993 -0.953944098240733 0.123085877535727 1.4625893132749 -0.488077614094915 -0.105947431639982
"394" 2.28520761142767 1.92669985240361 -0.10350018668282 -1.73230998485002 -1.82005263658229 -2.32699787304206 -0.91455344304186 1.45361115052313 -0.42157294736821
"395" -1.21671865488398 -2.42922941175507 -1.4291582437106 -1.0530124836792 -0.946505732320838 0.194335501970676 0.486596645732472 -1.03382614664726 0.898043518672475
"396" -1.16844342124621 0.0449214525074355 0.484242617648434 -1.28157977683907 -1.08815848476795 -1.20958060470966 -0.420821923322671 0.500519710774605 1.10746495385617
"397" 0.194232999978236 0.405383075649738 0.193909254844143 1.21306137852281 0.900416373941253 0.961143840529149 1.71814338163178 0.572556107883912 0.519565942324783
"398" 0.400716216990183 -1.32144057025793 0.654929393095131 1.28259938852192 1.21476381443122 2.38444344435831 2.33345805820012 -0.636387039260439 0.614608563818069
"399" 1.15741360246316 2.50828225890306 0.0648644069260395 1.76768663926105 1.21074600442812 1.07972275560693 -0.983267032006885 1.10498290021998 0.180336282172936
"400" -2.35308752455852 -1.51230753098676 -0.505530374859987 -1.10877389029411 -1.38649695534038 -0.237033514501953 -1.54522907523116 -1.62262200794909 0.710375286813673
"401" 3.99264113925041 1.7330078869892 2.05861343086058 0.55579233969977 0.771360442310278 0.216169313121214 3.26141755413274 -0.0490065655067609 1.63536161049061
"402" -1.601218405798 -1.06019819326709 -1.27620920355583 0.386758614354694 1.3674581904482 1.01182318888785 0.180645068275084 2.11798479189043 0.953878755652377
"403" -1.05756464207071 -1.55692323556529 -0.463884083048749 -0.321176462594347 -0.168495229807346 -0.961230253690188 0.380422292882771 0.360518900270819 -1.46174933306313
"404" -1.54840283376331 -1.39612185736426 -1.23351779801691 1.30576652749901 1.61676755414723 -0.209227863487012 -1.54166344260698 -0.699765433512913 -1.04661352818403
"405" 1.10207162435884 1.22267110672258 0.603006676536089 -1.57155218693469 -0.842849798417618 -0.621054142778397 1.27749816677598 1.09082996173034 0.45943521592183
"406" 0.19905884922924 1.31582116134002 -0.947065422038194 0.445733448518804 -0.741623195318712 -1.34957662299461 0.83438493178519 3.25467952039613 1.00984162669479
"407" -1.56878460696758 -2.26980409940259 -0.96561406863613 -0.914137178970338 -1.99387736841002 0.836318651014138 0.178837913342537 -0.929974044121173 -0.128386356297161
"408" 1.55752894658345 -0.198797227539553 0.711000428357956 1.54227094721634 0.621571608956484 2.64068525010561 2.72575662767977 0.143844537251882 -0.0773049360541394
"409" -2.6999426934574 -0.763994212032673 -1.6565375836078 1.56204791404325 2.54791877305424 0.412448569670242 -0.492930218002541 2.07544123439481 0.724949880123081
"410" 0.446969470584902 -0.326748051772438 0.310018306108255 -0.0298608303737088 -1.55411519538263 0.150130860813147 -1.92100787966708 -1.6099390033434 -1.76931689173589
"411" -2.077010451752 -2.26954084040887 -0.0433753776714808 2.08234213947259 -0.324999374755832 -0.0241498919858828 0.970954285522464 -0.0798719101625945 -0.795638601971875
"412" -0.162201167804899 2.57673764184898 -0.180675993268102 0.109044762881699 0.733910100980801 -0.142929037226644 -2.29439692683553 -0.00949121730175717 -0.681484514824406
"413" 0.412728596971982 -0.990364930964458 -0.0220837957781146 1.77689134455028 0.594132279884536 2.7929005854009 -0.907293510584841 -1.76167510519208 0.037058165510199
"414" 0.0408449780940792 1.13345553558062 0.287083699634635 0.298611563979466 1.79738743296195 0.104518189634578 -1.347731038625 1.94038979845963 -0.29980469075999
"415" 0.726320835441704 -0.937337291851331 0.41570291605635 2.1036384402423 0.388225328110655 0.811752188438671 0.581669208199593 -0.768049823247581 1.5106778712056
"416" -0.591664501770135 -0.47168807822633 0.409440292517695 0.561079307876312 -1.84213889467552 1.58007545888441 0.632156997838265 -2.01470582359957 1.09149521362219
"417" 0.78013269271276 1.06473969976109 1.25978615944491 0.620970779905265 0.426034872550552 2.64042314934206 2.25817816461877 1.22043000492689 1.6829334617097
"418" 0.131650520528087 1.56437719643471 0.298274577638242 1.40048549793754 -3.85774047059195e-05 0.657447749062572 -1.56955684279931 -0.687935388749548 0.0608498900432154
"419" 0.315135774568733 -0.897410041394769 -0.0562610581613209 -1.63070585196578 0.295882287593742 0.436477416238492 -0.466436893207315 1.65206256888876 0.924961610323098
"420" 1.3576527849495 1.67657212266917 0.619586589479054 -0.327368076201639 0.906387500688818 0.28405576310745 -0.549927526019366 -1.05863739689942 -1.11078821215577
"421" 0.703676723003235 -0.210877011105834 0.803095555800633 -1.45910048798341 -1.16106399249611 -0.358314825772514 -1.09866563624359 -0.438968478773652 1.16906728880462
"422" 0.102730697197776 0.339537823923309 0.948840688553175 -1.41957679530643 -1.28116215049036 0.0526101298739119 0.868305032419835 0.178905932334041 0.0076673909227154
"423" -0.0700094338382132 -0.404147435150484 -0.0847119778512324 -0.497778138570023 -0.347243640247414 0.054354953415531 0.70557556560955 -0.907360138178506 0.856979188966004
"424" 0.786631078761097 0.599952873807889 0.479407398482232 -0.141873224915104 0.145260345652794 -1.52847289380032 1.93440569103784 1.10255012060944 1.24019878489788
"425" 0.111246839485162 -1.29870967120381 0.145404025728584 -1.5660025398993 -0.837354408966037 -0.528954222244012 -1.0586613953124 -1.47044376298376 -1.14845802396923
"426" -0.951305712335885 0.443210973125942 0.171166109202043 0.299727372082809 -0.866146708204142 -0.98529044762689 -0.77165396160639 -0.56046382876066 -0.212973106546417
"427" 0.451167008361331 0.150503640296686 1.29339161366837 2.78556095130614 0.0356393505882879 2.29790125473123 2.57089927523346 0.151198344327065 0.411031141713352
"428" -0.0300636595444853 -0.712288246588226 -0.82056024521215 -0.905468177984031 -1.04970354043417 -1.38211070081715 -2.33727532277888 -0.367999982567834 -0.601920794680941
"429" 1.03338654828648 -0.29003705200685 0.576976639336434 0.684222766802569 -1.69631661306505 0.249753686921851 0.340075965714547 -1.68126640517721 0.528918535256362
"430" -0.883914644765745 -0.45977547973887 -0.243596168173169 -0.606473538198087 0.893084796549017 -0.881335362029294 -0.357296161331664 0.446127256573747 -0.462461241250065
"431" -1.07602777026819 -0.00139782927506535 -1.60399313928129 0.120087110160429 0.628400370280608 0.315430591867762 -0.817612379652527 0.578431200033854 0.64187963985306
"432" -2.97508180310494 -2.78426992493423 -1.31690562083462 -1.57697593365743 -1.80640776768434 -1.91358468021113 -1.18029810903347 -2.18616592583684 0.278390338886809
"433" 0.724775425587521 1.79460826450404 0.518300545970326 1.46753736618258 0.515512718487216 1.8792790314124 -1.17003106072369 -0.626645962433102 -1.28202457855721
"434" -1.6551330636703 -1.43718477421723 -2.40949111038052 -2.08621734055854 -0.174975666689016 -1.77523941464296 -2.5630491959441 -0.139863290808723 -1.66667473282873
"435" -0.281446374562206 0.461496162302298 0.104712332244816 0.400385459065014 0.467928415130592 -0.456797024086536 -0.400063608247974 1.09302284070912 -0.0641670386694324
"436" 0.889950156052731 1.56531659065096 0.917431802820047 0.0763885439398974 1.0257615519199 0.502551576541638 0.0678719954903793 0.119873187029229 -0.0666292816561219
"437" 3.44594625227322 3.33503375973924 1.49318685609939 4.11546277817391 2.64986962133056 2.73857698774782 0.145537216540332 1.5050336624613 0.144030150465885
"438" -0.185889573933319 -0.561065451571584 -0.282384117921096 -1.59496229520972 -1.31672677930534 -0.533524190206025 -1.63400817281477 -0.702097664588512 0.987159039486598
"439" -1.22491330691861 0.922581959853917 -1.34649754502138 -1.94162047135329 -0.250744145008184 -0.307457795966057 -0.27098576296945 -1.95361255273548 -0.918939641169762
"440" -0.0037277759509676 -0.392843201227841 0.614527847020984 -0.10648210277438 -0.137646510916243 0.181465145095477 2.23816206911527 0.564515638807372 0.629372299152151
"441" 0.248441045032185 0.333714429573042 -0.209209302347782 -0.955869006339685 -1.49112287755012 -0.492174942349132 -2.34824891482996 -2.17766507135651 -0.760142161797016
"442" 0.143841175370632 -0.469993956667975 -0.0126081075978093 -1.21070848355134 0.531408255562212 0.359097010259382 0.794272276754874 0.947301071324622 0.38311442668429
"443" -1.76721759284366 -2.17158771393051 -0.715722424069339 -1.29131604753299 0.99748254396064 -0.221328119376834 -1.16602047673176 0.0996348102136529 -0.365823463140818
"444" 2.29168757163583 1.40604719660412 2.89071741100374 1.37438385837656 0.501453921528878 1.63249838501843 1.98983231214487 -0.352593246218225 2.2640730213827
"445" 1.81692239163258 2.21910392943159 2.56310604535539 -0.0676741738573228 -1.7674497910013 0.882856247544683 3.86517475253638 -0.330568289831792 2.7747201354083
"446" -1.5275899218644 -0.999156379768925 -1.19642155690778 -1.19777115495883 -0.613001112636831 -0.904849767361583 -0.304830721557647 0.55504968256493 -1.47232345753446
"447" -1.82985347583522 -1.40637678502439 -1.81544250811612 -1.04080644575227 0.107403032289 0.261996618831535 -2.41188377377331 -1.07334100636941 -1.0544545819783
"448" 0.300071396603994 -0.289885819487629 -1.85256822840282 -1.32048845958071 -1.71185495751773 -1.47415362041172 -0.401801802357975 -0.285297396010251 -1.21632882747206
"449" 0.490220986179945 -0.00326304153904325 0.487670273602167 -1.98842227677324 -1.24176230392767 -0.854365449691922 0.911264197307452 -1.64697757809178 0.12489466021105
"450" -1.05336279115077 -1.53524846446349 -0.538624456544751 -1.47773959448267 -1.3922866643219 0.0885861805500023 0.124440658007589 0.327320631714805 1.35964195481804
"451" -0.708169759122395 -1.4075000609694 -1.20132031835729 -1.71795651545019 -0.321105337620518 -2.23098425713117 -1.46918117137079 -0.141856251518405 -0.436619508093544
"452" -0.146315710494758 0.495682991869574 -0.197730770053202 -0.00517117597179689 -0.0104447066482223 -0.0284451190034282 -0.770188546157831 -1.89275471489348 -0.700075040712507
"453" 0.0367269166998082 0.701601918321606 0.839675506556754 0.935078458734332 1.57645362255512 1.16741055725181 -0.222512290707746 0.955836905437334 0.197092679387173
"454" 0.0191363164892632 0.249456062581382 0.774361995307341 -0.212487913725036 -0.127153385263053 -0.519267122400553 0.504867800181854 -0.355092776211573 -2.00365635335431
"455" 0.746119872214626 -0.277654564019674 -0.296713499480163 0.142694549450153 0.237276339890939 -0.993806071835836 1.17170129188537 0.862311979253078 -0.309604492769398
"456" -0.370980611924379 -0.160813485279554 -0.24128028049639 1.43943824180106 1.01394419711898 1.55049377689853 0.413570441133447 -0.711306812124432 -0.560533180191937
"457" 0.86185146033746 1.24513439750952 1.42826652311028 -0.447551759106649 -1.25326639507672 -0.393520100371599 1.44221593902667 0.186137384081524 1.2290091983371
"458" 0.524969285083451 0.693176664878384 0.681350636405608 1.9851736750342 0.581234824692465 1.53452016880578 -0.294564596717604 -0.160154556841277 1.02139352796724
"459" 1.02013594113356 0.600134470882315 0.927112266566601 0.981713846311252 -0.31837235871662 -0.267660957066755 -0.603652907260787 -0.396789543621958 -1.63535814564972
"460" -0.340584208656994 0.359737231783048 -1.09627230995296 -1.3103270012597 0.706771632231575 -1.46452499717338 -0.0620738100151896 0.176156843857449 -0.918132027043152
"461" -2.02954047741393 -2.14568972001338 -0.156928219153801 -1.32024513048697 -0.883513257949047 -1.83878237386904 0.41208542751438 -0.171771315119842 1.49212401030733
"462" 1.17392019137261 0.124925072926656 0.532728773035291 2.07811339174171 1.56735581106804 1.35781875319071 -0.525830915648415 -0.0469952351530066 -0.0906545484945847
"463" 1.44098691102882 1.13851426946279 1.08850268225485 1.08409806018253 0.734820230705697 0.842721015154282 0.727916537838028 -0.324714315003117 -0.439052375074655
"464" 1.59364309226007 -0.350280346858281 0.634620901887806 1.42693043546446 1.239655596669 -0.0316062705793336 0.0508880526329422 -0.0223825675175868 0.198542807865582
"465" 1.81354252785549 0.176698281698113 0.876667951665963 1.29905735810356 0.161640937749617 1.07831290730096 0.330402979104405 -2.00254540515962 0.685618409233499
"466" -1.67861423692502 -1.93449287374955 -0.671355575555151 -0.0722039697600185 -0.0901872819983467 -1.88980277242481 0.606721798284764 -0.31477438700929 0.342513446768431
"467" -0.0667211856062868 -0.710661309837614 0.872346342942813 1.64341639502823 -0.566460312132584 1.03885706233779 1.19040791432524 -1.7220720657402 0.858576872168676
"468" 1.55297125220481 -0.470790750261782 1.68363151172322 2.06393384847596 -0.221425231228759 2.62473016826234 0.570351969367239 -1.96541125159731 0.87702283854345
"469" -2.35537154863895 -1.83333575675776 -0.316596863635999 -1.48998796953451 -0.624938668484775 -0.167264221758948 -1.4755152925161 -1.39900177838981 -0.128239410008334
"470" -2.11324324102569 -0.831213291737289 -0.433068729668115 0.78559023244531 0.280055085842484 0.569501490029885 -0.944757891267071 -0.838084198375631 -1.91263370560696
"471" -0.806718266240467 0.158899661742255 -0.396004826067134 0.186566411988322 -0.493656259983575 -0.333368515851026 -0.149717066156318 0.286305663823787 -0.757630026864629
"472" 0.864119781561743 -0.0538664872312642 0.24046902097779 -0.548610022291614 -0.73364817295146 -0.730478251321379 0.234272876303527 -0.718747066930839 -0.156808100727643
"473" 0.560593532314829 1.36943381997012 -1.00305153493887 1.40114893888338 1.06302341940346 1.49297546139138 -0.193985351311317 -0.695557592579427 -1.7208379525861
"474" 0.0578091499498087 0.673624577697482 0.492272549955565 0.124883414330377 -1.31939165787831 -0.173657558576179 -0.0374560554852514 -0.448877460568675 -1.01023243869538
"475" 1.536625635877 0.891619616404685 0.958089236075544 -0.0758613643738085 -0.200557337311689 1.1876374618145 0.448267359820634 0.57663956490139 1.07900429828544
"476" -1.76150333169291 -1.35014683422721 -0.638341153808433 0.13963061636062 -1.05257021054902 -2.25996917607121 -1.07666972451723 0.155411253750627 -0.506520726902426
"477" 0.52568679428463 -1.06490776749874 0.203766409363377 1.50390699884863 -0.335036666823364 1.52804534727093 1.06251444916658 0.320326086328289 -0.318822882086645
"478" 1.54150803739623 0.794230359378038 0.856614942041141 1.57139043595301 -0.120105228644936 1.4655816318802 -0.0991205310817425 -0.828510450582033 0.304681146474138
"479" -1.84977808510893 -1.21278537574217 -0.0548133203175912 -1.28492196378465 -0.572522684019141 -1.37343638431739 0.0504980330283899 -1.48606560846989 -0.297046717776254
"480" -1.59164940757139 0.23217931896485 -0.306391225302218 0.572497192488597 1.53970759107961 0.860518022496645 -1.03987191614215 -0.0198061594037765 -0.0896043295587521
"481" 1.9635866619459 0.630707479479472 3.26152576510258 0.978908097701745 -0.252439337871439 0.881329771223228 2.38138360650489 -1.42955025421176 1.186248446064
"482" 0.559129267143792 2.30156629625296 0.242358065698558 0.322579929377874 0.900099098523901 0.468782074168802 -1.47720481400318 3.39770157942628 0.039534211884334
"483" 1.10702627281602 2.8635955172677 1.04595008735233 1.94685507478473 1.20745016405146 0.653005131935575 0.868827386820021 2.26513593098816 1.63312146616709
"484" -0.529428855560827 1.95182290571634 -2.37084102453779 0.10447605308958 2.29434942138539 -0.522662915708299 -2.74449380426916 1.75285571164094 -1.28629090493133
"485" 0.0781236685332145 0.95072645139334 -0.248102948995576 0.392099463031417 -0.583566558783085 -0.914847712985669 -1.13184776512927 2.41096033805305 -0.33209012666312
"486" -0.16931543005396 0.27387667661691 -0.209736859468371 0.423155276330881 -0.644899109670819 -0.184529719459156 0.531906484634515 -2.18791835689284 -0.2105324195578
"487" -0.18031316260548 -1.22774024826202 -0.73064282023068 0.100852627053966 -0.393181764390753 -0.530227570660267 0.211495737605091 -0.884079132444332 -1.73522968477374
"488" -0.617781826335325 -0.270337111046429 -0.037107544578366 0.720665379526273 0.921588801890375 0.619443424369877 -0.967112575659425 -0.162117200407652 -0.570292978533945
"489" -1.60607390909674 -0.871434649431336 -2.36438270128082 -1.44599113540274 -0.289488997702833 -1.01587276924467 -0.948313335347546 -1.32410073214069 -0.890110417618055
"490" -0.948536778709916 0.580931303771452 -1.17917389133956 -0.549798414704115 0.416715376091431 -1.14340907537842 -1.20635331974411 1.85651686955116 -0.75088899649349
"491" -0.174659765866468 -1.10622665884091 0.297809392754098 -0.0787066929004377 1.35830968037719 1.51944652684636 -0.444521122931777 -1.22585090492309 -0.450444115516037
"492" 0.468421104626958 0.915643155319659 -1.10417790972186 0.0935783683232236 1.79739229986711 0.567819413373505 -1.84522960283656 2.5350767767137 -1.90036897843611
"493" 0.585495274894574 0.919481010487432 0.341160015933211 -0.625765410832675 -0.221739566352761 0.833314806008259 -0.048990483151838 -1.32438897099559 0.443571041983084
"494" -5.50981317980389 -4.63584507857534 -3.85055143281913 -5.13683244385104 -2.94691692115107 -4.23887284475705 -3.99307764727403 -0.605593849487635 -1.603678058337
"495" 0.482122565392978 -0.098505217237107 1.45882735260636 1.45274991034256 -1.18587969205643 -0.168190333981534 0.887540759279065 -1.44257553146419 1.09867424661359
"496" 1.34779059994804 0.0905418667537173 0.313508486899632 1.08971378478715 0.543254258146691 -0.114905985693096 2.43446525317108 1.18907159947449 0.43706346498065
"497" 0.478096910793839 1.51887313451587 1.25955383992091 1.573663686017 1.05056984734679 0.453077828943818 -1.15013567986123 -1.49183213932413 -1.98207375473118
"498" 0.33323949536347 -0.715155085757694 -1.03924047536757 -0.970013379678881 -0.697126360717663 0.277376518474198 -0.371647203900444 0.131032507748132 -0.432209660819983
"499" -1.07192825419524 -0.94913695514896 -1.09151781323281 -0.13884689444686 0.905315926050166 1.31980619660771 1.2156923316116 0.383661728561166 -0.318804645902374
"500" 0.901800954217282 -0.245092874030037 0.966408064849009 1.48759240205327 0.423459435719749 0.987101584538852 1.43980325594907 -0.64163365778422 1.43885737304813
