"V1" "V2" "V3" "V4" "V5" "V6" "V7" "V8" "V9"
"1" 0.0764824850689598 0.600258342911923 -0.236280135348638 -0.184090840883161 1.41995371248193 1.13077632236944 1.15274561568531 2.39398401916089 0.878433165290747
"2" -2.89934778872029 -2.28014023470081 0.370377061119485 -0.791921847120314 -1.74811732469008 -0.699707770436622 -0.265728994905566 -1.06014018626942 -0.939978957725963
"3" -1.08141486100835 -0.139952906125754 -0.767306479790017 -0.228430535380178 1.11596848099292 -0.127573732527184 -0.261275355053658 0.844614503850497 0.773335782908123
"4" 2.28330589687226 1.91463121920866 0.945740531712551 -0.0249772297820189 -0.408916294072522 1.06341249633757 1.69668748936069 0.846817622746422 0.433044306038994
"5" -1.34849467780431 -2.15112902095726 -0.746487004529533 -0.302375211260632 -0.484163300370525 0.856494391230181 1.13671500633412 0.388536224079941 0.655554971825373
"6" 0.678268395552874 0.36260315964711 0.658938914476323 0.95107456416943 -0.0881045114127744 0.0911608302811009 1.10114061169387 -1.06497558476127 0.749744693386476
"7" 0.171395199252214 0.830937753019066 0.381882229674407 0.635215931027543 0.562841265506103 0.953863236162425 0.412475743519132 0.665435402869829 -0.253406266735596
"8" -0.778129501292042 -1.21141636163081 0.181891154203772 0.535581662324774 -0.273945047171775 1.05676944046997 1.34328456804085 0.535042679568078 1.08335635795503
"9" 0.404868610981393 0.760219493047461 -0.20666574493977 -0.564405410926646 -0.648586150160168 -2.5864817744783 -0.102782970973185 -0.337234395076866 -0.557074206316282
"10" -0.829630132179811 -0.144911724126936 0.150301060015627 0.0435516581978067 -0.348048467247243 0.389800842801849 -0.443982822687163 -1.60594887150935 -0.844136772422632
"11" -0.0576863704430999 -0.174716493178109 0.00889536779512279 -1.96570649132281 0.362482182330434 -2.66967722345888 0.0280790062915344 -0.60345749338875 -1.01960838382421
"12" -0.777408462618518 -1.23121573185065 0.430930632152025 0.216784848400864 -0.382385632538979 -0.0905291267064933 -1.89723660266404 -1.7044808793428 -0.48293070216578
"13" -0.175925222755286 0.349710167540512 -0.324835963672284 -0.850887618875601 0.27878576335241 -0.792280517496852 -1.57709360551981 0.0684229425234592 -0.0891500808901034
"14" -0.370706759230454 0.0375933242838457 -0.908584422211498 -0.304858352167326 1.10548175041045 0.619746960092488 1.48076923078673 1.54437658608851 1.24472790154244
"15" -0.316377555444756 -0.145774029333572 -0.0635353004532265 -0.193423433551481 0.851559365225667 0.0700104089324372 1.64460463876318 2.16775722097576 0.0953798231048336
"16" -1.5214148090034 -0.673546572838337 -0.749662961159492 2.1693777005494 1.67735790999575 1.98805145575662 0.170137236402837 0.608299248532149 -0.0405291380167722
"17" 0.447710046611874 0.156589525824205 0.103433586097335 2.6201498187789 1.77422117180911 3.05359345146903 3.07853936156359 0.228692293339372 1.55563994333011
"18" 0.362554588036864 0.298025120060045 0.737471436209714 -0.203476519599468 0.534259782010372 -0.308567517775853 -0.164255508150195 1.70489266615432 0.100480820833073
"19" -0.852312523319335 -1.6551989421459 -0.128677030846532 -0.114669074933045 -1.36728344601825 0.433819788213679 0.685220099077261 -1.7626071358375 0.332302833459457
"20" -0.674487387390181 -1.11574662484151 -0.296743345008458 0.238270798504848 -0.956287125297086 -1.1161004224623 -0.611135310754788 -1.24204772704437 0.219662019567839
"21" -0.995029675040829 -0.761415106614174 0.167729615197055 -1.17610095023854 -0.786544550336973 -0.750868266777869 1.17727500315756 -1.22637986201494 -0.094703016263356
"22" -1.17956629574884 -1.52983168007145 -1.47534776401751 -3.12007552674284 -0.966635564819458 -1.41197981105952 0.279635816868579 -0.338956648513657 -1.5588465801207
"23" -0.562440112419575 -2.61238723335637 -0.398053201822796 -1.52758735130501 -1.24128550919598 -1.26538518379972 0.783660980127242 -0.340469931422692 -0.707418468655194
"24" -1.42389239208242 -1.0229172112594 -1.51655630861765 -0.985692517410503 0.477385661751841 -2.00061413118902 -1.28696390172497 1.19948515083658 -0.549511662949672
"25" -2.74550333902307 -2.22335221040476 -1.73690112495366 -0.798945608210981 0.587280365566059 -0.43997488072532 0.130079337707976 1.44751860696955 -0.739036128389094
"26" -0.866046432380787 -0.663722638760056 0.533405313813761 -0.133019627590778 -1.04579961058894 0.140749180890547 -0.579657075943166 -1.27812193477551 0.240416957995839
"27" 1.25994413203769 0.0352652755719729 1.13587788610334 2.24385417842583 0.884804914676919 0.542085281648987 1.51877922989374 1.76305583608316 -0.162646000611768
"28" 0.064791382359119 0.141267201717466 0.000241856256481654 -0.0740503757690949 0.102117565521611 -1.24081708904032 -0.471626347476431 0.119553540660176 0.43505254572246
"29" 0.846532728244 0.563875294108251 0.998340102278378 -0.839185346153523 0.739329369610743 -1.10633102926475 1.78796656672458 1.0873687287048 0.736957292307443
"30" -1.05451567353829 -0.1729327265478 -1.76635239101285 -1.35702744137818 -0.192220031717761 -1.65046738221326 -1.4460428271041 0.383279499091257 0.0387214875410806
"31" -0.244147951882984 -1.13989821344959 0.151254814845008 0.342630028309926 0.992252915419529 -0.214619570187463 -0.696255381168156 -0.737879988993577 -0.240537243204341
"32" 0.92183100921317 0.033059573653379 -0.432296565545119 0.240031616481207 0.0546992156944786 -0.322286288405322 0.605502618747888 0.555176121769286 -0.38223870033358
"33" -0.675816210797642 -0.270106470946736 -1.8272589361056 0.140644321241816 0.909094268399095 0.220837572360404 -0.37240439930355 2.60095443049972 -0.801303324682242
"34" 1.05786673889773 0.62641857569808 0.0340693669960959 -0.0856949553800268 1.1840239898781 1.46521985023681 1.89285959331222 0.0346998923358207 -0.188347928158913
"35" 1.36812217638504 1.15187518901249 0.0754598011719341 1.114562001942 1.13528816943306 1.5073260147252 2.0318375471147 2.66136941632828 1.20053431398971
"36" 0.670310871279885 -1.05740750253453 0.284967933114673 1.15199798393643 -0.140229046353779 1.27871549042422 1.49627070382327 1.02259313964022 1.39560989047
"37" 0.167823529323355 -1.23722480651572 0.78208681967346 -1.22416572128491 -1.46003366754521 0.496337635483494 0.384358237871846 -2.36271837754549 0.56988393740926
"38" -1.63524954384397 -2.38904039915689 -0.930672462071617 -0.989409672072126 -1.13952493157843 -0.886270927825966 -3.06463187163803 -2.9147119619932 -0.930047797517402
"39" 2.4496084772702 -0.284979538230624 0.699866175912913 0.0149197627056811 0.219479391241613 0.813437787592593 0.72974728221123 -0.710874156050814 -0.581554216355973
"40" -1.35306420689909 0.594584103298105 -1.30340760579761 0.488738378457943 1.67864024886735 0.300985358539313 -1.55285135086358 0.428791000626419 -1.03914942829763
"41" -1.04384779358092 -1.32127190609465 0.523800454090764 -0.520466112306836 -1.15759996647904 -0.34213443298389 -0.906870786096176 -0.589604755845196 0.483497577234607
"42" -0.660485955517807 -0.917354829331916 -0.464273438349247 0.234103018933328 -0.0587349678972692 -0.954542820908427 0.707712167823412 0.188195958446218 0.682625920335582
"43" -1.94098170841354 0.0204429727430057 -1.36321381173297 0.0504084611046994 -0.653019950030446 -0.864062851486157 0.319321510690642 -0.897496130335277 -0.197487872890904
"44" -0.250878537258468 -1.5957052063203 0.343797090925756 0.212117226976287 0.515017049110536 1.12533901182699 0.495510057530773 0.602047300367335 -0.27189118788626
"45" -0.0935796345191999 -2.66844285153564 0.650887118424631 0.981880937248498 -1.572187164472 1.24606996681209 1.71108055494211 -1.84721930006385 0.232007914333866
"46" -0.616389118795518 -0.714289423178054 -0.965102067122315 -1.3242876156597 -0.527744811806169 -0.178403333583548 -3.03674888464329 -1.96019735242012 -2.24703608097184
"47" 0.256713006757772 -0.00577352568067624 0.169296915864481 -1.79645198328823 -1.75891079881162 -1.08675240896105 0.414729045141601 -0.982320617104582 0.270896164708265
"48" 2.1569583622507 3.00795809179134 1.37516849081048 -2.45304565601699 -2.06151142889824 -1.91228922423003 1.01847000572937 2.33500135111611 0.288421751459372
"49" -2.23744242033154 -1.31377048096206 -0.939353120355558 1.52355082132523 0.200971928452762 -0.782243775773236 0.659538422752894 0.62416401189639 0.681082583856072
"50" -2.13408187142189 -1.97341363486971 0.542142361694494 -2.60187472164823 -0.781574124853909 -0.997167443170959 -1.63304608247741 -1.58057644872534 -1.23759004963179
"51" 1.00142404899273 0.916766805635881 0.49284159596503 1.22307782054724 1.11271972566697 0.550943931323264 0.3349342434111 0.72843696056379 1.0197144053412
"52" 0.0178479752056932 0.179914342871242 -0.541745347874308 -0.266723505830372 0.455287975605883 0.392713968671311 0.0219904453443232 0.407283515619074 0.721557950143484
"53" 1.0949458574869 0.728955460614863 0.690868743156322 1.29037898699205 0.617449956052889 0.802966651473816 1.65363340839415 0.100243207320588 -0.191006070970247
"54" 0.245554069826949 0.625331285546834 -0.233998096942948 0.535117141961322 0.543527315357872 -0.381869120645584 -1.68711036288573 0.249379017940079 -1.22497974254828
"55" 2.12602594663605 0.582180338607854 1.6184885644129 1.02766600259707 -0.865600013289317 0.396652706063693 0.551401905256496 -1.3254663550407 -0.339135428394874
"56" -0.806115240568033 -0.596443887533667 -0.0394638211240571 -0.17077775244063 0.761209367618663 -0.311181671356674 -0.497263133651861 -1.91412253833398 -0.606615280906241
"57" 1.01321109162157 0.0964218384801709 0.509005388016408 2.19545310269572 0.413654817434812 2.02598398751467 1.95463828754522 0.362263238151614 -0.967869419410842
"58" 1.12337261594854 0.642230178263328 0.913326275936318 2.20185157741268 3.19544906733111 1.88804450783068 1.83258741453574 0.925870459870137 0.963521836860799
"59" 0.527593658355089 -1.39388690936438 0.533578342340726 1.03745558658817 -0.662551339823725 0.315675235525979 1.30129237080914 -1.46962793944294 0.887459292380443
"60" -0.687844859747021 -0.00767765051131836 -2.03443492671517 -0.354340065192001 1.27951108859206 0.254489762000147 -2.25544791496519 1.0142789602143 -2.91248840114096
"61" -0.65492951092676 -0.241177481864532 -0.492393775575762 -0.328282380709409 -0.152424797722698 0.443900754755454 0.478806000217002 -0.834111872211276 -0.136878679371651
"62" 1.32670863981305 2.44396685701336 1.35470805804308 0.228115105370178 0.388517095438167 0.45018504080608 -1.89799949898419 -1.13315691690522 1.36509850421837
"63" -0.118543930554603 0.937842004477573 -0.0593676004664005 -1.04914186954789 -0.401341246656864 -0.54906260973776 1.36279640054756 1.24230060169874 -1.54752706366705
"64" 1.03007177599467 0.143837931627025 1.01900176929683 1.48780071284728 -0.439393453159066 0.295050447340896 2.10722635018535 0.907974322753537 0.936891587003875
"65" 0.490299490363528 -0.515900831099307 0.529468365038046 1.82694641253374 0.295902728623302 1.46144610854679 0.487690951382272 -0.416301225635906 0.905503047568406
"66" 0.680926041370284 -0.620694926754211 2.23653565991894 1.39016290160032 0.103162355249151 1.75828643546313 0.706488834109517 -3.24595971895303 -0.0244897471698746
"67" -1.06906994800712 -0.540020564856972 1.04681621641692 -1.01920909641321 -0.911864519128159 -1.4034892292937 -0.132129054726107 -1.29997069489703 -0.698941671760891
"68" -0.497788914594328 1.0151538460631 0.925650493607949 -0.153192429677308 -1.82336209334799 -0.957086718733138 -1.42331619607709 1.36646639100515 0.045718809868175
"69" -1.26305671508765 -1.42965755779878 -1.97846120940277 -0.9666311623754 -0.658226949205726 -1.7883132378552 -0.373836698624989 0.960439061204219 0.156149043130771
"70" 0.526082921927503 -0.321934059957209 0.0352120129515854 2.62317929731457 -0.0141665703918935 2.33489472269125 0.723241049738805 -1.86506568846793 0.45924241164877
"71" -0.803117259356287 -0.783726814152246 -0.762090136666195 -0.505923064483579 -0.130796466707707 0.045376816721697 -1.45165324637936 -0.855508555531747 -0.560158053599338
"72" 0.490004238200181 0.18429291041612 0.545821731583672 0.809565061147428 -0.322489626148446 1.29342204704681 1.28800750956888 0.161673613091954 -0.615125980115381
"73" 0.646924995131607 2.41727240403954 -1.18894936179286 -0.775212692337326 0.306623067775694 -2.93537397596141 -0.773698822306216 2.64300611511163 -0.243282206780348
"74" -2.56984256181072 -1.34213832907625 -1.36083375483717 0.463095155012891 -0.669470089321108 -0.454383243999121 -1.61625917966959 -0.36231605170183 -0.482198377302965
"75" -1.81175214015148 -0.92879175153171 -0.69809973651773 -0.338953164572807 -0.275487560396866 -0.514082127799314 -0.731318996063288 -1.56954328680589 0.749912536739035
"76" -0.56030755660472 -0.538716324977234 1.44956877840743 0.331824348975848 0.815946149983472 1.39975455220411 -0.0861843872240464 -1.74040339521994 -1.77493937559506
"77" 0.341345524385421 1.05456444762751 0.856853131145306 1.48384238878391 1.39279270366164 1.61223086147435 0.994921806065589 0.697413010287576 0.258790116145109
"78" -1.0296339788112 -0.419173419210363 -0.338528671302195 0.432738424034697 2.51442328148516 1.67993884312641 -0.127053431820619 1.13251063863146 -0.534367389954404
"79" -0.785840524480027 -0.912668453526141 -0.177730112225407 1.7811309040852 -0.463613231062414 -0.631240541973006 1.18056017276563 -1.38816572072714 -0.0793536585726621
"80" -1.7852998662732 -0.121603445265007 -1.68407063335512 1.17407969307375 2.11820094660244 0.703305707451467 1.04198746995573 3.16385954120562 0.889275254697891
"81" 1.56787345460331 -0.492515607017971 1.00819712699775 1.82387259736459 0.0417026415242504 0.25883451231269 0.697558530261535 -0.630133982519236 0.56708059425152
"82" -2.57115510863762 -1.31034969445018 -0.894802942479213 -2.19586060230725 0.153238477692667 -1.99742456081475 -2.25808523917383 -1.26874720908383 -0.22577289618009
"83" -1.17286523410704 0.817084970454792 -0.967931949965437 -2.04455839362716 0.991355135051383 -2.00944320933741 -0.567635355227428 1.81373051485319 -2.45808233143898
"84" -0.958881254320692 -0.806387257113779 -1.06612059241149 -1.37065812919875 -1.50419298592523 -1.00950529447192 -0.192117624491429 -1.36467722224912 -1.14675920441627
"85" 0.136705389636076 0.0341276663918387 0.396339893995712 0.885805253341226 0.967798042431911 1.15099408999847 1.01789957509701 0.324797600166009 -0.787603959501934
"86" -2.366486948266 -2.51841675517961 -1.82555281721823 -0.908646447649915 -0.978925535186133 -0.8953678100075 -0.215230350271866 0.123541007236029 -0.147767877229541
"87" 0.757412076689995 -0.369423608330991 0.308967374773047 -1.16938893924504 -0.207991294301222 -0.338556135433873 0.70045861902814 0.901094698888226 1.17532196393048
"88" 1.43695851180158 0.570299690650315 0.24192069783153 -0.100655643874363 -1.0528817461904 -0.954151003494948 0.242366696380258 1.2287610607277 0.363977394553512
"89" -0.687942418441113 -1.08555069068315 -0.254496489933897 -1.52073858972556 -1.52702836962722 -0.583893904105332 -1.34628685927858 -1.56732993694264 -0.96938608194857
"90" 0.0790937964443077 0.544540728625959 -0.718478772113246 0.141717030676982 0.602573237969242 0.581434993537059 1.02050007407978 1.27413105195963 0.993259819780378
"91" 0.00558809613761235 0.509589753972004 0.758760656231144 0.889387648446694 0.321495829822819 1.21693520733057 -1.43099748191868 0.409949400102163 0.275272729165656
"92" 0.541204432483259 0.16145089334628 -0.0363890955355336 0.121470586258895 1.35675869387093 -0.0500610864878978 -1.45687435335541 -0.673879807219748 -0.911527871957808
"93" -0.63994149655861 -0.955995279046828 0.0453578499688793 0.876662610589447 0.0882399206432982 2.12767094981797 -0.10561258444218 -0.361519408057458 -0.719326975048722
"94" 0.0934899069664316 -0.531881646835883 -0.664961515101578 0.274930481052063 -0.274567648559454 -0.327279473296718 -0.141795382244896 -0.81003374884604 -0.440132578570677
"95" 1.11157792881904 1.77009434414575 1.83165688769247 1.24021951811577 0.471277829106653 -0.270053622825485 -2.0999492196458 -2.26637055952575 -0.422698385612763
"96" 0.504355299940615 0.109233335115082 0.0818756134280486 -0.935484155289121 -2.37166129811896 -2.20744528572714 -0.782236479633133 -0.713908379788044 -1.08071268228641
"97" -1.17824769006983 -0.259302306957891 -0.663658408550436 0.465045660430378 -0.20010853207774 -0.40582399372083 0.158918777238032 1.34233984160726 -0.173644168700422
"98" -1.99634345719268 -0.240485423426411 -2.03675138442852 -0.515568069602072 -0.340475960009505 -0.237222304483171 -2.88505518816627 0.502961859494975 -1.39536023288224
"99" -0.218120515030598 -0.0267339158555533 0.294132469829688 -1.27167759412367 -0.338352036999345 0.394691197352087 -0.04296627298646 0.573275799132009 0.541255434254487
"100" -0.329360058915351 -1.40496285716533 -1.77762000484912 -1.38040830395723 0.258293459193807 -1.49898798773569 -1.84949832672814 0.360744724140555 -1.85911823351989
"101" 0.496765558301912 -1.68419579330553 -0.482446346001513 -0.197716287626948 -0.150792438148852 0.148065577194704 0.419329012964308 -1.57018434295829 -1.44713587729258
"102" -1.02903618265511 -1.57422293380588 -0.33143544662615 -0.386426420622161 -1.85673168093612 -1.41066683158581 0.689216200707945 -0.0930609746379702 0.387653756528328
"103" -1.4453330059799 -1.26388716984974 0.570144703161528 -0.0516064952168174 -0.597148307607472 1.22883879454848 0.961787846465269 0.050597190515866 0.36350409740844
"104" 0.896966587364446 1.73229493279387 0.86912718669289 1.63014117815001 1.17994969441602 0.819568974516577 -2.14684597377913 -1.39598432584994 -0.152089957257996
"105" 0.0675827431237375 0.359747055739911 -0.476803514496964 0.476853188661395 -0.551432821895308 1.15734891112708 -0.785596030879366 -1.04731159004581 -0.543117375897
"106" -1.03427259330741 0.257545284975468 -0.455157825508397 -0.292783047831646 0.420767213278256 0.730528536854119 -1.54094672445818 -0.223336149640606 -1.76805340053794
"107" 0.976200708677847 2.03884221521305 -0.369720356439584 0.200377390637927 0.395516366453035 1.95164207637254 1.73390812188178 1.89795121602044 0.375094637700475
"108" -0.101009193824642 -1.35899760285229 -0.287951732954487 -0.0243220993589195 -0.909132634630077 -0.0515070859495305 -0.394633850119344 -1.80643383826831 -0.520239243530597
"109" 0.532670216608192 -1.14799317806791 1.01010475376571 -0.175483876212969 -0.236582180956181 1.08241780875874 0.814930781828419 -1.90206308461722 0.943573510683655
"110" 0.988961192404602 1.13726337010274 1.40009650256078 1.52644860995574 -0.814343291402241 1.02397926416661 -0.769082710913324 -0.395115588451984 -0.236911749504375
"111" -2.07380599665085 -2.58512955157384 -0.267550521539636 -1.17744457044191 -0.80442377984329 -0.556034430774503 -1.47923652264156 0.533028846215811 -0.312251624840075
"112" -0.831833165870051 -0.613466408176824 -1.13625016960808 -2.46566105533616 -1.04189777018168 -1.59891463338138 -3.14734713330886 -0.198309408000825 -1.55966904013393
"113" 0.720481032593862 0.0942133776858241 0.00712157558368598 0.298828483323401 0.631717176841699 -0.0852307483725818 0.8067561798073 0.924434664097395 1.31257950018544
"114" -0.436205680346511 0.676593582336186 -0.152737004674633 -0.454089976237084 -0.290658551040074 -0.112297020066591 -0.354280098662353 0.422109204518375 0.200477273887541
"115" -0.49967426326838 -0.878034971785564 -0.538028810784756 0.622623060057427 0.0741205839910983 -0.545879383478587 2.25270341308799 3.10947059484397 1.61479144580569
"116" 0.520659732721227 -0.040329504992226 1.31328628560335 0.588434986125789 0.480336264874164 -0.0352220112639398 2.00556217073973 0.15016351475868 0.413293837811222
"117" 0.863172202954376 -0.429547856438376 0.356170633020525 2.18909117630567 1.71208542044474 2.7133442270247 0.335445599973119 -0.673265004694469 1.16349256199536
"118" 0.0442794454518538 -0.0276389276302297 0.839065326427645 1.46632160231884 0.815917669548441 1.71777270998472 3.63874311023783 0.83916568876278 2.3638315296129
"119" -1.30224423339088 -0.812550962685545 -1.54067924679479 -3.48611333457544 -1.66900271806274 -2.21582561183871 -2.64676791452706 0.416827109318031 -0.578206322421121
"120" 0.0689744127317125 1.10003624671838 0.393959589396429 0.995030337255479 0.752939852113023 1.64872625621463 -1.94698889515144 -0.162069943596054 -1.02191094086035
"121" -0.572611068540126 -1.18046811692342 -1.60918562882531 -2.15402358439883 -1.57506890706098 -2.03917892021647 -1.41921173724019 -0.248069902864637 0.124679694652144
"122" -1.8327648431598 -2.63126902217389 -0.803763514584866 -2.24123685568057 -1.56915900480074 -2.5485333173862 0.121108658518034 1.02396726023633 -0.40020274295617
"123" 0.316633334128796 0.603383690895817 0.317321860416403 -0.00943241741791412 1.59469530088285 0.642892732675248 -2.15563410469649 1.0590853950674 0.238128033276188
"124" -1.5557396937775 -0.624860754042839 0.520775328117722 -0.198994171587484 0.566167479641675 0.0681352625165735 -2.34783249446651 -2.46314660603069 -1.23429129101406
"125" 0.775328271777832 0.802996359335679 0.619698684597546 0.0480625151357122 -1.31140940152067 0.350494099112095 -0.388327821889124 0.0483473886446907 2.31829180561397
"126" -0.436700827882115 -1.83565928962496 0.317742200567199 -0.202077068252299 -1.46479903242736 0.397168948866142 -0.931684854954496 -1.10307694457186 -0.538186125762369
"127" 0.624513396130048 1.62374481529692 0.315317350515932 -0.604074435674205 0.966545665487641 -0.43924427379177 1.00112394091306 1.31704679276591 0.824762082763693
"128" -0.113857486641663 -0.145002810306095 -0.765239375664554 -0.460739646212424 -0.451412501789808 -0.24735746766357 0.784077343225989 0.20909600244817 0.290415670093023
"129" 0.256797900391912 -0.0118971321019124 -0.655902116494184 -0.728630566873228 0.416945851317302 -0.908300438419201 -0.476788117464975 1.16075090240166 0.159596880117632
"130" 1.05329324614117 0.390872132770561 0.522930698545049 0.654491969347418 -1.20515256083404 0.17793695098544 1.72725068494912 -0.243677384342233 -0.00230053153596188
"131" 0.125037591845289 -0.128237604432754 0.573341230635181 -0.672649628087 -0.529964255195844 -0.335787417811069 2.06234441015682 -0.322880595109228 1.3376960488666
"132" -1.21683324867979 -0.00384725916901227 -0.672441421967822 -1.8004067158547 -0.0113429709057208 -2.4209111340127 -1.47744974651116 0.997772101013609 -1.00797298676913
"133" -0.375170126450266 0.0141711781397622 -0.520753847394278 -0.853935581822429 0.494306771575057 -0.585761138593417 0.288042219096042 1.21730965117599 -0.102625507726473
"134" -0.732827313920274 0.694205955442105 -0.458528970202248 1.25324150668236 0.483074036987523 0.946132496019232 1.07602176666169 0.249775420145478 0.881634745003016
"135" -2.05575094048539 -0.921887411186147 -0.909093112450668 2.73351321579502 0.940221898710689 1.60686099164491 0.334989759022485 -0.598975077395768 0.677252618773627
"136" -2.11985854716383 -1.72008748527658 -1.49619486423936 0.980504034062521 0.588231728241242 1.71148908852461 -1.25854199752079 1.35788164845707 -0.701610321109146
"137" 0.139485960453779 0.948973535093898 0.347741679915286 1.26038344522861 0.16003097732885 0.247609949435558 1.62931964585058 0.770501375833985 1.29741183844859
"138" 1.72819488449519 1.68148755636533 1.2372695650825 1.36659537099047 1.53444473698155 -0.101916725671364 -0.0114082492587789 -0.627809783815437 -1.61949873178796
"139" -0.914295783798698 -0.374718115177417 -0.987069269357969 -0.39840332772221 -0.534314874960919 -0.636274753086001 -0.0546663488143282 -0.27748398714811 -2.35629659095265
"140" -0.494876257894376 -0.178982776494772 -0.0295134046063232 -1.26032407884862 0.22042327953766 -0.759400020955344 0.0786444952466979 1.29744519869102 -0.0437121771137334
"141" 0.796806344150774 0.990965142571452 -0.0109496539886947 -0.529419416731465 0.903766936923334 0.0177102549628687 -1.6004892531984 -0.198855945583701 -0.429508834737448
"142" -2.27808617448801 -2.54017169326527 0.00994021484363672 -0.524798478531658 -0.67463229745649 -1.22024777896794 -3.05542717086736 -3.53394671594772 -1.70038240985803
"143" -0.192901697894842 0.633393692496974 0.134089478344545 0.64377740011491 0.460311332788794 0.256882647626535 1.35013046335009 0.090824162139029 0.00803577263926913
"144" -2.15863139790705 -2.03499449596632 -0.832643675110063 -1.20560497386466 -0.901094955012509 -2.01161805731404 -1.22424009953537 -0.449750791182071 1.33170475610627
"145" -0.704754269419062 -1.2828007001043 -0.629595319319844 -1.81632597753914 -0.947629817997707 -1.24872544494754 -1.14792310600913 -0.211132655450254 0.886104551220279
"146" 0.163872233419201 0.0395340854599212 0.0927628099461232 0.943460081170611 -0.311801582208629 -0.191812350382483 -0.910205838393201 1.11930648061253 -0.0967727421753212
"147" -0.945823789261086 -0.405179388700105 0.268028779617023 -1.90958865081672 -0.241024625651467 -0.960998356141305 0.625241148826689 -0.630672787775839 0.323563424230613
"148" -1.04510419149765 -1.41737833755951 -0.596392640763241 -1.09765072656213 -0.931018124254369 -1.09391550789744 0.5025342609871 -0.144673025749205 -0.161930566127384
"149" -0.304379072403418 0.554745134964298 0.316682803692674 -1.80430798049515 1.02940315244814 -1.01898786875458 0.291227509891922 0.147271074711062 0.381421821688131
"150" -1.07639131015209 -0.8540725572399 -1.27498473383584 -1.25029017589956 -0.337111600774718 -0.928616339918916 -1.96605775071063 -1.31160899010098 -0.782758091848549
"151" 0.0695435524206403 0.415681232734295 1.18348092137539 -0.32851174210516 0.225131814200824 -0.516265815872367 1.41880576952808 -0.450216617387606 0.135497723245833
"152" 1.14015889104985 0.788658815659711 1.51196667974875 -0.0731744137494569 -0.736901307205032 -1.45579780266558 1.30644680660341 -0.140288031645922 1.46242280488891
"153" -1.337965411637 0.175117119238986 0.458020864890438 0.733692028140341 -0.0638427934682742 0.491855660954841 -0.461433451876507 0.849669365710524 -0.12821976963786
"154" 0.672469643947665 0.993163299202249 -0.385150711270193 0.703965930971321 1.06891420478197 -0.305292548949477 -0.884978139340083 0.45992119134641 0.075586796696454
"155" 0.264135585969917 0.484670006601165 -1.77111300671704 0.305121659454927 0.713926314879888 0.0227299596025642 -0.546221695205797 -0.748353494502717 -0.149413981214535
"156" -0.73708324829645 0.301390528435608 0.40730193864158 0.237295656971774 -0.305752592501745 1.29447729658218 -0.204913170311501 0.3069762287831 0.465818183965621
"157" -2.11052319871321 -1.55984344255493 -1.92640823429597 -0.664197994321577 -0.622970938756707 -1.32981074104902 -0.256515184262226 -1.04780140567068 0.260230312928061
"158" 0.767233205858374 0.40800881385175 -0.0802035210496583 0.565259658967008 0.170897992685671 0.508408061780015 0.699029264991286 1.29526706132523 0.127477296696505
"159" 0.165562180645612 1.20373391940903 0.173438802700562 -0.143323245574325 -1.28277096393298 -1.1437230868492 -0.0917627711728249 0.460850775142523 -1.13042964028106
"160" 0.458174011003451 0.089368471198936 0.224911474647669 0.768494378657562 -0.378513557631016 1.03965053661852 1.3265130561506 -0.901041451291655 0.676951423645188
"161" 0.737143923215268 0.779164377638472 -1.38402948338477 -2.2146960656033 0.476077342643856 -1.17097923203069 0.656067345131567 2.16461618224258 -0.3602177670313
"162" 0.602415699236255 0.471180465302853 0.0668513553832556 -0.193432727914425 -0.18403357385139 0.37419854683015 -0.125795464711334 -0.296298212989714 -0.140361250355074
"163" -0.685029646470901 -0.947850900782686 0.789946692199458 0.92296384629817 1.0383850811541 1.41443189413972 0.832516539661487 0.0182494453870338 0.851666165596235
"164" -1.58071672354954 0.366988655456989 -1.20179026302231 -1.17159204152976 -1.08602078584209 -0.422920236763343 0.602599682571519 -0.0867190888546278 -1.07364568708025
"165" -0.927346746688892 -2.33222283074752 1.0429627847725 -1.70856449739545 -0.594326340225221 -1.47470647190961 -0.621526290126019 -0.991122110113151 -0.469552447361698
"166" 0.221142203225748 -0.496029110329919 -0.546685627411111 0.784116914471692 0.0618247415626064 1.36192397758505 -0.734668096650652 -1.72020091715726 0.0496700259081582
"167" -0.114319716775268 1.15446096435004 -0.254753656982474 -1.31930991831862 -1.19349441884556 -1.71463953861181 -1.1677420880719 0.426167637486422 0.0868406983251202
"168" 1.89897790811879 0.961358891922945 1.52831280017532 0.441414983725325 0.219754071408852 0.964692522616231 -1.14430699840323 -0.181982219426743 -0.0989069691550918
"169" 0.84621895892708 0.15749157901071 -0.229253517296898 -2.30079948442723 -0.325555006193642 -1.63834966914463 0.431948154831771 -0.0214289821897643 -0.192651378208654
"170" 1.15899617502624 -1.16977502463025 0.295665807023203 1.70349056313125 -0.0218780432036545 0.267766331561889 2.09211863131437 -0.429659355180035 0.948730573022154
"171" -0.374039053866748 0.980835424352848 -0.374592039936953 -1.32279054540742 -0.792685676188721 -1.249984062096 -1.20220163053815 -0.817510421427607 -0.903129060196347
"172" -0.992875972879474 -2.28495748877836 -1.48410136952753 0.140713365337489 -1.11671098382102 -0.194928388935114 1.20508304393846 -1.67711958183906 0.384350982341612
"173" -1.12082945290858 -1.7225548469166 -0.641921578505718 -0.710623376111572 -0.401871056476986 -0.294207712038227 -3.19872777429729 -2.07355321163601 -1.79328523862274
"174" 0.645365643087598 0.988698402378543 0.0422998753313187 0.00801855048634587 0.906285990081551 0.103673628423594 -1.05479569241193 1.62782616029214 0.156477146884378
"175" -0.543690161381993 -0.257019212053164 -0.731336366710671 -2.26668944218231 -0.618521766000238 -1.87333572712309 0.860721315395442 0.378238124191019 0.718066560575499
"176" 0.503782553655701 1.25747807351539 -0.97269344448205 0.687846103015695 1.06788579232353 -0.86108280457393 -1.6665347376098 -1.24654114180779 -1.26633434302921
"177" 1.41508984962682 0.48437380424015 0.484509000740564 -0.469027058182127 0.748489200641391 0.446227382766592 0.645926613423847 0.088773536723542 0.362096575473609
"178" -0.269986370883757 -1.4929203506482 -1.57098731854727 -3.32931081821698 -1.20109149076646 -2.1572395181649 -0.896585490735763 -0.0685097103105659 -1.01509247784078
"179" 1.34429787478921 1.38178546290046 0.245233718524437 1.388751657092 -0.960044154140374 -0.733502985591628 1.04883426294527 0.357491546333476 -0.295206193510594
"180" -2.72169432937383 -1.70363410115761 -1.22499396414411 0.0843023549746852 1.27822694776476 -0.618943534791625 -0.512515485188392 1.32032480875925 0.551774608587064
"181" -1.77758017295426 0.206467174841057 -2.74717810987426 -2.55928665136739 -0.638682150971888 -2.19373250037575 -2.6806590777997 0.735223527860351 -1.79187534665161
"182" 0.724251191353129 1.29609212486835 1.27923535124314 1.04279536283878 -0.750916036386659 0.278423841461794 -0.294966426750163 1.04048459875723 -1.28935818442286
"183" 0.736437251235125 0.147125429119754 -1.22287348950781 -0.439991650497007 -0.433576373820638 -0.421274082209957 -1.07918348356414 -1.93516043713946 -1.20021904395221
"184" 1.02268162178874 -1.13860135559843 -0.178497617749214 2.0453993151658 0.741420590247936 1.05263609035051 1.46597373107587 0.237118539753486 0.736850273861025
"185" 0.618838289088961 -0.599851428557997 1.89912186257424 1.55101858052208 1.70780822229001 1.46396076459189 1.06485992074936 -0.158184317549451 0.551168046207977
"186" 0.855501934938657 0.251242748198892 1.039818936478 -0.150313111100744 0.340247573018796 0.527319536152626 0.735788569062583 0.926323380146466 -0.480763984516681
"187" -1.6896024307948 -1.47280147466057 -0.395426079496701 0.328125772080139 0.1955489510412 -0.332808706597203 -1.08340520212656 -0.462308891447703 -0.429855655523564
"188" 1.72207702117788 -0.650237101743739 1.59565605686151 2.88341892397983 -0.436395749556349 2.60990756140454 1.96935431572048 -0.508675553875868 1.7037290420791
"189" 1.46548258317507 1.16549404659263 0.818802697862694 2.74418938468611 2.68575830517431 2.62640218792282 0.920598238039164 -0.267174742059854 0.969026958250408
"190" 0.580593795874697 -0.745662843656705 1.36396434107575 1.06326785561029 -0.202212842178905 -0.574604734544426 -0.0180637043113914 -1.90367862425511 -0.139598359813805
"191" 0.668868819793746 0.294436384217527 0.958994112137842 2.55904971380986 1.21221360649619 0.883883306073575 1.84870791644087 -1.50998405384435 0.472789943287939
"192" 0.894082152891945 1.60677843576792 0.95582615259153 1.31860634809377 0.870159039285751 0.0452287309690831 -1.9579181362798 -0.448876839828606 0.331130766110312
"193" 1.3877172267613 -0.386845242222239 -0.105586418632908 0.750142104935788 0.865833277778099 0.553535167538882 -0.454275447166416 0.817182880595482 -0.977575846871341
"194" 0.752804551633975 -0.738087109101322 -0.453241965963029 0.696429430236681 -0.542137410594925 -0.00819512065064493 0.151145930459951 0.708851129425189 -0.262028202569676
"195" 0.0223487316086608 -0.448122930882791 0.344778080068233 1.55207495723189 -0.448570471240276 1.01208458252339 -0.9795281066394 -1.30851730099029 -0.0205617251297536
"196" 0.421910591123911 0.488285418473732 1.50088480251566 -0.632584693452497 0.759417540172691 0.291994905713648 -0.0998619479806409 -0.854888976658918 1.16878389351006
"197" -0.991511720483209 0.235607515284546 -1.65973031603109 -2.62741770993029 -0.625374883007001 -2.48749199077081 -2.35098341596567 1.25300975977263 -2.36574253321924
"198" -0.719973177498872 -1.13595420609061 0.0192931079477269 -1.6082073627881 -0.424956512998434 -1.07784894285203 1.24733079788739 0.387924836211069 0.644428553821622
"199" 1.36162481538111 1.26956724125891 1.45564608191307 0.183203454853671 -0.52693286382338 0.579416631631979 0.282808754652508 1.82647868530475 0.173583447887017
"200" 0.323203074236854 -0.0341051846202321 0.253902690497104 -1.07960294692671 0.754787307578462 -0.590906584296353 -1.14941980221723 -0.752434689812222 0.412573594555378
"201" 0.951638886775144 0.494319571852822 0.369475830455482 3.22351638532696 0.0836461327315248 0.961503527823391 0.251195193681825 -0.177020959409635 1.00189123242109
"202" 0.237144349405527 0.119339836286809 -0.149180058384921 -1.33703204770086 0.0737941931837423 -0.471713839394604 1.52234876202718 1.13557159486557 0.247977511414366
"203" 0.0425941312235343 -0.176843488059196 1.22101228394004 -2.34713385959192 -0.740352373851814 -1.22610837737911 0.804892742673278 -1.31762753932753 -0.494753104048891
"204" 0.933387341021166 1.93453408351386 0.916227279436561 0.540573240630752 0.468038827075221 0.608166823394995 1.1262785372514 0.527736005142918 0.238883360545264
"205" -0.060113597760219 -0.257899188186109 -1.79159653302397 2.18711664112642 -1.2046355921307 1.52243738766324 1.6685639031435 1.17951080742253 1.0980261243233
"206" 0.310328903917397 0.114307334265 -0.727879561986633 0.179389533257976 -0.0489168660162196 0.0188098794162952 -0.937945092469224 -0.149146938384695 0.301837238328628
"207" 1.94322582978028 1.93340045215621 0.96769651857303 -1.2637527038361 -1.35067239603579 -1.15020820779639 0.845652643093364 0.730446546046944 1.63386833171574
"208" 1.29575058976824 -0.486871626332603 1.47351410767986 0.69520384327497 -0.290022713843908 0.24597232866 -0.795857447788618 -0.879412637846495 0.548691737672073
"209" 1.48395540904965 1.52819983459351 0.782424713508267 0.638323074655346 0.553448643145654 1.51805654036466 -0.0775048354155859 0.75357477667363 0.23552044080107
"210" 0.244254998260657 -0.0508532295191239 -0.185414103269052 -0.0134858644546948 -0.307591473872221 0.189257211675483 -0.998812919876669 -0.800872010741115 -0.438942821228896
"211" 2.00698678705046 2.48527425165792 2.7947638367211 0.561426407826934 0.7179251577246 1.1964764684738 -0.156108318823518 0.782780885813411 0.0672816270655796
"212" 0.0830538752623072 0.181642872575985 0.583236477016358 -0.657003938792447 0.80360801927159 -0.882184582885224 -0.582686360746441 0.564662816342006 -0.753664162398642
"213" -0.380622664827556 -1.59447389706654 1.45894187622096 1.66938528271894 -0.283957745301517 0.767262559829608 2.26568959486794 -0.441079244243824 2.32442250306452
"214" 1.36435028676281 1.4667128282112 0.772345512085807 0.678328885992555 0.157184696665292 1.89790284882978 -1.05816691776352 -2.89979973653839 0.44945966448809
"215" -0.561173973449333 -1.81903551021442 -1.43989616554311 -0.767788809008813 -0.249870476847146 -1.72095106177589 1.13568384414126 0.722247993316966 0.348726835619141
"216" 0.456665711757602 -0.643524702954743 0.715518356886857 -0.816403147568005 0.37819874724085 1.7348326628465 -0.227468759000987 -1.65570205700625 -0.444034215610991
"217" -0.747232504942673 -1.33899171220163 -1.18292839211317 1.68820484659393 0.402454724971493 1.37445441793479 -0.446963872656506 0.0705425920382916 0.904198692614171
"218" -1.22142473621891 0.507542934936073 0.727858022349484 -0.914270012188988 -0.156293631944573 -2.37409057263828 0.0974822386248384 0.0624069661120628 0.521059220153247
"219" 0.141797780334096 -0.293911409028129 -0.582678346848698 -1.34384164255027 -0.0669394852982833 -0.659174247168276 -2.43558562006098 -1.81911147138525 -1.32178280425628
"220" 1.42183938426294 0.588112311447071 1.11736902526423 -1.6410081503207 -0.826222076529806 -1.32700781707548 -0.311497575161854 1.15077997166185 0.661719979751664
"221" 0.122496734033534 0.601803464811553 -0.682334324258003 -1.43277697570853 -0.0501680317603941 -1.06532633662842 -0.544322866249844 0.430854717281197 -0.605483041394334
"222" 0.928557415624944 0.084990918681852 1.01680680205051 -0.639454790453324 -1.11779837795133 1.01624876433726 -1.54696159185126 -2.26182194553303 -1.69363529621296
"223" -1.16754149694921 -1.17442995364817 -1.71114605850239 0.361400102343998 0.0540753789239186 0.765763906310526 0.666271027558471 0.435965203460769 0.631729690029899
"224" 1.4381946122359 0.606188046342441 0.780220740992361 1.57805771076553 1.0483895966526 0.574841032557354 -0.10406833099017 -1.05097865574142 0.85496519665155
"225" -0.0326663308487924 -0.988045950952105 0.866436810950111 -1.4833809558804 -0.0181118720836684 -0.57903214413472 -0.315436101844725 -1.02114880077969 0.310713901399241
"226" 1.02295048991561 -0.0316030991473986 1.82415616447693 1.08230258808813 0.0978879353785795 0.91437781110638 2.0385763909466 0.260328004934069 2.17317101620005
"227" -0.703030705838471 -0.136977717271614 -0.555223970064051 -0.294479667239175 0.466358105527494 0.947129243156009 -1.32064504360031 -0.412864699757727 -1.18739027121619
"228" 0.0306278789164514 0.588495693156464 0.0806997950339431 -0.54419232898176 -1.11836668616504 0.116300349322088 0.842138258345136 1.19348031082662 1.01196647618449
"229" 1.74042083570452 1.41762532605005 0.35323987204321 0.558421273687137 -0.358415835133061 -0.18289534248574 -0.739500483455166 -0.589245553620374 -1.38391223515438
"230" 0.563904332484027 1.45336555463445 -0.781190189160237 1.43785912699649 1.38822630540477 0.941931175921213 0.138669050101308 -0.356041608956316 -0.557470989300547
"231" -0.325316141517318 0.647105642820118 -0.725597236321616 -0.766432710556452 0.741266881435584 -0.456006550701456 -1.81726681502041 0.393363589570384 -0.724288423400047
"232" 1.07826038693065 1.78483484037734 2.13330064237953 1.35217849803077 0.808028145262404 1.25644932742759 0.494653628535511 -1.46963395151073 0.201738570390916
"233" -2.41445476709691 -0.995146193639795 -1.0268531441964 -0.43874600122482 -0.00611505007017146 -1.24008694365123 -1.7527391937229 0.216287948423166 -0.0477299161897176
"234" 1.02866442882249 0.277421271287456 0.755085903540723 0.0324110864132681 -1.01988350120424 0.146126739380414 2.13258934505362 -1.36531590420828 1.09810916406786
"235" 0.337338508899032 -0.085773566412108 1.14402370323394 -1.07810421272308 -0.344286076131508 0.325248151488866 1.21266502399674 -1.08493212898087 -0.459005013416322
"236" 0.838368270816672 0.459522395302768 -0.086486110945341 0.585482683697917 2.45750579123848 -1.11957292746312 -0.870198582642614 -0.14870607677054 -0.517529520605048
"237" 0.19647098989162 0.602176645542237 0.241991258525413 -1.14004042099431 0.576461113526166 0.51166356294711 -1.36745030653754 0.253567287930387 0.271192078214233
"238" -0.733965242210171 0.236652429062106 -0.480153981166313 1.24977224023465 0.453813725664294 1.02114946666275 1.96150716801312 0.975571542351414 1.72876266461102
"239" 1.93474958125836 0.741346821522171 0.634420756688614 -0.384386165951303 -0.562808124283976 -0.020406581965468 0.431240041850818 -0.636808175728526 -0.81975097285384
"240" 0.734981720666702 0.34784878295104 0.0193432310786904 -0.669595227737751 0.664017523980657 -1.07595076390795 1.58061011657726 1.56362078124798 0.984631836466754
"241" -0.284421981981815 -0.762991048656026 -0.830663734252051 -0.696594051896413 -1.12429447932884 -0.433374983862085 -0.72081991189251 -0.368626976867844 -0.809162739990979
"242" -0.434323908648684 0.12264934861838 -0.703874686997749 -0.756263639315866 -0.350871027273796 -0.700478207602647 0.113040219639892 -1.5235242126052 -0.460078297306806
"243" 0.451833340002454 0.683037806511152 -0.60157748432164 0.600420160506173 0.97386226738979 0.947282959870082 0.062502396137947 -0.345050538595458 -0.123522014996467
"244" 1.36789002545591 0.307283794005038 -0.202216213177258 1.44946879012887 -0.684275036906636 0.237454030913997 0.770357147787357 0.0271843058245177 0.100714513174768
"245" -0.761881524357725 0.0981569055364126 0.214402346333858 -1.19370838179637 0.135264534351699 -0.304967090951498 -1.64384919283854 -0.546933348398337 -0.788149789706851
"246" -4.33415494753691 -3.68542324712658 -2.80638067832663 -2.43115872169379 -0.932762152399014 -1.23101084828104 -0.707616409316321 -0.260066416860182 -0.545068303920805
"247" 2.19273002141697 1.68139023544065 0.852682136664942 -1.01907794641052 -0.155029156006968 -0.145763100368071 0.503708295195079 1.54190099423966 0.709445817339203
"248" -1.22630201390073 -1.74997228959684 -1.46275363374309 -2.33264738932523 -3.04438209448522 -1.30319828080058 0.0942365875303457 -0.276291349136189 0.176562677550409
"249" -0.537551956775163 -0.353114121029862 0.153563668561823 -1.43653127007414 0.60586723860448 -1.27465695480098 0.759799100292953 -0.231705864756442 -0.104091341224799
"250" -1.86540460395256 -2.71745952172362 -0.12325502475232 0.080105499302487 -1.22691107709745 0.367057044900074 -0.0663399179724778 -0.752093318624994 0.314429306381434
"251" -1.28808673274581 -0.549802885150669 -1.08754254410152 -0.45852555185545 -1.1517878424141 -0.506757980513126 -0.53563279535093 -0.016798125016017 -0.371258913442379
"252" -0.0501473779985593 1.01423645448669 0.646421578799282 -0.346986917353155 0.0968888182700215 -0.737638901743642 0.344172876931644 1.15212202627464 1.05020907913641
"253" -0.55266436453291 -1.14944618918603 -1.25564126995961 2.24405212822523 1.00516343845115 -0.0951897795951421 -0.133213791633468 0.920087272488054 -0.615121975394054
"254" -1.49397924975697 -0.779460048371967 -2.75577173810571 -0.45324237834477 -0.134849695600496 -0.228935998461515 -0.658523983862457 -0.0600773577903626 -1.39857234494207
"255" 1.84470131763653 0.0673659133784741 -0.144514085813582 -0.434611899641771 0.722747523425883 0.386649565821617 0.63143444544976 2.25327608248518 1.55377056214301
"256" 2.36412193058427 1.75453416193705 1.05572922529888 0.40623157120415 0.995926382347425 0.139675912217814 2.1467751319753 1.85760943939677 -0.48071510265751
"257" 0.590403152231542 1.45201870639718 1.05095539251755 0.967489198530164 -0.447907064844682 0.866452302450005 1.65203391250539 1.98401583599345 1.18139571910616
"258" -0.525859348526501 0.0116143510363265 -0.451782465403006 -0.143498706832527 -0.78904514982801 -1.4108637010302 1.33057319646772 1.82458185952774 1.0693167461707
"259" 0.553834902649376 0.953801886634798 -0.259111782598934 0.459632143618061 1.56563432438332 0.669866998671211 -0.219612657832663 1.02128082043388 -0.0735159143987674
"260" 0.285882580498259 0.283538450369349 0.277620487860193 -0.471990662511541 -0.025927655852468 0.431938831868719 -0.53496364620504 0.473477925813046 0.321755999285206
"261" 3.1405875787402 2.61346611291794 3.55308251648131 -0.565418469460283 -0.0134962986322916 1.50402088794626 -0.716014967830005 -1.6469242491297 -0.56657657454436
"262" 0.0367269319038047 0.846671997409531 -1.00492744421128 -0.346103155666658 0.793976404741062 0.331336017002797 0.764242251568596 2.85806131784802 0.0194944952026878
"263" -2.42589690163818 -2.00321881349874 -0.71614876340332 -0.516274727492034 0.254667880182555 -1.57572950622601 -1.96399386473714 -2.25669646297754 -2.29913726346187
"264" 1.73182251386016 1.46144683284415 1.20825530625191 -0.347920836463713 -0.0485170370775929 0.311867512118695 0.967039660014387 0.826368574015788 0.173306987733961
"265" 1.42884668779805 -0.300291169274164 0.59928859022375 1.07241857658855 0.286665430764597 2.29372547703526 1.00726209555081 -0.549397424875667 1.14528360040374
"266" 0.652827786624883 1.21993395046191 -0.565108820157683 0.647352112406175 0.628923845989964 0.542561121881768 0.695837125367749 0.337940729913384 -0.384045868384895
"267" 0.706292426704734 0.24559951888864 0.796860345600556 -0.0242973535514993 0.750593431795391 -0.564777045296531 1.23958929356268 2.20112515442399 0.147081573983699
"268" -1.03653521173105 -1.96943107328622 -0.241107930886724 -1.40944147801855 -0.518322041944486 -0.942748223848447 -0.689347157247936 0.0545437598867028 0.0412554897319134
"269" 1.29160699574541 1.11995420624563 0.00362240048495033 -0.0690616556170389 1.27435267848652 0.494789155360467 0.798984955952367 0.870909924908699 -0.240470753592171
"270" 2.15110271926315 1.36283242024856 1.44718887552806 2.29431523603947 1.30785248057101 -0.639689009564027 -1.24972353708238 0.437641737977956 0.755027258505795
"271" 0.589944294010162 -1.21087936655988 -0.0117353347930092 1.52456590464133 1.31656869543179 1.44014094621164 -0.41329159524132 -0.846982228633565 -0.023338779703384
"272" 0.40209813231925 -0.0669740108747416 -1.61559147326831 -1.43876902334962 -0.0771605642019082 -1.14075173178288 -1.20476837977264 -0.249594736243828 -1.64525393982717
"273" 3.66041750529069 2.25398373286955 1.85559536529008 -1.46307169333739 -1.06349603640823 -0.477903972278431 0.987478922012809 0.975046701824568 0.532599015396143
"274" -2.55464922724076 -0.467573722535877 -0.595645177105444 2.93282977178361 0.280030493379787 1.31248220295922 1.2348530847656 1.80652002500805 1.11480925613466
"275" -0.416539897410389 -0.676496585899898 0.89375337292104 1.14825320913135 -0.337065063020457 -0.174493715633746 0.749007370718227 -0.154235184247824 -0.30574796155733
"276" -0.373195145527256 0.740072858795975 -0.548240473897359 0.0707245954513187 1.44009001528398 -0.239168107494571 0.149461435602141 2.60361017161781 0.375282592496525
"277" -0.786191526890668 0.258421516433764 -1.01776526020571 -0.278544834687464 1.92885314152904 -0.286626250604801 -0.383078895699504 2.08264652165874 -1.21910714853717
"278" 0.206577472158764 0.765308566595422 1.12672490441068 -0.134081485988096 -1.41324160956437 -0.681967909822601 0.573101251314547 0.387855840373042 -0.165297596608146
"279" 0.801693359304319 1.31563478895173 -0.0539416882034273 0.562251255458773 2.15041600204422 -0.42131779504866 -0.642313877452019 -0.625065411608833 -0.71088568126554
"280" 1.03139891167366 1.77589577612974 -0.277971984948104 -0.767283610024276 0.598912488604421 -0.359298283682353 0.794349996444708 1.90180280592184 0.842213610632353
"281" -0.432112602267306 -0.845938138797336 0.686549118326891 -0.819594760907199 -0.256180436394291 -0.403972294668023 1.36928696610028 -0.337662616385109 0.829611255089457
"282" 0.184646623757727 0.454420362171182 -1.31729381439439 0.291461216870024 0.0106263721494825 -0.309458826746709 -0.444778571828195 1.29801329281695 -0.267536401608692
"283" 2.82027084245147 0.968776470882693 2.26965361747821 0.958897229239703 -0.865938395458654 1.63193852175744 -0.565253367823918 -0.374809755949461 -0.49002394896428
"284" 0.622709631887604 1.19155886931904 0.6116035605623 1.27609203655933 1.03423625312201 0.985377991486219 -2.1861540755719 -1.85383992237927 -0.407134731835991
"285" -2.5109527276458 -2.63736084253494 -1.72249623502011 -0.896269846552769 -1.43667624728692 -2.22092979304347 -2.23552980553046 -2.30834910083536 -1.7402906658069
"286" 0.355587087011496 -0.573193991924225 0.321106413430155 -0.0159272459537459 0.327620669872974 -0.129752869561245 2.72005110661457 0.117204889141102 0.928437469864322
"287" 0.562821123464241 1.7628803179339 -0.402225192189095 -0.479018546101767 0.408253685835645 -0.630849540738932 0.454723034314068 1.64049470644939 0.138258268572172
"288" -0.242784635714603 0.913224268606087 1.14093601782888 0.791064691324137 -1.01057120926278 0.63748735383575 0.981826251523036 -0.406519085266825 -0.0565981417321012
"289" -1.92309520282173 -1.96996951725973 -0.559081823127678 -1.20768993177042 -0.0860124393710696 -0.307719102580116 -1.74792744705228 -1.98778506630814 -0.317618573213736
"290" 0.764671781729986 -1.09521162016403 2.45423170139455 2.19676035317107 -0.300118585249558 2.49897253220267 1.56078486814179 -2.36252304813734 -0.0489023566114362
"291" -2.08437935315804 -2.8608084451262 -0.519279935987655 1.20116639695522 -0.794437125640653 0.371616071762753 1.12599632515727 -0.454309479426473 1.65991206321509
"292" 0.752531976852061 0.599212123800682 0.995549171809637 -0.596143431850562 0.454003049346516 -0.923592199454764 -0.476686962515507 1.79173602592277 -0.292920498735866
"293" -1.89204761526957 -3.21778668093804 -0.756350967255259 -2.78441392200104 -2.39908759855187 -0.997721452685102 -0.339930319454593 -2.92559471403308 -1.06588185239951
"294" -1.32379494667637 0.593534162236886 -0.491750230504721 -0.857842710669532 -1.18175287324205 -0.712390136946741 -0.0881050115753721 0.348945712227479 -1.90996466597305
"295" -1.610354920668 -0.108665775167748 -0.443488982821794 -2.00870124759333 -2.02817988484212 -2.14542811383244 -0.955419420183368 -0.55280086902766 -0.214281289246207
"296" 0.683829017352032 0.398088410850028 -0.307564098959233 -0.393889917748581 -0.211674483855988 -0.607891585087127 0.468579466422546 1.10306292498515 0.1042670512419
"297" 1.1414694267048 0.935899447572258 2.00864836818858 2.03433099685627 -1.81434327426179 1.71875235030276 2.55468252614214 -1.75256596954292 -0.335504045244069
"298" 1.63629409791485 1.13143709433703 0.323505784817183 -1.06063757638355 0.508693458920899 -1.04205132258103 -0.615329349990274 1.68587240837437 -0.728365073803641
"299" -0.401097586069187 -0.977682907847206 0.195613435555904 -0.192506741209728 -0.333934697815154 -0.486488013565398 0.114941770938116 0.371158439087566 0.0554462575392926
"300" 0.0202335862722092 0.510204610707765 0.139650669808954 1.45031337096237 0.829617123091252 -0.00384964449931391 2.18700970588857 2.14541675481992 1.82096502908826
"301" -0.787154634172767 -0.585085696995919 0.841667390473333 -0.357061279149401 -0.814276270729316 -0.16221957329067 0.647692464845727 -0.890359968407053 -0.229879857463899
"302" 2.10672770270884 1.11119453072473 1.08520880305121 0.431382514241655 -0.467821322038492 0.516698441292184 2.46747641125535 1.03672413102524 1.570161287054
"303" 0.277658999018256 -1.44761967619908 -1.03645759049461 0.252465589492459 -1.57479133957909 0.340455350305016 1.18396885616746 -1.63605339544532 1.74709383939978
"304" 1.56335204363325 1.31709759132115 0.227163280451382 2.42978515529848 1.61779999673373 1.42348667213826 -1.35107148917233 -0.619731245700962 0.980655198296401
"305" 1.28907946582892 0.55958070869681 1.20079669636549 0.486005824487639 0.1828966513515 -0.317152403717437 1.63413258090968 1.79942459347841 0.583095407514538
"306" -1.34157905669663 -0.338656598094486 0.749644726161826 -0.0814102086559014 -1.20040111122057 -0.191219597819886 0.84191847232593 0.231931182393512 -1.09756490842351
"307" 2.81373154269932 2.22794353516598 1.45406244067001 -0.37262758035681 -0.630759957260264 -0.279719305805833 1.16994457729902 0.773365550222138 0.779108348162737
"308" 2.55587384506382 1.9526129265251 0.999060940363918 0.175112213726612 -0.188485564427323 -1.79790324091116 -2.38122425712795 -1.32688506642606 -0.325780597918842
"309" 1.12132809239684 0.439504365729357 1.10143304703661 -1.23356324379868 -1.89002282533579 -0.557380118275637 -0.322490580017134 0.501903473555076 0.384201640847762
"310" 0.762959129837896 0.403889803624913 -0.0550345196571684 0.79264528590019 -0.42635923666423 -0.608420523786325 0.904294846711567 1.6772800275987 0.712205230295838
"311" -1.40859196390353 -0.341085993134038 -1.30002756648049 -0.348826837119225 0.0455306161468045 -1.76147117393415 -0.524154512415543 1.12937490358211 -0.146152469194803
"312" 1.94029270604204 0.982418539376324 1.45723335438641 0.380115243918908 -0.832622419434476 0.410938791237889 3.17385934119915 2.02615452603488 -0.372249385604154
"313" -0.404189829852184 0.480044549458921 -0.808045513078637 -0.045521121521265 0.808875807165349 0.588247963255546 -1.14510361083754 -0.691690496021794 -0.941665320600543
"314" -0.635713632071417 -0.836503261228861 0.0167069002592935 0.692109856583061 1.53492674414124 0.927783202015134 0.0218618469888118 -0.704068364499866 0.433677172510334
"315" -1.72295847676572 -1.5123250175305 -1.50665407762725 -1.75714668674769 -0.0631923783774301 -0.650168553468548 0.239845049856367 -0.274367404693782 0.597931266575266
"316" 0.367091313660763 -1.31082799492696 -0.124198633451343 0.145708879574573 0.634885911323454 0.812162208988047 0.475645770338702 -1.02166241759478 0.337550110416255
"317" 3.00989397122151 1.6677312726345 0.994502812447531 0.894157410854613 -0.0376109378474942 0.795752347971164 2.36424304729137 0.856385894234681 0.650249880134555
"318" -3.38257936660189 -2.12019227542681 -1.80319451328692 -2.3721297174841 -0.154058355440117 -1.43832966327467 -0.0461418483230267 0.18263993397092 -1.3557080613267
"319" -0.8042768078644 0.724657355103605 -0.356039052984762 0.866293137001478 0.804293605394057 0.998165780386316 -0.205781648316261 -1.15376637240479 -0.308016346797302
"320" -0.624351679713984 -0.300651150294569 0.364640510303708 1.08477389161906 0.544151607649544 0.842734378584774 0.320530205745506 0.75113673736942 -1.35227320967777
"321" 1.0564224396023 -0.21541866515636 0.990437006688043 -1.80352504571928 0.0722298273221639 -0.586615007655826 -0.299112336147402 0.674482380038474 -0.661597887534397
"322" 3.42894135254434 2.60728174810315 2.70180343662047 2.90502348624296 1.76102515549801 2.31894263328395 -1.48089193361914 -2.04979916692063 0.0139751791595647
"323" 1.15206195662297 0.502087604154884 -0.369601274022995 -0.305335226792418 -0.00122517913732906 -0.0351928268001799 -2.6605982727496 -0.919140301489133 -2.17570645348166
"324" 0.429369200069796 0.325629605696724 -0.19482977799396 -0.298826138995907 0.725486630809651 -0.189466010119167 -0.936261222510473 0.689187211759365 0.14131884991647
"325" 0.0129244061433472 1.15097628174762 -0.587388559829396 0.870665702211182 -0.945773433131582 -1.6024037590598 0.234169929146033 1.95447804420036 1.13619221386683
"326" -0.000513994319607303 -0.0944788764914033 -0.219860600605165 0.0224210878993674 0.3178129141583 -1.00517730897346 0.588389660290252 2.00786114851082 -0.6502511602947
"327" 1.69823307470058 0.037981368974564 0.237720864220004 0.5721795631679 1.55396031635341 0.947239112362745 1.1185407107568 -0.127360628194018 0.376540609467179
"328" -0.369712255302256 0.0869829210367386 -0.336258544171428 0.998243402941689 -0.267188845288433 0.725914128447476 -1.02201739006381 -1.87746338700882 -0.0747755929326633
"329" -3.18807632795717 -3.13689192245692 -1.97655020557795 -1.02955882987771 0.325169820360435 0.313091541689368 -0.583595210986247 1.15663930127509 0.415035962957495
"330" -0.537799829572202 -0.437891200080012 -0.749122534231043 1.29006271260646 2.00020596385638 0.929850816520643 -0.298471072654434 1.48230122836614 0.568964748743628
"331" 1.57288117068891 0.686428190187985 1.47364416791878 0.717038902977471 -0.49857820640187 0.495591720033721 0.823499349044086 0.355923321431389 -0.104465569913762
"332" 0.41565733402994 0.550703529788398 -0.261014995476736 -0.48867304485183 0.58267071969904 0.342002338508269 -0.318710084683669 1.13576854150472 -1.79689246894106
"333" 1.64776422382251 1.81845947998686 0.874970347825493 -0.00178418289749904 0.268209071376857 -0.568147903883554 -1.48269095351079 -1.28577838057175 0.166276491760584
"334" 1.59779057414266 1.77693012355433 0.143761186837287 -1.26549968902108 0.648601199708529 -0.331222130341369 0.732188406815015 0.529145006675033 -1.13529134960843
"335" -0.357230121927882 -0.0671526322986647 0.49980162570165 0.352254300228083 1.07663398675658 0.48357504397131 0.785646637736963 1.87761910504712 -0.290043904462587
"336" -0.0373185971068802 0.136327654080413 1.26784234842514 0.838524878493573 -1.39421540277539 0.793992486554262 -0.234017350970968 -0.273023381626518 -0.730963967445097
"337" -0.780588932635061 0.471025453450549 -0.639277553201984 -0.471729897235593 -0.155407868038158 -1.14784927205285 -1.34290951634516 0.692155880985156 -1.68660568983562
"338" 0.185247130296451 -1.18652965567764 0.368824378559333 -0.61438890480757 -1.22472663884892 -0.271820565654082 1.6037361932527 0.724111338246283 1.34184363880603
"339" -0.538368750119588 -1.02852160144319 -0.299535396117992 -2.08456775324537 -0.829719556827375 -2.25211444202962 -1.57262013725465 -1.35443277191723 -1.35751462662734
"340" 0.297501183309035 -0.780186141984287 0.521969675068466 1.39618030531942 0.221048557100165 -0.874540398802683 -0.896741757069553 -1.536678521379 -0.730275155422344
"341" -0.797526893617985 -1.40291061859551 0.63442400704513 -0.366023009679001 -1.31960300145445 -0.86864232999103 0.77039683503165 1.68711670011263 0.00848166845233189
"342" -1.3660375175932 -0.525431662193574 -0.87647177479434 -0.883250687649075 -0.695282257059221 -1.62678229769175 -0.448902203978616 1.22911235317527 -0.623831391353028
"343" -1.2483047782357 -1.20668281148401 -0.935213858682537 0.140006155446478 0.200035232721157 -1.26415201786622 -0.517784085760765 -0.362809353568847 1.56683405530711
"344" -0.156698087952269 0.517376568466336 -0.291510156480564 2.05288346099826 0.614115215273446 1.5691655774507 -1.36743869993501 -1.237689231355 0.550439623745306
"345" -2.99571857330614 -1.34844027817151 -1.98479829881121 0.91802972368649 1.94102306512936 1.03037427118759 2.1356592035302 1.69021570499844 0.961968069645868
"346" 1.50812250176075 0.499323037926112 1.3419939793432 1.2092026367468 1.07982834938052 1.87349054197452 0.0583665600809597 -1.08956783874777 0.458567288791154
"347" -6.29960646583884 -3.86628017641239 -3.3593928560602 -1.95266944610982 -1.22934043518159 -2.41531712672672 -2.67990366884704 -0.757942763272077 -0.790528563497476
"348" 0.498887761237619 0.689333427573163 -0.0761919480966375 -1.74373462869371 0.483899463604762 -0.977471739613694 -0.569836858434839 1.42517192272301 -0.285709161482706
"349" 1.13039720398525 0.107084255487245 0.743459495458759 -0.60586227530636 -0.757325902912782 -0.917909709061965 1.13340897691963 -0.036073355649176 0.397459317779298
"350" 0.046362856412572 0.327510963491622 -0.208068699131351 0.482695625165302 0.153000584408424 -0.430845952252017 0.10253088223977 -1.47016799680635 0.190823905209708
"351" 0.393332448613814 0.98435121030475 0.519454006834192 0.843187974594475 1.15669383474569 1.28292077869383 1.74698113561816 1.01906330630113 0.400829234576434
"352" -1.18687762355793 -1.09941990465268 -0.730038549814571 -0.11025253515233 -0.892017781000051 0.891566959702929 1.0094481054446 0.645181917412968 -0.424165899248359
"353" 0.118605386853183 -0.212164177591905 0.0238347833258924 -2.32209153769236 -0.648910078531902 -1.49342572210646 -1.79465116861324 1.80566197366996 -0.482853582745247
"354" 0.98175814468637 1.04095757073936 0.326126134746641 0.771976120953595 0.072882235425105 0.412052741525821 1.09975153174077 0.638841838283751 0.0815694477551287
"355" -0.765274655631846 -1.53460499459062 -0.695386139657732 -0.920879867650541 0.00231736170552033 -0.243540001609934 0.303118912036511 -0.136491828674438 -1.62964242101701
"356" -1.72818910553038 0.52849317779061 -2.5611797431282 -2.35287858323086 -0.198972490187114 -2.37216142943874 -4.26170930683018 2.59469449860887 -2.2955728344097
"357" -0.132403587851221 0.150029185170971 -0.856522286161626 0.0542327570101675 -0.16174991576237 0.412746472492092 0.16941930629218 0.416093290837022 0.172374963451926
"358" 0.0220557920745485 -0.766498118169263 0.364591396417065 -2.10170451389324 -0.98380542097249 -1.47221494279649 -0.410188945752808 0.049812212390726 0.235134942167714
"359" 1.5176653069461 1.7272022878134 -0.285248706908793 0.868474690546423 0.313592930588034 -1.97835838833054 -0.637417392701292 -0.269995538183074 0.969787436188758
"360" -0.098031287627925 0.310261834747525 0.262585607237673 0.771624818523449 0.399267355314011 0.0637889651329188 -1.04442136369972 -0.458078312526423 0.191665219941759
"361" 0.796535535906289 -0.247939360230868 0.327648948887375 2.43228289612078 0.392359949532818 1.80917128287459 1.2842097889553 -0.773846437429066 1.43930018040483
"362" 0.062642142105024 0.931898373533419 0.226747414448159 1.97518859103763 2.10710135788838 1.18516228631225 0.906310517634348 0.0133011857719356 1.25752754293784
"363" 0.191529739828524 1.54373034035885 -0.491454184807674 -0.055138384294885 -0.578101256139304 0.686668464199134 0.0285053574384898 0.505395422029658 0.117988990340096
"364" 0.691254275870735 -0.365257694214384 -0.284448060737594 -0.470130750833609 0.1945280592285 0.188745692171651 -1.18049638085241 -0.885703994127848 -1.09881464566656
"365" -1.5529357384375 -0.411186115179064 -1.64949079600532 -0.450521887525311 -1.22925021114946 -0.407507331682889 0.680447771336583 1.80609404998492 -0.106330078269816
"366" -2.22577158757591 -2.6385026970777 -0.628309748867202 -1.54049573495425 -0.648624695864802 -2.5421092231834 -1.94885927525579 -0.718730231789514 0.586912518751338
"367" 0.933085991386668 -0.69330392870748 0.491696844321644 -0.400153860054099 0.796308400620516 1.2179602361159 -0.554402154364365 -1.40788794287641 1.33407655669227
"368" 0.939006285730203 1.56792498711425 0.437730516696241 0.249894574601805 -0.0698738244138686 0.132209800908588 1.52877813700055 0.664982822923794 0.323816106640953
"369" -0.365789347644159 0.892298116381425 0.072017159746087 1.52748091551171 -0.685689302314713 -0.151346342754661 0.804526104619197 -0.0787078019470091 0.871304068753469
"370" 0.391924294196027 -0.529824547367425 -1.10791123913622 -0.0421702791939501 0.784055341456182 -0.180719766504564 -0.42098585357565 1.16092792028881 0.230021772769345
"371" 0.696681879402523 1.12413881350722 -1.10012866396221 -1.75317268937928 -0.513921735202114 -2.1780493840991 0.228758090410617 1.00636064025448 0.512081131744227
"372" -0.741463612370063 -0.731501163394783 -1.16301712108284 -1.13858366167772 0.201112073793359 -0.822166011744627 -1.15877860355131 0.219302939080855 0.120000668478399
"373" -0.940513187256818 -0.333725864801763 -0.865198503259255 0.442182300531506 0.388856482201862 0.189345128063985 0.448568999044868 -0.399707247795859 -0.641615022256681
"374" -1.6677779811358 0.861828374406194 -1.83943126747099 -0.853364911146182 0.841466600083238 0.755358285442631 -3.44450485961953 -0.235037831570797 -1.77176378486943
"375" 0.880422095217294 0.990134305503848 1.39582985953029 0.732743063980892 0.753165059709337 0.0851321627197121 -1.46220575232882 -0.979056634495714 -0.763358521430689
"376" 0.641907312241735 -0.560893221715122 1.10615679663119 -0.0571499582399594 -1.78065403212798 -0.545404458693377 2.14646784893072 -0.313521856764463 1.45686920962101
"377" 1.81966468879114 0.93670485776334 1.01724010590943 1.83124061485516 1.92367382988195 1.55301287071605 3.06205841076424 1.85307678892206 0.0648599100329644
"378" -1.2137041425611 -1.43721366051787 -0.0711003803159397 -0.196927661857009 1.14914743662177 0.196255734146362 1.75692172461298 0.0214047564683415 -0.112081749995978
"379" 0.354433609771229 -0.425631410177036 1.58915619614222 -1.07041043163835 -1.80663588831092 -0.43974737269599 0.213766228317813 -1.24461507189766 0.729634246793882
"380" 1.05845140836376 0.499787600428845 0.0131454650093751 0.740725322940919 -0.298633236018618 0.662235774617158 1.32262143325258 0.154694665509364 1.04498176899006
"381" -0.482920091600685 -0.0789804499497341 0.401092905154218 -1.07139750716189 -0.309480001921214 -0.38017694147067 1.14344534605582 1.0249740395752 0.954486963532968
"382" 0.60876396630754 1.78587199513602 -0.558362936625141 1.6130021501244 1.35206953916993 0.0240884611114179 -0.611034891960756 1.23594387989992 -0.141665347804541
"383" -0.153409994053115 1.7695631184756 -0.982906703668074 -0.775141287889015 0.992600936446079 -1.52869794560053 -2.36903786697561 1.17357621431824 -1.8728826526502
"384" -1.33869265823187 0.334197857351814 -0.189437932936836 -0.302359218652714 -0.467423426316792 -0.653012897267683 -0.0700709887951636 1.38536776583653 -0.248475164051057
"385" 1.23289298690701 1.63116986162506 2.00328895701512 0.711554590436834 0.1403896076519 -0.40376560438524 1.75666712288027 1.28501730543968 1.70368713376314
"386" 1.47213951924404 2.21647715980365 0.74053066389292 0.329555234050878 0.864578360461592 -0.00781937426294735 0.0328672154237293 0.430656744209314 -0.782567208913264
"387" 0.61460996185033 0.473101938101471 -0.374746256322915 0.212008236618151 -0.597473201679825 -0.922558152440493 -2.5268883203898 -0.501196097387091 -1.38372210459829
"388" -1.15650585263476 -0.965215459790649 0.0859088239108165 -1.68868704642436 -0.14111633488864 -0.700637287973909 0.605384172770973 -0.53430953928478 -0.242401497741606
"389" -1.66046605317242 -1.16476134905605 -0.129029754361159 0.797710004196728 0.0649120688470941 0.296340381948242 -0.427786174554608 0.935440677278723 -1.26594723075081
"390" 1.99323357609454 -1.8053381737896 3.37903190085196 2.13798479661475 -0.595115651936124 3.05839815476731 4.47109823169088 -1.90881420764797 2.21531261250078
"391" 0.166390231096179 1.52938668099755 -0.782293169990627 -0.740966885508832 -0.969229138276854 -1.58604005139143 -0.527683787108319 0.120287681143889 0.479678833157331
"392" 1.21843709674191 1.78704622428988 0.41883638475316 2.18069766547548 3.44481758220935 2.2176683694524 1.50405166629151 1.84815671699844 1.09069918126333
"393" 0.560976108996151 0.766921604817328 0.696078066327381 1.47103737713207 1.75177489598554 2.37433507631577 -0.277711639637082 0.833643655759106 0.91167786555212
"394" -0.454951944722529 0.182346007438809 -0.737896275509565 -1.03363647970498 -1.06626840723859 -2.14702237075715 0.148804465157657 0.543458279070295 -0.934037535148326
"395" 0.652114549190346 -1.65226515958382 -0.335803893298986 0.960765304607817 0.359703700558124 -0.415313589104067 0.721753078007648 0.404787431468097 1.47334522719442
"396" -0.136337067826365 -0.522090490594451 0.356843226651477 -0.594099960700608 0.0594968909164679 -0.225571227335378 -1.15178193116603 -1.02963787895513 -0.372517917224221
"397" -3.36510913623993 -3.05945206792765 -1.61810448278015 -1.8088205820034 -1.614431695782 -2.73021920738854 -2.47090848570028 -0.613677709386239 -0.927875708466655
"398" -1.95139508247223 -2.30316435561094 -2.12997803971718 -2.39753203989868 -0.523902017725418 -0.87692431142574 -1.3196315762849 0.992901882990065 0.606933889770715
"399" -0.489334917958946 0.696328396763157 -0.137623516446908 1.58003362208726 0.489268569557566 1.4880484435561 0.320138614566783 0.801171095122508 1.31186869058316
"400" -2.51026758690002 -0.973991403059585 0.323626270280895 -1.330460229569 0.0613804855870196 -0.123637102727174 0.130602401227081 -1.13310681638007 -0.388209201051312
"401" -0.235128772612485 0.712962520607155 0.183803281804881 -0.955622590284551 0.599515211182134 0.511902233981437 0.845405993678801 -0.000112292078635751 1.23806044373229
"402" 1.56784299922281 -0.36759019294092 2.17326940891383 0.582990370640583 -2.58283981825537 0.800607164047444 1.49931703855378 -1.94277791723967 0.682227824678991
"403" 1.74193326505893 2.19827399526315 1.0710277835221 0.311473717359218 -0.2087536092241 -0.195591098405066 0.303825290536004 0.409475463989584 0.915519005776356
"404" -1.56850785661898 -1.24945155098167 -1.95548743866688 -0.51782352614241 0.498817143985891 -1.67792544678829 0.0140397316614741 0.419339730523961 0.290511480191017
"405" 0.0842051679957275 -1.11047716110449 -0.0920583104322941 1.39929198802374 0.572848685534996 0.0398322624622149 1.37714702048904 0.473979788666531 -0.647395027269276
"406" -2.36608120751414 -2.2127477038157 -1.84270326753514 -1.01398816802474 -1.2336262476567 -0.849591949315244 -1.54409557073065 0.198457534887854 -1.59637067764395
"407" 0.815798712225974 -0.150395711102601 -0.490366913348847 0.461268666056077 0.82932594201721 2.03235511925575 0.42630185693147 -0.800899997879111 1.10731308262774
"408" 1.06031913079333 1.08052007920906 0.555165072198063 -2.13460102907736 -0.336254735512564 -0.636144284194905 -0.889212660444759 0.0465053818957466 -0.428830347960925
"409" -0.748793562285925 -1.43245905450098 -0.547443186985442 0.616269318270693 1.01167108773535 0.671817426198595 2.80120318712244 2.63631782636961 2.14971626972625
"410" -1.90630780732238 -1.8311109540022 -1.59688030238116 -1.51180926682581 -1.06207480399652 -0.911523710245873 -2.27911272547259 -1.23359610540921 -0.338118172385149
"411" -0.973134007217581 -1.43334338335619 -0.117291862566352 0.251338476822163 -0.703987286171677 -0.847050143498126 -0.876907712778376 -1.75232490541973 0.227906569335783
"412" 0.336736841006242 -0.022069389440626 -0.496632095634916 1.00725740010665 -0.600819044982304 0.425075230205989 -2.72425793479731 -0.759036675506456 -2.46848210398178
"413" -1.86819436550813 -0.987727128884719 -0.726726437444399 -0.996996541074338 -1.29271519270741 -0.930666499629084 -0.284503422342319 1.19386394596214 0.843831891550793
"414" -3.36812152857704 -2.87057436705091 -1.94313547673744 -1.54365297947848 -0.808171696507587 -1.4750939608102 -0.969180566317351 -2.04820307432685 -1.11223857776722
"415" 0.544067092422765 0.118305624946697 0.754017360719207 0.899477630107806 0.569536400605937 1.82184414518541 0.913892291168987 0.258722612003419 0.0278838511261493
"416" -0.555155198169944 -0.543727561166849 -0.377341973407953 1.20515019745121 0.150130433205285 0.816982108861797 1.15059196182966 -0.0349990718380724 0.93217708602966
"417" 0.868101352618587 0.273001509508203 0.701701332696792 1.61967397629589 -1.18956213567597 2.48010016386355 2.68672104693826 -1.67075161218116 1.21416970671577
"418" -0.640014345898494 -1.48519116139878 -1.38937507551103 -0.136316842276912 0.96406658519702 0.157806265797954 0.630010176513593 -0.399378662018066 0.65626680421004
"419" -0.261288925096543 0.602188527599579 0.453658966726058 -1.08037107846382 -0.968904956311324 -0.0469719566400367 0.0184554986366284 -0.512326105505086 -2.17400462431042
"420" 0.706227890934755 0.137950266790475 0.620536514437941 -0.112217695875116 -0.394815044520859 0.433673127461562 0.571988900230961 -0.198972933008641 0.760845925906875
"421" -0.120913425730571 -0.646911982724829 0.831714191612816 -0.285116359476332 -0.36976521110205 0.0594139266621027 0.00833431355013159 0.189622923203822 0.468302059021487
"422" 0.686411561932238 0.59616952461999 -0.158044216232504 -1.38999346296822 -0.0721580337629242 -0.922832297705276 0.612636456745085 0.925992705318442 0.691496380491067
"423" -1.38593249900874 -0.438794344477092 0.539760797949077 1.76996915224277 -1.08506323880316 2.16177716135409 1.64022760674576 0.844011300495273 1.42172467090187
"424" -1.35898636418439 -0.519311658128808 -1.63698559703814 -1.38736595403209 -1.16107492710056 -1.11899595198979 -1.40036650971043 -0.839014665513243 -0.0396864160054508
"425" 1.82461634827809 1.37645615668635 2.44583845413757 -2.00084896285955 -0.421533824447908 1.39410950816972 2.173304132851 0.0133949900821701 2.37391839174224
"426" 0.679337026426602 0.849267433424513 0.105334323468662 0.171512331038558 -0.212753566952611 0.42749315127719 -0.725250782847769 0.83666031488475 0.592154777926918
"427" 2.2562384037039 3.10799219865664 1.51419077370457 0.58385927628811 2.08982198228548 0.222460797888738 0.0883109975410858 -0.516097861408476 0.0854877344504523
"428" -0.275973843428701 0.647825007520629 -1.27583240865257 -0.157135722866674 0.275466434632376 -1.41490214156951 -1.30338826260177 -0.480637097634403 -1.78773830145103
"429" 0.0629841673198537 -1.17088742113265 -0.865613402238425 -1.15346299900218 0.120137536382237 -0.768879579407014 -3.2267375538957 -2.2586553571949 -0.220444811196589
"430" 0.195197941345681 -0.238377065974377 0.416497940237434 0.0867069686098262 -0.13055450681824 0.858453092197782 -0.681795478574239 0.245111358300003 -0.489796968355077
"431" -0.775859065883222 -0.345048238451094 -1.07291961541255 -0.810346952057957 0.24364973562951 -0.828762361254365 -1.66342041821958 -1.16252230250809 -0.928340873269384
"432" -2.17239596246588 -2.57922520287201 -2.13532361710642 -0.846729556801746 -1.45810932808216 -0.879775779253016 0.336339242860087 0.927601747995232 -0.39586495846566
"433" 0.264999411681352 0.912596766117323 0.333724823515828 1.47548454926413 0.680193983547827 0.239444796681443 0.979308787806783 0.319082749030532 0.136262630722702
"434" 1.33632794780555 1.18036796585503 0.257286253752921 0.0288902582377624 -0.00930859441390824 0.576676221036535 1.18692198112548 0.618603654288979 -0.490822203335197
"435" 1.31694481791989 1.54651351369343 1.06909130359645 1.1574497715035 1.25777504902364 -0.32420635846797 -0.330586447303919 -0.810484233943966 0.583658987710478
"436" 0.139218878641248 -0.370492692670894 -0.276980716658732 1.39247872304402 -0.0074633507019688 1.59727737774775 0.904383492436122 0.928099799224536 1.4348408578837
"437" 0.0386014167670053 1.93153913741938 0.657961239025995 0.143906045806585 2.02820867890001 1.43307360127079 -0.0935033829246305 1.4625885680351 -0.273042518814973
"438" -1.91376608394004 -1.4902672532482 -1.42968649791643 -2.51227710765259 -2.23215997649294 -2.81355432653052 -1.3134849466461 -0.42050459141575 -1.42043685071334
"439" 0.47166810710826 1.03281342690761 -1.08823529794774 -1.33889030958869 -0.402749779599279 -1.16186758478817 -0.328426683511607 -1.0915777399552 -0.321968845087563
"440" 0.0617542149775198 -0.600112158010688 1.57379618008656 -1.0032414680257 -0.937783193055468 1.07854644342914 1.57535413255867 -0.67256894670253 1.95043586253862
"441" -0.0603745160566825 0.00313710801979317 -0.484958144256726 -0.304263126269665 0.740047489246628 -0.412433492886578 -0.427921182836687 0.132929892779962 -0.376528143571479
"442" 0.760300730578255 0.437643753304773 0.699318490761698 1.38678721179725 0.0820346393113662 1.08846114046146 -0.0592079159923185 -0.855613205129132 -0.454939256101315
"443" 0.0280918955858701 0.775031713868354 -0.0101515583411979 0.864602517877117 -0.358405542047288 0.355447496376449 -1.84297740272486 -0.326157235198285 -0.96689993220294
"444" 0.126364918266993 -0.13478894594348 0.991002452389064 0.395837842568763 0.809116320037572 1.03848114357463 1.50196068128223 -0.235475200507839 -0.869842398965539
"445" -0.202242596243642 0.865098222726944 0.431274420368076 3.03536295453007 1.28826104987463 2.10556995410398 0.782541510095489 0.0456692804305491 -0.262810573793599
"446" -1.38308879914484 -0.392573305263353 -0.505078641348142 -0.446379460419679 1.37915573785727 -0.0453427762958221 0.0559881258444774 1.39579371106294 0.235732250963282
"447" -2.65138938015316 -0.970692309681916 -1.24527999232608 -0.627853174490957 -1.24542382905032 -0.209296880599558 -0.873155867361041 -2.33156664307394 -1.87487809704089
"448" -2.14604524616373 -0.416216041237325 -1.12345029735111 -0.230083775547737 0.573168634957841 -0.1257195083481 0.204363646603667 1.07176445806933 -0.246030468043871
"449" -0.909442966606271 -0.710671308351074 -1.14609508836542 -1.8294376235239 0.432033208384092 0.581445546285522 -0.460795157556618 1.48306284454035 0.541174153154498
"450" -1.14222537352113 -1.36648872651712 -1.203756540158 -2.26228315490107 -0.93561184974485 -1.71113377593689 -1.16313983477333 -0.656030907946319 -0.634583533476802
"451" -1.18997646165376 -1.1424316459123 -0.455336641727764 0.836154753373768 0.812498751318522 0.468254784815404 1.78980193118593 -0.267603468517469 1.53579364721723
"452" 0.793339978809871 0.76394970607698 -0.381753062135444 0.802219454747274 0.306560013873009 -0.497278782407561 0.0873044543418771 -1.032876078114 0.477731258894987
"453" 0.402705490843623 0.510644727335973 0.446282167443554 -0.505760812954272 0.261988112839327 0.0108792293660809 0.791924563001923 0.541229485111567 -0.134580509014324
"454" 0.439954183148166 0.685246269875536 0.53134880957861 -2.7353867034452 -1.16984397522244 -3.51207610347817 0.527662218309757 -1.28578189704463 0.384820297896645
"455" 0.468783490015163 -0.0800623046672796 0.622189081802774 0.446976428151487 -0.718843899991285 -0.0627227549818736 3.06870362473546 1.15196861209764 0.625892377811914
"456" 1.13380105234561 1.49721504677664 -0.170690805416867 1.68220706814505 -0.22084302298843 -0.100057301092132 -0.71160315031716 -0.661402206507975 -0.415776106148205
"457" 0.734182462422614 0.26082052118414 0.808035931045028 0.717364718599355 0.546616235594764 0.790046854680952 -0.243585217325986 1.19054816714193 -0.683207789051888
"458" -0.528215482305646 0.859753344725166 0.987350241831066 -0.932690819004397 -0.285680596656396 0.0683938430151274 1.65127141896201 -0.529952339201387 2.15422192817402
"459" 0.996617907506179 0.646336417683839 0.194561196349312 -0.211506017944629 1.88738872429459 1.10142979941007 -1.40616583881482 -2.48824052511011 -1.41970965171579
"460" 0.348288891632417 -0.104627955249297 -0.159147493325922 -1.14932214736684 -1.07638543634918 -0.848890334196505 -0.987596301810166 0.0540916190240008 0.70516554174707
"461" -0.893984810786256 -0.961633449590855 0.663634889635878 0.602160684796744 -0.539155231426104 0.953487918123794 -1.99769955982367 -1.43366223391216 -0.408867773778118
"462" 0.594813005965167 0.728233774030788 -0.106134893762541 -0.4238622607471 1.34428646900978 0.158487643082522 -0.498683474558869 0.205820615898519 -1.85775248375897
"463" -2.19652595822363 -1.89627645792828 0.0723146817452743 0.227546646048768 -1.36655142833609 -0.550937861825558 -0.304984957685472 -2.96376797328346 -0.526200851221247
"464" 1.06857915415553 1.03301715748784 0.0673624814139654 -0.311935351512058 -0.828307173076941 0.419860671297018 -0.991749314051964 -0.863609633230515 -0.0982789663974925
"465" 0.117385844374814 0.37026754585626 0.0896838406959628 -0.409187439368277 -0.810775495079868 -1.4546692611145 0.984585293433615 0.212822252199187 1.82135789114409
"466" 1.658745116137 1.2682790254166 -0.290150328874276 0.447337892301116 0.698003898710077 0.578434619043374 -0.170339027745989 0.361775632813582 -0.889919442996383
"467" -0.0577038507872371 -0.437853216267051 -0.54651004485358 0.417873067662407 1.5311092446564 -0.10216159351076 -0.0955475215078729 0.670924244397712 -0.156244135765592
"468" -0.347797731583232 -0.287838542325969 1.10207819409005 0.017139015869886 0.720992327439107 0.136699423192255 -0.112809353967866 -0.311213492262194 -0.0331868915520846
"469" 2.60480920153696 1.15197579410426 1.66236359069294 0.313364097663345 -0.156014622643242 2.18997151353813 0.0430249013361494 -0.219587219848766 -0.407768866072324
"470" -0.364891728929881 -0.263976270657425 -0.858775973429505 0.584582889651442 0.145400162713138 0.924413728976945 0.840861105382766 0.414633872044657 1.5351636008303
"471" -0.71502161490047 -0.911842154171413 0.201936371996128 2.14279654824107 0.665313270507131 1.34339520662473 1.27243231455887 0.850698730897378 -0.364575741332289
"472" -0.109078559948061 -0.483740275523945 0.317858276774626 1.64310070811745 1.61576740189956 1.81887029212203 1.69029577082516 0.718346613326091 0.9665635507976
"473" -0.117125158074029 -0.0656743468399075 -0.069891089598733 -0.0177499963084172 -1.39667785643941 -0.846964891821278 1.73980341011683 1.00277595035284 0.963949411432525
"474" -1.17473665981968 -0.768745032669096 -2.02169698968518 -0.0059602074010966 0.414217336354147 0.13287042353274 -2.08344595485482 0.873109923950908 0.27360212853535
"475" -2.4876322783057 -1.25158417939768 -1.70766081293098 -0.943486540634996 -0.391424802756427 0.97033188176336 0.820891544412896 1.21669408380416 -0.511141142763299
"476" 0.990392183282812 0.727828646612729 0.766958772290772 2.7750570424487 -0.760898167918847 1.89251330294485 -0.172176615715614 -0.295810789876643 -0.499803352655524
"477" -2.43711563740372 -2.43043741557133 -1.63954935279968 -1.01245820953469 -0.132087706696012 -0.376089114047701 -1.5799964145475 -0.121714503607232 -1.19685046757285
"478" -0.0907521775640082 -2.00203433351999 -0.278914137062846 2.80372698209354 1.15881037603613 3.35585489607359 1.90860464204328 0.403016861095745 1.7024108090911
"479" 0.523105065791391 -0.299797317088748 0.71332514600427 0.449657073356151 -0.399814401788341 -0.135225172514575 -1.6577463902964 -1.3395539015854 -0.66334509561876
"480" 1.14011880749313 1.38052826572154 2.0241580529819 0.78713263483702 1.41257932392933 0.66541708840767 0.636814479247522 -0.153246974082094 0.993258581918856
"481" 0.0757259965415532 1.1331869517626 -0.773681255850307 -0.579700760877911 -2.29041463526677 -1.70767131633 -0.833996579334568 -0.234324107011521 -1.02053755198286
"482" -0.269539472747789 0.22482048742746 -0.781785768803009 1.02526509580761 0.548793940662653 0.748617277691207 -0.786422345345964 0.848170828259627 -0.638266494520413
"483" -1.79854045118072 -1.73005415416966 -1.05057758929658 -2.16572376795969 -0.318554032986244 -0.488004655710097 -1.40420487205199 -1.37490080722623 -1.74039669588853
"484" -2.00317619631154 -2.15748518639631 -1.23869490190517 -0.944525553819129 -0.0297378566959661 -0.451222063846249 -1.09435877677661 0.241923301270413 -0.937129605756013
"485" -1.10443765273994 -1.37235882649983 -0.0818674764469379 0.857923645252827 -0.240838917420921 0.513768567063936 0.700277622791804 -0.137177098704168 0.669704881577969
"486" 0.149088578923939 0.438168843249466 0.558630937363651 -0.078912637489353 -2.23064004700525 -0.925961625926059 3.52850752208359 0.10257348019542 1.62424293371159
"487" -1.03325759761803 0.476373753914255 -1.10354794222457 -1.35051994559222 -0.906489639911792 -1.12148213548479 1.48010571088524 1.2894769042698 0.458520193968106
"488" -2.25845351902817 -2.52566615280164 -1.89285592714161 -1.0766530251639 -0.660493371088559 -0.163294028066267 -0.526986711404263 -0.175167135230498 -0.423067934634258
"489" 0.0724442251210183 -0.389682490000575 -0.882389488150384 -0.0745924843227211 0.164267020069683 0.382731085818561 -0.478405612739788 -1.3613951867744 -0.000605511461670483
"490" -1.18946388290315 -0.49305688595715 -1.6009145401347 -1.83729053801037 -0.535965414391918 -1.50743853594234 0.00553656153511134 -0.953128998386452 -0.145368083842095
"491" 1.16962539571018 0.780774104050476 0.447541416648358 -0.211641642031892 -0.221200328448249 -0.921638369077258 -0.293859057545735 0.279934009068277 0.446471533967152
"492" 2.17112155532645 1.53704473805592 1.89939360895952 -0.586029507995524 0.273631870497949 -0.0202615867350445 -1.15026266369565 -1.71048138042934 -0.681541285686564
"493" 0.0492466862965146 0.354184077903151 -0.0137018960124451 -0.421466408769654 0.959906103909423 -0.76994914813872 -0.273904247277902 1.93674237229211 1.12560189801236
"494" -2.05576084797611 -2.0437964637996 -1.30721026444999 0.483906136069171 -1.0266286102746 -0.548592773689308 -1.32393603372321 -1.51898357422588 0.92120412394275
"495" 1.20227312659503 -1.32794624105649 0.199198832806222 -0.829982999506842 -0.49053098117854 0.0585471950165604 -1.90112862501662 -0.381220061072324 -0.0785839591535081
"496" -1.6929112627682 -1.67206924899194 0.363755371378991 0.874980723800842 -1.84100791525851 1.86898020935375 0.647083132902216 -2.34837786086128 1.07881922761478
"497" 1.57704243907458 0.0131109010810133 0.474037032024017 0.409242543649649 -0.857080200753151 -0.328902093734066 -0.764760124618043 -1.47702034281613 -0.203615290791219
"498" -1.14379129760916 -0.157819084526092 -0.624246393186745 0.410656962567502 0.343503541295237 -0.260737221818458 -0.407294058204421 -0.0864125387520438 0.130392928953924
"499" -0.0941423171827068 -0.782085946136446 -1.54765804235372 3.15241884858534 1.73829143106078 0.601664107654875 3.53411343263795 1.61348968452042 1.30271329372912
"500" -0.489071700887266 -1.16483366688114 -0.361927382105428 0.70256538036 -0.117287928135236 0.884675508622713 -0.245090109622104 -0.77528218181411 0.523461078756055
