"V1" "V2" "V3" "V4" "V5" "V6" "V7" "V8" "V9"
"1" 0.570772900960154 2.9728674568782 -0.25568993720324 1.54782389900996 2.70550360159968 1.07411453913724 -0.443689879310095 -0.476772624705871 -0.643499444434778
"2" -0.547595711811752 -0.0733302138645056 -0.243794623740081 -0.70441427732972 -0.195206410014955 -0.475528006424123 0.517349517692519 -0.665118103549474 -0.303877878139609
"3" 1.54273287817857 -0.615304119395438 0.0584829887696021 1.58248394132817 -0.596230291568503 1.34599558387727 1.24353922216719 -0.957081759103946 1.15761582515302
"4" 0.866690815750961 1.13062032309947 -0.267313579932056 0.15772709282648 -0.108863564613426 -1.72753490864642 -0.0264099412734854 -0.587276484088261 0.187667030883377
"5" 0.377123925516725 -0.0664191927618574 -0.564418702749786 0.727633735805985 0.197775985049888 1.04622475441161 -2.50981987241763 0.631109795480998 -0.386398250280599
"6" -0.412447633447794 -1.51497105814572 -0.0644618956797721 0.567045998619312 -0.930470224295765 -0.206335891514787 -1.2362877635851 -0.782562354886601 -1.14866070183867
"7" 3.391303208968 3.53627083338625 1.79529504076427 -1.95505372713654 -0.76923084495974 -1.38167258491888 3.50619606876009 2.00433622244136 1.58964566983649
"8" -2.09950244231184 -0.701736316137093 -0.841862052557039 -1.60497911403564 -0.0499705166570983 -0.61591115918758 -1.65997516860185 -1.46240330637114 0.424236463187147
"9" -0.980552432501996 1.29203591303298 -0.284908628491215 -1.4387048659798 -0.862960801448649 -0.949090854182643 0.127237127053848 -0.31118681700748 1.24667430268817
"10" -0.56816648246571 -0.159963623882095 -0.0948866051644008 0.926239964878068 1.25365945419171 0.126354299444327 -0.978327869351621 -0.885780140216155 -0.325392939829453
"11" -0.215826472613358 -0.398787071890806 -1.16888270103865 -2.75061532237348 -0.362515138387889 -2.41323939192827 -0.18323481102463 -0.659199754490991 -0.863928043569249
"12" -2.45714874582299 -2.65263833644435 -1.34234632080032 -0.320601894894352 -1.11133175956489 -0.0828747260920029 0.880148130146702 -1.23299097869629 0.428606503358929
"13" 3.32296403519275 3.69242671345439 1.92865164103066 0.0147314152569535 -0.795052316531241 0.589592600776363 0.109664444602941 1.18080037560535 0.19431441991015
"14" -0.820765136261235 -2.06322195810453 -0.0415564348995709 -0.0461679167450228 -2.02102276756827 0.5485971617594 -0.047887736336931 -1.82524552167622 -0.222297539894361
"15" -2.35402761717138 -2.16989373252247 -1.76490272505822 -2.40356262857535 -1.20240743051329 -2.30115301222703 -0.804647090626565 -0.771028561856925 -1.43043148401792
"16" 0.404359421139881 0.808727749374619 0.37795859708719 0.364230160317466 0.446396363682343 0.965138341607898 1.31858892417693 0.338325180924858 -0.185891379409381
"17" -1.93555564289494 -1.40612647466575 -0.322229110240286 0.946680210410117 0.0398220141500759 -0.565491723488645 1.28787825149206 1.89941546079981 1.2799241533859
"18" 1.33607188715232 2.44890372284463 -0.274716230871298 0.131347707948431 0.872423718154418 -0.140908359137354 -0.816345223239526 0.51208851103739 -0.320373404417463
"19" 1.29658871266341 0.342561686871393 0.638701914220895 1.88685089469309 0.46019357255695 0.93422110725426 -0.0959031721045414 -0.0348004827837131 0.68628755416689
"20" -2.60339273169177 -3.43924934676665 -1.25310355827638 0.0382403062347261 -0.281212939133051 0.334696281308392 -1.72894861760348 -1.58197913892984 -0.547116004101743
"21" 1.82763019232462 -0.0690050244461953 1.23860782472325 1.87784107855582 1.72856030020413 -0.278255063448643 1.18490926435837 1.21350786357394 0.197142490857242
"22" -1.33360094716903 0.0450140894983188 0.567920644981223 0.573459343612881 0.72327427933811 0.736192389824767 -1.79369844213346 0.228570032711873 -1.33517482998957
"23" 1.37014804243673 1.18551068758625 0.930066478137338 -0.0445099767100551 -0.563276648156375 1.56426182440402 -1.39084508818328 -1.20370381786567 -1.02766212112895
"24" 0.368114094826588 0.0183830354523217 0.483757530328878 1.29144849772744 1.03977130184363 1.40345246039713 -0.71332694524977 0.0306325220127029 0.737763333703837
"25" -2.03727905012209 -1.15256742419668 -1.57528707348255 -3.89496130359597 -2.89426495845176 -3.70728579606396 1.1965667010396 -0.545614168040998 0.0835467154450142
"26" 0.301458364703644 1.17169920348102 0.52050651945144 -0.841204068908884 -0.0401213880608146 -1.08699667183468 0.00920177136139105 0.290637092449785 -0.704187039235954
"27" 1.22624106059461 0.23051200248478 0.63576135171571 1.74675037897405 1.6375038842743 2.00147022660525 0.305310547558194 1.09448505771463 0.127626792640764
"28" 1.2524542666601 0.409629176607106 -0.777659558341638 -0.499180693035314 -0.0498198196329682 -0.183206262404784 0.753159358758619 1.95607671443745 1.24379081428886
"29" -1.29599529795774 -1.20805196122103 -0.497877155100936 1.54868449256811 0.123251668625626 0.0198687001087844 0.137893103355329 -1.28582588664118 1.05354478698433
"30" -1.35897529163355 -0.10270412383876 0.0895406410125396 -0.280571570109862 1.27223831477358 -0.0928553087544494 -0.492985340317434 -0.175969791832397 -1.90664723939488
"31" -1.05647434443789 0.0211356193035813 0.85512036014692 1.42584878919673 0.691543602692311 1.1052747940161 1.27431151437497 1.55874524040809 1.34277962699292
"32" 1.70002483798151 2.52438767193513 -0.31684792214513 1.56803096657457 0.196680508560634 0.339147009538928 -1.33921896237272 -0.506719464301779 -0.533868172156055
"33" -0.842296047513403 -2.10564456786784 -0.473265033670262 0.793867695977521 0.775674042779936 1.05934317147834 2.00851857649008 -0.434510814125798 0.828139538337421
"34" -0.57048560421292 0.136111081057709 -1.64796461854448 0.123389684024187 1.73409092241635 -1.4447060883206 -0.454695468460497 2.41545775301862 -0.11146835872299
"35" 0.598464932676626 1.14281023400165 1.06824837038947 0.878718319736744 0.640378994016689 -0.129564493269204 1.70847218357652 -0.0450552402167959 0.940227370740565
"36" 2.93254124882574 0.742878165582003 0.593437134163561 1.86445602409024 1.98046974267739 2.0978243225525 0.0040410605882365 -0.907510847524026 0.481005201732416
"37" -0.925374648035615 -1.16415734800137 -1.80797771689256 -1.64266099318362 -0.450120086736109 -1.18902330065035 0.0425458997465392 -0.252564757199548 0.233873961820888
"38" 1.50933506888292 0.423420363734329 0.681427909533557 1.06025954167881 0.153211804909977 0.944510652805367 -0.870129578058421 -2.19977062908946 0.239223824874716
"39" 1.11394412941195 0.429594381928115 0.64578206758449 -1.22950637184831 -2.04326466779828 -0.195019894067247 0.908725826534151 0.349390950895682 -0.792637142084774
"40" -0.710131301919569 0.162394658853201 -0.848919670213182 -0.696058591907898 -0.123251678543131 0.157578704743785 -1.01466514413284 -1.36870276309536 -2.51969383126519
"41" 0.0973081746685331 -0.495658020514655 -0.912562423483525 0.196124804762133 0.433485954574682 1.50662034242234 0.0693244151148504 0.487780620291814 -0.703582553914562
"42" 0.5989353499402 -0.435743656254185 -0.149353841355804 0.537429832359036 0.451499981784732 -0.0449581670836341 0.276376431768428 0.736877996291154 0.85576583105047
"43" -1.37062556580526 -0.714355936888147 0.350929276245475 0.95398687854286 0.422392030541995 1.14325295677598 0.115090872278343 0.317679422765502 0.929419231302497
"44" 0.585365211822599 2.43771873410658 -0.324446681512578 -0.532183860001893 1.16174891626327 0.940460694113564 -3.23812706220199 0.00378424625794627 -2.2440049126849
"45" -0.862555015623127 -0.401348424420482 0.112122062953825 2.06452324446314 1.14150528046601 1.34026423964896 1.64700431552612 0.410032061515796 -0.416935469116803
"46" 0.548436839144984 -0.144173076721533 -0.687061381247279 1.22132902431663 -0.646810821999549 0.0322726966750286 1.0011727823512 -0.272370094195372 1.49728733797873
"47" 0.0839366226204332 0.368445139154447 -0.699424245608207 -1.9357337443675 -1.33381427257002 -1.0928500697001 -1.16240296082106 0.722736784112043 -0.263916006303392
"48" 0.455554836794074 1.70147430145982 -0.0706653047678806 2.04026805393531 0.795105620620668 0.798182191819293 -1.86928376674942 1.5129058495975 -0.242669505636141
"49" 0.967182099487803 0.176462438445068 0.900066335454435 -0.216258995997016 0.0328902616828822 0.529027464881138 -0.911517076170197 0.518429581151457 -1.48477251682576
"50" -1.74218273216216 -1.62660988847458 -1.3014558285341 0.833184788590206 1.74428128321345 0.302787388176026 0.00788160943377297 -0.167778618687049 0.494342102427961
"51" 0.803707024832652 -0.419155995358229 0.936197966505771 -0.586893957027186 0.219331623496095 -1.43183890197668 -0.304811018777947 0.623732239796751 -0.0353168713414996
"52" 0.35684418268989 0.402883042373321 0.469236749638517 -0.490539336525032 0.366153187044364 0.594242440578689 0.909953074320807 1.44426869760129 -0.0807334232479128
"53" -0.511258967047498 -0.278734612723913 1.03679661220975 0.56198460546645 0.893672675356146 0.545409016374798 1.49421211195687 -1.20715080591537 -0.210795418320975
"54" 2.52976891355399 1.28155032333512 1.18912938896884 0.883964192041367 1.18797396097401 2.30928714146285 -1.53804630533666 -0.869909480853435 -2.80434003031079
"55" 0.576916605281708 0.814266325616111 -0.0299229856226857 1.35398670348931 0.00612070889887595 -0.055164385904846 -1.92766323205323 -1.83708996927947 -1.15382710111241
"56" -2.28479069240595 -1.47414774651526 -1.87646069368701 -0.0887854971785494 -0.731667498737717 -0.406363182533309 -3.33870350660088 -0.595906663566072 -0.559194580947815
"57" -0.843037057185243 -0.129112283732626 0.487061872331192 0.0313848687300243 -0.63841470905671 1.75529742838602 1.00414868502221 -0.0885556032306655 0.568358637699795
"58" 3.49467972975325 2.32150853587564 2.51370064630528 3.12358873955862 2.41999353325397 5.0709941580556 1.21625759470545 -0.76464343037407 0.793624931041331
"59" -0.71490351137877 0.996216752473054 -2.18902058046246 -1.01900778724277 1.46565006776987 -1.36685103440226 -1.63501709812418 3.11025808646039 0.43469773045983
"60" 0.580567650070683 -0.952927938939709 0.839354496092575 1.36186492509417 1.11972435924272 0.677186191708248 1.38095804931404 -1.31760972302263 0.207248675537309
"61" 3.61951815911427 2.38311261269003 2.23085115482673 1.71534342667636 0.534175685298308 1.6623724844532 2.22890340500668 0.286024194918336 0.483480244954503
"62" -1.0035849375075 0.00398554336467313 -1.29544271466196 -0.762666064906696 -1.03639253677622 -0.192114660796425 -0.710254448351735 0.152500258562262 1.46456353315842
"63" 0.0237020325721916 -0.706263216380631 1.50488150473863 0.844920632835046 -0.547116577070103 2.11719006106359 1.59031051248844 -1.47001367908394 0.490512938465419
"64" -3.55143837224334 -3.05422378273607 -2.09536989209515 -0.968715958047663 -0.985647474179065 -0.189044711847155 -0.94867077116595 -1.59780249302661 0.634427812666849
"65" -2.01545700333409 -1.07460550463752 -1.34961975122659 -1.42887391560507 -0.239145432502106 0.487675857007777 -1.31167161693576 -2.33712496659247 0.696221528963505
"66" 0.961868311717085 1.57024637680385 -1.27353850444602 -1.95241809023502 0.728909339554958 -1.47123412519535 -0.668777044822191 1.14282773450628 -0.445515344140386
"67" -2.70614897327328 -1.74177334150737 -1.32975482164562 0.94697637702857 1.20376495101412 0.12485845398752 -0.435819009034483 1.54112659105498 -0.0122290340288161
"68" 2.27777730337021 1.5570097412088 1.22559714630232 1.5310512457118 2.1104193177608 0.193402124656506 -0.677857737973736 -0.173229209182524 -0.370091221458698
"69" 0.26913870776172 0.784205706384243 0.0265005063438751 -0.566496943404867 0.806905391418407 0.0789871195776755 0.737030155379058 0.80154973682847 0.746723352354401
"70" -1.23610601192128 -1.01650201612366 -0.821535356980535 -1.28756663290052 -0.64992599529662 -1.19901519061591 -2.13372775651622 -2.12303555647292 -1.94673723532304
"71" -1.82688220344178 -2.39796927654072 -2.01152361420855 -1.51674132816165 -0.804053437530333 -0.892899615226189 -3.14435379948569 -2.74283398566529 -0.756168044951328
"72" 1.18832259993885 1.74278398578972 0.0549853806868525 1.13113069240572 1.37657053212624 0.866481634951798 -2.51113852594093 1.89210693826471 -1.51821048676042
"73" 2.18989154356152 2.67952185783593 1.76357564649906 0.0267705578676196 0.0807784339838982 0.623823415601289 0.472783063775587 0.775581219725002 0.907679702311189
"74" 1.60973037237166 0.281465693272807 1.17926179555446 1.18613165869868 -0.496561053015581 1.09110406626095 2.49716519497965 -0.183082378401517 0.356195585305393
"75" -2.01252629622115 -2.36652492915015 -0.595065320690562 -0.678393710769921 -1.15629420624233 -1.17212943713149 -0.451010490594704 -0.0203693066013318 -1.96801482151209
"76" 2.17084659186023 1.2882683516476 0.346865700921255 1.97504562310112 1.02592426584483 2.43030251153559 1.16302655910651 0.980193527449203 0.420878487852284
"77" 0.863848445022242 0.193827992849554 0.055926092655868 0.998506772523559 0.912829991815646 0.507285507469704 -1.08043129273957 -2.70458822566316 -1.18962725127868
"78" 0.433341298389435 -0.0182378106987856 1.26235934459409 1.04110402029457 0.219287766416195 1.06735034522601 3.45432017617563 1.73714946050398 1.44626331586445
"79" -2.45101568306403 -1.0576501254014 -1.82371160752971 -0.322230457377402 -0.69660214797693 -1.15807461464625 -1.35891751485543 -0.455616325867635 -0.37583008495066
"80" 0.504999898170306 0.164220698421529 1.7866198513574 1.1400560047053 -0.307809949977301 1.26156537880627 0.465578010290943 -0.463869696716024 -0.562335195081411
"81" -0.895777068827902 -1.43574874615953 -0.00767455168006903 -0.388395547525026 0.105678999291846 -1.11110116601824 -1.56496968625701 -1.6448089309107 0.331599658798589
"82" -0.310554710351281 0.130027057952184 -0.000775280770340947 0.908585704133665 1.01496333614974 0.189248305263397 1.0081809575136 -0.363161179094018 0.357532160205572
"83" 0.251646007547473 0.195398340225034 0.466659002772533 1.11467604773539 -0.077805854834281 1.65808310349246 -0.69984020056743 -0.103474012964042 0.8344672641886
"84" 2.16958697976455 0.865112074029912 0.720431871434293 1.46973612898211 1.87209834503774 1.57659020527947 1.62953261866137 -1.12811594945433 -0.793685436249823
"85" 0.192941597764947 -0.272564826428144 0.0334023872690189 -1.1640616177411 0.940066328502282 -1.34113279176437 -0.391691364610247 0.451595594902753 0.727822266343139
"86" -1.10599336986789 0.125063915347647 -0.386510276562707 -0.325803072908659 -0.0577013673819204 0.642512868157072 -0.514258957043431 -0.174149900669327 -0.0574923923430448
"87" -1.43042556809078 -0.787660780944774 -2.34652489214196 -1.43387739210877 0.814911238898041 -2.32213256346294 -2.81286584250738 1.85293352205533 0.0205988975491227
"88" 0.203849259982208 0.732317906919219 0.966775151295049 -0.413665701561731 0.645897438916319 -1.17316648330305 -1.00734747866422 -0.0723561940009825 -0.0302526231959503
"89" -1.90478000026057 -1.69219614027414 -1.16392939945527 -0.813678363021681 -0.812329179303525 -0.142477246521001 -0.712881305101919 -0.48799791626071 0.631524958366156
"90" 0.544159634657813 1.35944361316574 0.458315728477607 1.10920545590319 -0.118195022475801 0.0499488039886619 -0.928061850239331 -0.189918302511761 -0.880245903981452
"91" -0.289477390250608 -0.834841922595926 -1.30976591979037 -1.38071539866807 -0.44850423822198 0.621327981850705 0.329292440500984 0.83486203460483 0.140279397311698
"92" 0.368032619233136 0.421888379644231 -1.32423350026574 0.894630035444662 0.397787097958281 -0.00987724563216469 -0.926977094846 0.132269338828422 -0.413736349021097
"93" 2.87189473106987 2.60249175760023 1.81112969956153 -1.01296441916731 -0.539885700790956 -1.46629145511206 -0.0943514504165784 0.932309812190678 0.31227083230621
"94" -0.0161870141025081 0.183988348728258 0.517527940093585 0.614548514417281 -0.472924453871613 -0.259673174533403 -1.56310568677866 -0.949393716996501 -1.03938083140793
"95" 0.33692370672459 0.675049590976616 -0.653796531451645 0.222210302949327 0.871247920923765 0.881886415178181 0.780466908372735 2.51796412152312 1.04980245667331
"96" 0.179641943037851 0.110036743513721 -0.107304456878801 0.202282853947046 0.0835148935248582 1.22635038161057 0.969479589546052 -0.451460148883051 0.323491262508787
"97" -1.72594858802883 -1.20993027650664 -0.573345164449673 -1.92743636934438 -0.128774327844725 -1.12664824073808 -1.52801240296186 -0.759454011477329 -0.070218253689473
"98" 0.305834379375271 0.765757853552483 -0.186165400894584 1.76752894949302 2.12215947628061 0.364253562508657 1.37709456217761 1.33419512224537 -0.0464015238421794
"99" -1.18889482920796 -0.725829596114255 -0.703671184049161 -2.38612188159638 0.154638888266694 -1.20211765706465 -1.29710626353755 0.694958261469647 -1.73409651524597
"100" 0.906086789439423 0.693728867804115 1.76445530425542 0.0354846396898947 0.73135639198601 0.359764266240681 0.948859548419151 -0.684110154169626 0.787185049753464
"101" -0.38522720087289 0.352739447357451 0.168150172703029 0.662192566781926 1.69663719319847 0.85296532614142 0.162512467642543 -0.371919020099891 0.0321322894638171
"102" -1.890015484284 -1.08485030106581 -1.73310295143181 -3.03281482822977 -0.744544660380271 -2.86707502804864 -2.92473454002451 0.487137524283433 -0.899277012230769
"103" -0.456529085554593 -0.369368518515783 0.332811362511837 -0.82265973158502 0.541409837988565 -1.64843262925118 -0.0254434593235824 0.384446993675731 -0.199570728972904
"104" 1.18737783335314 1.83446644597183 0.198721763352147 0.106275109741812 1.04794182881188 0.394885518560824 -0.449004193410321 -0.15188745794169 -1.34996376084174
"105" -0.0791132434567085 0.0773713803396983 -0.629808564968236 -0.116020518640847 -0.749701291808529 -0.0574213057156795 0.0684947649234351 -1.02373944520381 -0.345275563356745
"106" 0.495272434361463 -0.16570733296173 -0.112153558032547 0.0173136101368264 -1.60844575064039 0.535913133940815 -1.5402758256853 -2.29782418353905 -1.30768691928845
"107" 1.55700848914842 0.648615941103761 -0.706574992841425 -0.398940866766181 -1.06584141534891 -2.28164936562551 -1.55984843981425 0.631232343836195 -0.56009414485103
"108" -1.69205272085367 -0.396753097408286 0.19859581225527 1.23951004847206 2.61508054168322 -0.517313116147651 -1.39685569533936 1.96989968656032 -0.777424030379682
"109" -0.036133693241635 0.172698390464169 -0.00670049475158013 -0.3837733495423 -0.59947727188786 -0.165227808241519 -0.405382298983544 0.430569287204245 0.518075597478671
"110" -2.97010460446515 -2.11870060831525 -2.54028346059945 -2.27913873373603 -1.63357899973235 -2.04066251628484 -0.762105269618058 -1.07392333475573 -1.41308829196591
"111" -0.326273245275116 0.828280739929461 0.0446215993123087 -0.922873998791412 0.130126491039139 -0.683798358452829 -1.53383492445409 -1.21063747569527 -1.32556163128604
"112" 0.441729103184815 0.267765601811759 0.0386470934231321 1.86608279964381 0.744968205713708 1.09005505003114 -0.367328602206023 -1.30005719373712 -0.280454411888847
"113" -0.387249138506463 0.678092000696881 0.915413845972194 -0.147124079622057 1.62280876098203 -0.281192915099865 0.748645332681471 1.5253661491546 0.580450703581099
"114" 0.0540825162839206 -0.0948185476722953 -1.73162219208672 -0.465736980669893 1.45931660503766 1.48447906136771 -0.184560797428716 1.29422505789499 -2.04614998066316
"115" 0.720065653353069 -0.725920160537896 -0.088583495756959 -1.13565713461372 0.861962834825118 -0.184049485407617 -0.654616461255621 -0.0141211172672985 -0.102823346445782
"116" 0.0448917147555886 -0.687491609675745 1.25520898771966 0.0951666442785688 -0.926217887005212 0.139748852131526 2.31499406169841 0.857398661339169 1.27608516624348
"117" 0.310563392601341 1.5279806017282 -0.384819617974992 1.35774656750584 0.805891494607734 0.211273125706657 -0.660372578609144 -0.122785360689547 -0.0985174928076561
"118" -0.93260476823179 -1.58587734434151 -0.473126184746081 0.426093043028185 -0.816637531800834 -0.0455229220950442 -0.793631101315968 -0.940598502593033 -0.200330589909202
"119" 2.25070658513769 -0.188059083627108 2.14044629933092 -1.00986698312984 -1.55227681740579 0.112619071811043 1.53045789689084 -0.854803300743769 0.018599287559124
"120" 0.432336421142353 -0.790585263663513 1.06486093276637 0.716121584323195 0.467770954181042 0.539818735611186 1.51461006027525 -1.36744299181009 0.368427054492038
"121" -0.774979892568378 -1.08055177997428 -1.49047660012201 -1.36720236321109 -0.0605714577316562 -0.110643750710622 -1.5905825921819 1.0188013213839 -0.752998015152921
"122" -3.06718357948964 -2.25025693936771 -2.07758230034356 -2.16384230090495 -1.0162455410841 -0.575797092300314 -1.23772561300815 -1.36796382583965 -1.02065032847532
"123" -2.53603478164865 -1.56467886064407 -2.6412785895726 -0.154418210508848 1.78651671886519 -0.295657201467515 -4.21681359835913 0.187119437321181 -1.86408855557127
"124" -5.02954104096115 -4.58755182314684 -4.35688589884723 -1.59746313578483 -0.844957209891984 -2.36302775043412 -1.44147367833021 -0.608336848965505 -0.406035098191754
"125" 1.63543120015428 1.85773300937868 1.46138680130311 0.586901142598788 -1.08954207787667 1.17374689758861 0.506355995501954 0.138134000810322 1.06523477567467
"126" 0.871993083608353 0.551466226715336 0.16284117366679 0.508945610803526 -0.799742443751313 -0.197973254581432 -1.459728770598 0.687046402419355 -0.724218178650406
"127" 1.33990434467675 1.45292642467895 0.621182176855201 -1.19477538577354 -0.0415478726681296 -0.580042957532407 0.907782170644496 1.44924980412021 0.698045432915969
"128" 0.195416315339174 0.67565371420668 -1.24213554867422 -1.02472827450149 0.59932628434104 -0.724359753376591 -3.31943190443924 -1.48491390610537 -2.57007929464111
"129" -1.40203537069502 -0.828763772315518 -0.809225290283058 -0.999185882704132 0.0632039784935028 -0.598149681803692 -0.255058008216602 1.52407517019968 0.243451851461981
"130" -0.0934260645293571 -1.47910009755774 0.0308134941092721 1.78584948646726 0.868527071618867 2.21994771641936 3.1068731108407 1.41228956874556 2.01817908414362
"131" -0.38602866212274 1.48262091580177 -0.102940208615676 0.157375169489652 1.38788442133283 0.301311510175103 -3.54421268928436 -2.30366071064467 -1.90842708850051
"132" -0.273430918954233 0.514168810776921 -0.671038031819946 -0.723712704025327 -0.205060891073655 -1.85348646164321 -0.668794132712694 0.383119985105903 -1.03340381671492
"133" 1.32312083297248 0.416873010382333 0.337648316005979 -0.281902692294804 0.458243334387032 0.366656589001552 1.64944090033421 1.06179648170605 0.71875324122361
"134" -0.479422343908437 -1.32521303527339 -0.486789725959708 0.132908950653686 0.0235343116923606 -0.296264857397474 1.35370591391069 0.721988056318662 0.208740481895032
"135" -1.14374964654446 0.684768920322379 -0.240335723120559 -1.15602019635022 -1.1588398549333 -1.74868011719412 0.10002550731397 1.30515254461624 0.143787979640977
"136" 0.966409346559178 0.378384996879863 0.809093196114088 0.657511791384861 0.728110677139747 -0.24960528985518 0.169274760792292 0.334530434648496 1.72202018400994
"137" -1.45056186375545 -2.50147904042306 -2.29669204587163 -1.05284019321368 -1.95170273112595 -1.69335116424239 -1.57293127019669 -0.683007532733377 -0.943885606270857
"138" 1.30993759724695 1.46812361543496 1.8351628221071 -0.892908326408012 -0.770436863657783 -1.48292596149133 1.5172331367243 0.0989251589345963 0.431837278149307
"139" 0.262272573670702 0.163233937620272 -0.116221671282887 -0.752368624890093 -0.591342967053202 -1.78925097085545 -1.38155878294343 -0.535258964593069 0.228899848556542
"140" -1.72800423746934 -1.09987099384994 -2.41154492611713 -1.57316923354016 -0.933078564464309 -1.97946231872614 -0.85129518705632 0.351170375961244 -1.27378911596862
"141" 0.325782793302202 0.180362738059309 -0.258542018826685 -1.35299040733119 -0.364516803888169 0.228082130327299 -0.271143411490153 -2.28432514911942 0.25221229438903
"142" 2.37358660057462 1.94311189553099 0.974123916921375 -0.0593297882697914 1.28832291122489 0.722650449066411 2.47280278313182 3.0828600401241 -0.109869690850482
"143" 0.0660591191854958 0.195434661200586 -0.296483287352671 -1.64338140909534 -1.23961057782986 -1.19449110044698 0.888922761219472 1.06541595525392 0.975377624038875
"144" 0.918333603850665 -0.390520801790807 0.407308702008563 2.34698376940022 1.71873955560472 3.65929626217747 2.46449303479552 -0.17387418687851 0.735593778113914
"145" -0.588495853977727 -0.199019935233591 1.28109028799354 -0.264237603205882 -1.29790391546315 0.748311365087804 0.11380509983804 0.246657162749358 -0.908161420706929
"146" 1.29633683056784 0.108836560692196 -0.409539409039787 -0.63912357860223 -1.43367359815838 -0.622863466486514 -2.06546074034296 -0.247024174268818 -0.712798607011341
"147" 0.735361821863427 2.20727128318198 -1.35262043893618 -3.50706057514487 -0.0544147779023957 -2.22306751404781 -1.86816824215022 2.18277433569088 -0.618620217744948
"148" 0.891163584230427 0.951140343756595 0.20935792719297 0.95821546344319 -0.213390267228394 0.121245404973927 -1.03533741628052 0.0889168443488725 0.515065623872319
"149" -1.33624910854702 -1.34272895332472 -1.28713260391225 -0.703149599639328 -0.133347920200033 -0.743146165369545 -1.09972939933712 -0.278963661133388 -0.221281293490227
"150" 0.317741304446543 0.121095862067048 0.224835824940615 1.90341539607014 2.27833908921363 1.82042051582476 -0.631738014616823 -0.992847090813428 -0.849918727085407
"151" 1.16901662329674 0.494806667781639 1.25691882755059 2.4132353473549 -0.249152308731415 1.99093715228849 0.354475202526784 0.586541589932436 -0.279371365109138
"152" -0.143435069210121 -0.544507016449585 0.000809482046315757 -0.865185703162755 -1.94927724720461 -0.287785329636175 1.41604470859049 0.0563261599312526 0.220336509919765
"153" -1.36192530822954 -0.332536056274668 -0.733067002499098 0.869511949017331 1.03631741870075 0.562812699674321 -0.258849506571639 -0.463058777630879 -0.550404781119133
"154" -0.0241165154556252 -0.880371201203684 -0.0537950219336595 1.71533196244108 -0.78104184537191 1.11992334491894 1.19219688411328 -0.84126998194482 -0.0409467679882506
"155" -1.23428509968617 -0.31104312450026 -0.477457702822526 -0.0751310948117171 0.246156112464866 -0.849258654980495 0.310294012812497 -0.367842819550097 -0.789924415496672
"156" 0.528437677862998 -0.0411910999472829 0.37634604679391 0.0284096771760422 -0.948158332869097 -0.616530124921277 -0.92878803623955 -0.328734294800344 -0.61498275947265
"157" 1.31543066850319 1.79761845518221 1.54928279898917 0.637783483302233 0.0786328348439019 0.389939498860838 0.594675745434003 -0.477084523409591 -0.878324606474394
"158" 1.51330481037633 1.49282638266886 0.668048584427097 -0.592539263881629 -0.850385118808521 -0.152121484792856 -1.90329452108879 0.858429746816466 0.606547527810056
"159" 0.58124477629008 0.821754087798413 -0.629820192355946 1.44068672197677 0.299923663456477 0.427432911553465 0.770885794448617 -0.481259591780564 -0.863793394447862
"160" 2.1704331494385 0.272305780004371 2.41264019487347 2.48519423882086 0.831760474489951 1.59034004629189 -1.43532428336197 -1.86729778870297 -0.203994161018055
"161" 0.21461528067621 -1.27566156447788 -0.449482841975147 0.260409625413825 0.985479953853891 0.72119883993539 1.20220645305648 0.506017308243799 1.92769015393147
"162" 0.51864135954911 0.516447336991566 -0.427382276339768 -0.341445344050928 -0.490089934293621 -0.962919533006169 1.33652057259488 1.19428682627715 -0.543654384889395
"163" -0.671645064946191 -0.736110878222456 1.04995036292516 -0.0175567839922118 0.237927571494536 2.22972842853196 -2.14783610144971 -1.01095878434506 -1.90670051304045
"164" 0.42879332837177 0.906799522164248 0.757984449168869 -1.6020984346122 -0.9879127711449 -0.535182991686896 0.700832261034822 -0.750201926775738 -0.63422339921545
"165" 0.412996445771317 -1.77140854531406 -1.01739941659696 -1.56156647718307 0.187563681753121 -1.6713349696944 -0.394645665145503 -1.25328246098318 -0.272818710344288
"166" 1.25215957560896 1.72456517546374 1.28457597208194 2.1571821526441 1.37071393946906 2.30620119870219 0.496632894021549 -1.3404465720085 0.2073774503808
"167" -1.415659331577 -1.06242260474209 -1.60266351388484 -0.533560048020415 -0.0307441135093566 -0.822392721658931 0.676339409334978 -0.861079248630467 -1.30132036329016
"168" 0.767351664286774 0.364410612456366 0.0430697754707981 -2.45493567778624 -1.81587891915496 -1.7563821757672 -0.194709536581746 -1.16288901738762 1.01706103600686
"169" 2.85906052673037 1.23915111198606 1.55242610791031 -0.0999550922242118 0.814280618052226 0.454492068502699 1.11233394764254 1.00951169132962 1.15368927149203
"170" 0.609765879004489 1.25358402482439 1.57674448955241 0.712040262735459 0.304106121658441 0.923091096505762 0.634199353401557 -0.993057422766453 0.681108146625328
"171" -1.20836055265419 -0.0929325217600621 0.887626812421182 0.678719925382814 0.366268250078983 -0.117342568414175 -0.978698247219254 -0.723203575437668 -0.55872610238593
"172" -1.00854796587407 -1.37456614326894 -0.430867059982015 1.77049332573938 0.339399212903723 0.770048187342789 1.30661832463649 -0.24238044003503 0.0885255315957074
"173" 0.25944611376287 1.22337013598882 0.733868993640166 -0.69220626679997 0.601892557850156 0.599724833819909 1.82391394842557 0.288061683234996 0.0326517752930942
"174" -0.852277842472474 -0.607763467256943 -0.328561913725018 0.942928098935362 -0.819473894922268 1.85143616114209 -0.0351065670423688 -0.322647602137639 0.447884356137559
"175" 0.929508874855642 -0.236136310662615 -0.00618418047305203 -0.80871683106879 -1.09370911443889 0.0218231831066222 0.878786773924104 0.145139875285681 0.34239952882997
"176" -1.00102600270276 -0.15470310404385 -0.487569193898023 1.24006335880368 0.565302366979909 1.01516886308655 0.370797234381291 1.208292286728 -1.27865600966849
"177" -1.01245911712369 -0.637075758655801 0.100855379238526 -0.584045573000134 -1.04911332732486 -0.386293508426255 -0.754925471357937 0.754491967312612 1.26197360910062
"178" 1.08895755354576 -0.035707835149537 1.06411729464422 -0.511476438938503 -1.34635616235422 -0.182451193424685 2.27354439917282 1.61591829248064 -0.233654630975445
"179" 0.396797763791992 -0.31063652080114 -0.222298203731626 -1.09637298204309 -0.018251299182892 -0.378714585488887 0.224682651902565 0.590640886120651 -0.205984522424074
"180" -0.415900723348981 -2.0342458377316 -0.615537689269195 0.265210818286765 -0.580209605528883 1.8280722663879 2.81704931018568 0.653777616160175 0.351039079489225
"181" 1.0678701320485 0.302764790413975 0.708833061859342 -0.199731820378421 0.369645801748398 0.986200385761739 0.513867900824116 -0.985525244033454 1.20272323450553
"182" 1.91139644517785 0.442644309201655 1.8971142581716 1.86396142216389 -0.805449793599936 2.01508577561375 0.783925786994041 -1.75224446440268 0.549199335416227
"183" 1.15477004740514 0.608605656066805 0.75269238656867 0.87348713972337 0.070677110962352 0.635795932978796 0.422553284826513 0.144299420574388 -1.07578978384582
"184" -1.02212796113854 -0.0457821611865954 -0.210414905824178 -0.166391650086581 -0.3370205120456 -0.811264125664263 0.682686747439164 1.233015685364 0.317077781040588
"185" 1.40535626202307 2.28365152515222 2.14944771202421 2.29852633084647 2.01271465239361 1.06329436048631 -0.674360426103364 -0.538411008696341 -1.2827852057706
"186" -1.05132357052822 -1.26748782487114 0.171716971697758 1.80270032752536 -0.388997659023662 0.422935771769585 3.26032308556869 0.595673282130353 1.64079631190458
"187" 0.354342519854572 -0.448853392441777 -0.554168020475758 2.04973121989161 2.30975868656368 2.45859756690516 1.7693915721847 1.51490171284744 -0.0212290284070502
"188" -2.43259803781072 -2.24579200671404 0.297093465159218 -0.858538263170036 -1.36039885894476 -0.393136721928719 -0.358546470642961 -1.87519747629981 0.93576552705818
"189" -1.20062893216115 -0.456174383006925 -1.31747539387725 -2.02852356896747 -0.268847937872939 -1.6810034103717 -0.314588808755899 0.553434377481377 1.00013758987378
"190" 2.38309398153447 1.19561443189903 2.36902862857917 0.279093741155677 -0.816134986424343 -0.933464087275757 1.74448082300297 -0.261425362860262 0.930005969391444
"191" -0.134054623307219 -0.376648953314147 -0.121389400438328 0.269195509895065 0.188074239826227 -0.830012119001493 -0.324430028371481 0.889977971579219 0.101308211081759
"192" -0.361882377571644 -0.0930703128584143 0.881915059824763 0.900514142129356 -1.05442636757335 -0.179345280055029 -0.233997873270217 -1.58041967658627 -0.418934265943729
"193" -2.22783756355688 -0.697744263545461 -0.934053487657279 -2.29511567448376 -1.50177535098142 -0.550718340574314 -0.466728541758401 0.464423602447646 -0.106247535035697
"194" 1.12943396841847 0.76235287642458 0.641700164769354 -0.602101849875719 0.516583746170592 0.855793881449958 -0.262031327415059 -1.86704492619475 -1.34110015222441
"195" -0.303300810113093 -0.0945191402760957 0.382532945824672 -0.49547007167967 -1.08059001141191 -1.35187183945019 0.00343316735919075 0.21483164866323 0.42408140190619
"196" -0.965252277371888 -1.09910095795886 -0.0679644317688657 -1.73758425329534 -0.984450572196332 -0.718604724111822 -1.25953428372359 -0.484869713927614 -0.298850545312655
"197" -0.179770777282125 0.472261185936527 0.0933485505800591 0.955958414267528 1.78254898063343 0.9981986188175 -0.630303771797341 0.2113034017088 -0.465733723569979
"198" 0.861948097003337 -0.205167346376187 1.07045311303303 1.28592945414705 0.860114928069579 1.93346941070556 -1.29315631643237 -0.853415404098884 -0.529350097483025
"199" -2.07783803527098 -2.60328273832343 -0.551685204166304 -0.573068188613542 -1.116826677323 -1.78612734065591 -2.13422948385917 -0.759553499025317 -0.80143478967637
"200" 0.16655059886752 0.278026598133734 -0.0821720877667405 1.88107742588888 -0.516873826025438 0.267382012067096 -2.25270673976598 0.435513026650635 0.0725077793682813
"201" -1.55994613355458 -0.749038787805438 -2.19440708150491 -0.196217927167028 0.678814318425144 -2.14092989727192 -2.06172375467441 1.87562379072873 -0.263619042407496
"202" 0.153386686824593 0.380440617809404 -0.964933311585858 0.213516465576377 0.586317685223868 0.634236464934372 -0.0371421160636667 0.244656405184881 1.05141320216328
"203" 0.149593749942149 0.941137343301251 -1.21289755665101 -0.311463036966322 1.77304593844798 -0.272493424709468 -0.932094206748852 -0.0561311098915093 -0.576672205752967
"204" 1.83662499907485 0.669064108396999 0.698470860146135 0.486410295939467 0.325960824637478 0.263273809779903 2.33719423307717 -0.441906712183546 1.3972036800038
"205" -0.869409654583893 0.182287848329332 -0.558963104556707 -0.550171145447625 -1.25444012852879 -0.411506013309977 -0.136223122040148 0.174905964850276 -1.39928889739131
"206" -1.55362916850631 -1.34290630099174 -1.45372451497793 1.97853135327196 1.63236383260827 1.0472490985284 0.87540630188182 -0.647832133576342 1.26792368055449
"207" 0.157274052482724 0.112172415227032 0.311823578553164 0.916635575009423 -0.777772223252749 -0.0771051912391818 1.21793083098609 0.841225697218338 0.15755033353117
"208" -0.302858300452397 1.99447569452031 -0.169452739266443 -0.63139718284874 0.854158949060872 0.55786961986805 -0.234301809772865 0.337166582243667 -0.338401599748228
"209" 0.913466952776343 1.31941393502944 -0.519670508205372 1.47128195140827 1.94785781487199 1.84703598773728 -1.82650251701045 -0.0294873292792607 -0.43396691685777
"210" 0.566588778963416 1.00098427408114 0.547820559188763 -0.378895290093042 -0.344565705074516 0.973534427159826 0.185083323252183 1.57636220260278 -0.341149342587006
"211" -0.71015825696417 -0.224291762379316 0.19572547388058 -0.848334770624659 -0.804583035092204 -0.314909001817994 -2.03645036135727 -0.935083046659152 -2.16659731706253
"212" -0.38439874446916 0.997548458383022 0.43469473998944 -1.59760942424793 -1.20294392649458 -0.16534559336813 1.25709117215215 0.228576660858943 0.986340129626997
"213" 0.52806071136897 0.819549849698204 -0.0356059771550794 -1.3043952406605 -0.238006195198232 -1.50247600958964 -0.385401478562663 -0.333457586265854 -0.0487525992007488
"214" 1.23277032110804 -0.279565658543618 1.89866398865084 0.859065472679201 0.647088578396824 2.15702337806564 3.24326389691547 0.358518162063956 1.18601796894393
"215" -1.01069430151414 -0.425941093101631 -0.370726826129862 -1.02262464011004 -0.707079311222624 -0.120452514944343 -0.903743623806449 0.313012843950881 0.0368102701933346
"216" -1.08969008628798 -0.0156473015794854 -0.604654996161243 0.250070050909846 2.02952413460722 -1.38877110921294 -2.50941707583224 0.165911680449691 -0.587317462983748
"217" -0.757412134998528 -1.06788612330554 -1.6189334080047 -1.45899033375799 -1.67348593856068 -0.835641103448679 -1.98289504648394 -1.85981456008839 0.206137231009973
"218" 0.00321847028962208 0.161031263728463 -1.58976317962341 -0.0638951266095713 0.874587641142402 -0.784443168827002 -0.92721290756563 -0.0258942345074251 -1.13715088282764
"219" 0.892945101455174 -0.939276716796086 1.77812799648307 2.22431740512098 -0.541505571042078 2.17698587128133 1.65419406080472 -0.87664855372234 2.21256937565185
"220" 1.62081458855456 1.10257069102607 0.453298742199966 -1.5119088045651 0.0628764696271634 -1.11745648977529 -0.764699376022832 -0.391798925121769 -0.0467725772951683
"221" 1.0808610301363 1.14608480139232 1.26092864997547 0.293252544528842 1.27558320954284 0.51704023622546 1.4642229011449 0.286641056893668 0.398534500425976
"222" -1.47187641776132 -1.16136653293613 -0.4642993506339 -3.14137021438297 -0.613521891331928 -2.03392956958749 0.102533113475627 -0.7035411236384 1.18336834863545
"223" -0.722408543862657 -0.532566225373266 -0.278844550773668 -0.104999867088891 -0.278009854895877 -0.645001925349153 -0.514067528175914 -1.10382012160418 -0.818579738726678
"224" 0.555375904830333 0.905896699299374 0.500112031844799 1.29649770508766 -0.443113662121236 0.457732507358951 -0.856325335676567 -0.716989208177631 0.0564814016068034
"225" -0.0758333816458709 0.29463550018228 -0.25537526414506 -1.00325690633111 -0.289549896886728 -0.00339790154719877 -1.75805785069881 -0.383736805042321 -0.00296387695888733
"226" 2.37277346028236 2.32782585320431 1.86732299205877 1.04428585229803 0.589165064970363 1.77577364164672 -1.58375001382976 -1.15865561312329 -1.25928410494991
"227" -2.33049650886136 -2.91121222616693 -0.631426592983946 -0.566950881825955 -1.27426601280373 -0.556560317412685 1.32052881047325 -0.991922921284158 1.43726693593396
"228" 0.375672259992034 1.54604083522458 0.845653063308172 0.253082272930385 1.02071580466103 0.179562333849793 -0.430563408411515 -0.543456863408877 -0.640350452590599
"229" -1.08046578577695 0.100439683997565 -0.834365314095199 -1.70789072375554 -0.451579132434137 -2.02499605125298 1.08926026843003 -0.623110545416764 -0.81563721266026
"230" -0.26385314921315 1.17233660243895 1.12431909426307 -1.1228121397052 -1.39308311920783 -0.36747062913492 0.328253538040746 -0.187506464842369 -0.685494923631177
"231" -0.252350308893666 -1.02750862804603 0.853640875830526 1.75101417108199 -0.391718025608113 0.937089352596264 -0.119716649054411 -1.27856921036379 0.169926323558298
"232" 0.68829790688219 -0.697281223632873 -0.0281038149488214 0.186277942761113 -0.769752630326685 -0.497421458943819 0.206365664337589 -0.163604500118169 0.821420375245801
"233" 0.0626495304815969 -0.558708776297354 -0.278183413681504 -0.681675100296288 -0.314047174833096 -1.36862043835734 0.043935109261459 0.415143262024907 -0.188059090640391
"234" -0.0117813033530811 1.52187823263413 -0.731042420599838 1.57688234544866 1.68918692555051 -0.322173102527756 -2.52837828184462 0.860827685618579 -0.588924690028548
"235" -0.943317848610183 -0.276487428703521 0.835578567256556 -0.687310804398592 0.559713399329036 -0.110474295981932 -0.605564523394063 -1.40030802828786 -1.79731167934172
"236" -1.13590361492203 -1.0426859074845 0.903608877900143 -0.63347055988508 -0.222584471858787 -0.144864402151364 -0.0729251702412018 -0.497335271288615 -0.273907042500058
"237" 3.56893990424399 0.720199943468149 3.76012754588818 2.94859602071764 0.253398642698666 2.18893918010669 -0.0528306602500924 -2.51098158846794 -1.46924433936984
"238" -1.71274902709573 -0.274922465805038 -0.5975135318263 -1.60639399467409 0.283749680699434 0.0417142730838327 0.225035180292262 -0.898401394458706 -0.167830083804188
"239" -0.424227434131346 0.845730729926815 -0.574362124753596 1.82839544073876 0.930423260096494 0.72734626962612 0.836306045132405 1.07084673807156 0.451763042742399
"240" 0.058760130972105 0.0834177878197272 0.219689601512758 0.681420636036715 1.05974220272466 2.70042286046499 2.1049179662277 1.02946279475908 0.0447670626983481
"241" -1.03241413183679 0.975232559301349 -0.287119678334368 0.22038183865211 -0.0627014161822316 0.093800082514958 0.561315337924579 1.26466739315552 -1.08500009953192
"242" -0.638234896933068 -1.31957847662771 -0.541969829360094 -0.951564979955601 -1.87620611370362 -0.912631359515574 0.715266924173331 -0.355954544131384 0.744273600934314
"243" 0.97672594855313 -0.123168053504299 0.949373820382361 -0.53567384625075 -1.19089810058709 -0.221986477672998 1.84266055787477 -0.573072812584605 1.2265578940226
"244" 0.292624044235809 0.286215771875361 -0.648122475617675 0.87785868925772 1.32374772698055 1.89972116613499 2.44578752506375 2.09665954918505 1.20303530928537
"245" -1.33243236756864 0.337164354583027 -0.604140870092948 -0.587366088183527 -0.374403556177944 -1.19482664656869 -1.16693807937574 0.0860178162364571 -0.726178426464469
"246" 1.09949936967942 -0.753905608426471 -0.0299064096872843 0.00965951992559422 0.216989203228541 -1.58017095457506 0.671763227011649 0.494919813452245 0.213801150035474
"247" 0.902795681662221 1.93164774744739 1.84105115469772 1.39376469051815 -0.788437794574558 0.611531574666853 2.31170592356325 1.1615292915229 0.43265467903424
"248" 0.452801445537725 0.928655174011047 0.819313954053439 -0.375734467162486 -0.485722904227916 -0.153812420711656 -0.498473680285508 -1.71894975374876 -0.0762528302177681
"249" -0.36291755841089 -0.74074248853734 -0.151887653943309 -1.34909365131121 -2.78895015375865 -1.17578630915027 -0.00350244463654426 -0.101280009547489 0.158420925824896
"250" -0.60982538435106 -0.923704012030353 -0.169784261877805 0.0430762996228028 -1.61028850081752 -0.42167199102535 -0.495199203356742 -2.35955110535622 0.641064612841576
"251" 0.700456421502913 1.08171316973535 0.326905387449235 1.52317604892465 0.377209863674107 1.63976381925723 1.58210565047328 -0.944676054782245 0.390225225606703
"252" 0.380145760360429 1.38469450119118 -0.199968598347026 -0.416678920497839 -0.0141785961515407 0.240245238261408 -0.437570110543181 -0.391145018023061 0.477014102879807
"253" 0.683268392030734 0.827408678865579 -0.187575157779183 -1.14775196881081 -0.961123681038957 0.117739418259238 0.908236416170198 -0.42071177224587 0.243665295723481
"254" 0.726431830020968 -0.415214088051827 1.5465582644468 1.05736244940885 -0.253181741402261 1.44328759228536 1.04415532469754 -0.0723254986473624 -0.644751386606219
"255" -0.443940948288917 -0.58598766155669 -0.55339198675726 -0.0573269080731169 0.470578716714013 -0.244199610806736 -0.270141920041744 -0.78546779636829 0.435732213278948
"256" 0.501850192412578 0.145214056459089 0.779533709676856 -1.1324502501891 -1.44117596548891 -1.21864284468396 0.598409390320196 0.683349551174515 1.01276320134832
"257" -1.0995858261726 -0.223830734364228 -1.23903424697519 -1.57834706533034 0.54713515598671 -2.35626943290043 -0.201125385941295 0.243178905514843 -0.360676618668405
"258" 0.623551813942101 0.152209001409592 0.145863763973606 0.168687457675899 0.495264016253705 0.400299542922474 -1.8947202855632 -1.24398302309895 -0.984594276607973
"259" 0.385504823502567 0.0838928893960944 -0.452307806780817 -0.913833241719182 -1.07712027751378 -0.18486601220453 -0.666467069814842 -0.787881575726827 -0.896255550156208
"260" -1.71607566566427 -1.85938828727911 -0.728041946927759 -2.09001652192771 -0.0409563098303757 -0.595472491577304 -1.83201700387389 -0.855569758115787 -0.301311208825944
"261" -1.79175035838984 -1.21639490463087 0.419503524505314 1.78366690157391 1.01751558254681 4.12058733916758 0.860922916450811 -2.39657050873333 0.493185035355529
"262" 0.0980780752680762 0.0354690072569959 0.0752948813635773 2.42882865763081 1.80066078655009 2.6015690154625 -0.313704145335017 0.770969057326951 0.273298960954528
"263" -0.0249462033395612 0.296809737797137 0.917052733244938 -0.361248370754487 -0.651342215826891 0.42257450232083 1.01469046739635 -0.862324559595705 0.227989677371415
"264" 0.800188332606838 0.646212510082972 -0.324501057050037 0.723006837211411 -0.41526941967725 -1.35091618339205 1.20434553834009 0.624923941285312 -1.04636075328432
"265" -0.233262277188754 -0.482549901078082 -0.539180301075876 -2.78473604615477 -1.14209209451449 -2.21662958673783 -1.01849781388646 -0.283662894901671 0.232109510709303
"266" -0.30184948455658 -0.231636923470946 0.101386443094847 0.211793037379108 0.506854097454829 -0.790870160899958 -1.47250054626405 -1.02902784019563 -0.926689950976485
"267" 0.0139572811282858 -0.398267292855312 -0.256040738134939 1.24123062588161 -1.09641648364934 0.352047430829987 -1.36251975459842 -0.0466513198780663 -0.328327342183591
"268" -0.593184797697553 0.354772193733357 0.853376728427233 0.0756594982021247 -0.856974512243761 0.792432387816703 2.68388003569017 -0.376920652307428 0.967636918142978
"269" 0.27953668126218 0.170257130251767 -0.0108026901951266 0.244302380933438 0.316270849360153 -1.12264844695708 0.519771697345347 1.45849609389471 -0.229495778516635
"270" 1.0833836314165 1.13208353771085 0.787794834075146 1.84948247625131 0.65470249995473 0.35891323519598 -0.60058551856103 0.149968565586768 0.570589464986194
"271" -1.4580522485662 -1.52509440951613 -0.284915626789277 0.184656349827723 1.19019082003503 2.91681948941391 1.89136385996354 0.874804839124522 -0.0325480749712729
"272" -0.47593427583576 -0.245056964248924 -0.709324941433272 -1.37386968948188 -0.909502247893553 -1.6882461767337 -0.336688324094242 0.326727561684663 -1.59935989302742
"273" -1.07556066443964 1.11066203558799 -0.0221423176930241 0.115525507956935 0.338365274095559 -0.208220523946424 0.379730367804699 1.11864586715396 1.79654135914811
"274" 1.92011906678333 0.867845430888474 1.67879495217527 1.60228651464363 0.672590625012125 1.34487633926047 0.471162729751029 1.4449853882683 -0.892041232931528
"275" 0.0878159637549121 -0.0685626829074119 0.24507272137296 2.74799607560346 2.42121554690912 2.43015063138906 1.38138410329535 0.117222662144915 -0.185948511475585
"276" -0.285061232330847 0.792413718738211 -1.61182562968295 0.768782019275827 0.847297038432795 0.599239535942743 -1.31013946077241 1.60740357949385 -0.669731747747261
"277" 0.920719229145897 1.07934816866846 1.55977735739936 0.210473999100819 -0.101705719751808 1.78865577395686 0.772881872987746 0.0292316790974437 -0.872589368717585
"278" 0.136031189364211 -0.585065555916942 0.664260407212999 -0.374908986354818 0.624290169210409 -0.178977614705024 -0.369579493821372 -1.89543113391316 0.0113898489847971
"279" -0.972390370987963 1.46128869361804 0.233078505562919 -0.659780297368118 -0.350562843439413 -0.479929143163161 -2.00732812923479 0.589814701867611 -0.605532129452125
"280" 0.975228305245371 1.95513084608613 0.393536653816698 0.518914652163169 0.838587330439355 0.671469473123728 -2.67220589344598 -1.57975211371553 -1.98996950778543
"281" 0.489576691032876 1.05484563666889 0.549928341798566 0.371554451945526 -0.0450146063299972 -0.0948351549329102 1.5144894073122 1.14359355108012 0.386425502350709
"282" -0.702325595545654 0.474353018766952 0.161059072347718 1.2827842854694 0.212723476952624 0.816156562669695 0.739467573024967 1.78211800392665 0.572101587616234
"283" 0.573540821911134 1.25085466683359 -0.763040862382908 -0.274966769111063 -0.823831568823821 -0.501869296745057 -2.4569098730606 0.131389716136837 -1.54924809631171
"284" -0.913461830690147 0.214112975800514 -0.273379771039207 -1.83575711546034 0.599982411508822 -1.3965867266949 0.452836840058804 1.9542706344461 0.177175015200029
"285" -2.81885520073928 -1.56876264918216 -1.94233641709609 -0.116924533249972 -0.676154037054257 -1.55389528226763 -1.55460958189449 -0.292757717875328 -1.7646331655812
"286" -2.24771970773662 -1.13839476207678 -1.01364988386121 -2.44550421309668 -1.0347964831875 -1.79173671387035 -1.35673882662552 0.611207030006262 -1.82794468480452
"287" -1.53280077413875 -1.31127294202338 -0.786807923326679 -0.929522961489787 -0.954799990688443 -0.0557056678705098 -0.98188845369312 0.273272606518175 -0.255884521687045
"288" -1.15699277185949 -0.932746323831667 0.164848526627853 -0.86113631578058 -0.544937757380084 0.0903445201591895 1.83532743874354 1.0227944002638 -0.0217623292094042
"289" -0.832214493748948 -0.597629939136759 -2.16961818557986 -1.73297902448263 0.448207415301463 -1.24841338040006 -0.738720782973367 2.96414208442692 -1.07042615731903
"290" 0.0789818992483725 1.01071685587627 -0.831675200488545 -1.27583758274751 1.17503981836831 0.993716617320823 -0.581733196669851 -0.0368295267770576 -1.16623709025717
"291" 0.679791580459966 0.742807660460522 -0.23426221732073 -0.57827152388448 0.084739130672148 -1.22477943856845 1.37227646158319 0.958619038734548 0.595984177229367
"292" -2.50517532233441 -0.829903846344763 -2.14563302416716 -1.59181007975742 -0.492378805677983 0.157111675575925 -1.18950972522782 0.744257298485394 -0.354755006674855
"293" -0.106783748980708 -0.513283018815896 -0.269404799177415 -0.0594435721751686 -0.615040975587128 0.790519990798841 0.590775686258472 -0.442820920631113 1.33054991545501
"294" -0.70811527203386 0.173965258878833 -0.846104349484123 -0.791399194189728 -0.454409897413946 -1.12477660492969 -0.309092118457935 0.152915066920311 0.0785816083845388
"295" 1.39011272456029 1.70399688355524 2.38022612660957 2.11093732019209 2.14087660441505 2.12945220631754 -1.69897386806789 0.0946781889327767 -0.0648106220912366
"296" 1.00803293356513 -0.0132957468401816 -0.0454153412135889 0.216765804524221 0.959754693438775 -0.551128812308934 0.39702797772494 -0.456280296258801 0.22300443602563
"297" 1.42959189246684 1.19342673463497 -0.465713132197468 -2.64537012797411 -0.86114674886655 -2.21368715793828 0.924343960919353 2.78803055947777 -0.894865425675924
"298" -0.815648376440379 -1.14951468293147 -0.153544306481072 0.429023262678063 -0.519163706121372 -0.927055686348001 -1.93250571276734 -2.43154716971807 -0.679017508525428
"299" -0.337320811114555 -1.69355141274458 -0.885276831301827 -0.666608730627893 -0.899779665591451 0.452618596446334 -1.23823834794778 -2.16132525340067 0.849526327056452
"300" 0.391419765884207 -0.921532537135152 0.101412085139793 -0.33813138786056 0.302147496565345 1.02240863175948 0.0137014081947175 -1.51148904534757 0.37090893209561
"301" -0.95391237930597 -1.05956709411362 -1.63082474712036 -1.0483537855357 -0.194447227822783 -0.790838176415824 -2.11193591128256 -1.51959577040097 -0.403667795392678
"302" -0.801444134447958 -0.573965490591516 0.668849899921543 0.527037444671905 -0.887096853633924 0.0719372915797554 -1.43405292212276 -2.46529542351789 -1.23796462575033
"303" -1.2711085606552 0.133361642257262 0.216768225591638 1.03812058627469 0.301464145508373 0.231623279486114 1.71818760577106 0.505087232403778 -0.20518746701388
"304" -0.682631665434364 -1.57890893216167 -0.588071495722685 1.41488744259963 0.580495136645422 2.3154122753966 0.689368680279039 -0.0578568347439694 0.722356092931145
"305" -0.399948538641975 0.517298358163313 -0.74496592004545 -0.770329390138853 -1.92162964946972 -1.51428993062604 -1.41708391216779 1.09053490395018 0.74152088809538
"306" 0.0958711918651827 1.21481607079252 0.205277775792967 0.998612612099953 0.190964862830074 -0.550782109404363 -0.257424339034468 0.211851227321145 -0.874877825307648
"307" 0.0131962304774734 0.621646100029173 0.250466536381078 0.934977930029284 -0.100355535436011 0.0121832980035218 0.119708064191608 0.694224760062032 -0.00745658009408334
"308" 0.290793367732993 0.626528760470408 -1.76497071733783 -2.55139751802193 0.761362704682963 -1.92136532809164 -0.897437867719655 2.67870815360509 -1.10001374421541
"309" -0.9109538719458 -0.507811765285759 -0.502022657755692 0.209308510012099 -0.906537827650476 0.317618385630817 1.35902231621484 -0.759638068169539 0.582272041504927
"310" -2.13632240647538 -1.62120767456912 -0.897523086825447 -1.45100808160702 -0.941972318848549 -2.20296476007005 -0.811584538852036 -0.338706867873572 0.383510165115738
"311" 0.272182061911744 0.796489764972694 0.51599114079935 0.194149343655847 -1.22905118467439 0.401533323579667 0.0811424247647199 0.0593592882414761 0.648580798321138
"312" 0.419250575848503 0.109036246535816 -0.0166988832634488 0.17321116992847 0.0413213369587719 0.570135760234609 1.83598053602553 0.785927910216064 0.303316738110237
"313" -0.393779870481309 -0.987779334850327 -0.207322593216491 -1.00218477423716 -1.41592947543838 -0.517101384454559 -0.228880743163237 -0.425457213762603 -0.383554370179348
"314" -1.08719517329574 -0.0750527053013488 -0.155767034568446 1.12983941559076 1.00404165527983 1.7814208282443 0.373285180592703 1.69480337579199 1.42591913289402
"315" -0.298590925212368 0.159281632173585 0.152412792571969 -0.699173304284119 0.145455436489851 -0.0349487902522493 0.260205579135652 1.1693698955079 -1.88380359379772
"316" 0.422024688280496 -0.536762272769187 0.397095553039006 -1.4800362285501 0.534502014527673 -0.490848841893157 2.63264998806786 0.182787891204683 0.0955362771884983
"317" 1.14936294959337 0.684012182646776 0.78012443926693 -2.15855706438829 -1.04286359296089 -0.194688190564937 0.968843085246399 0.153023344960196 1.15132676954643
"318" 1.04075475813995 1.16947952141894 0.344574038189079 -1.34357515886023 0.58562818936622 0.129432169824587 0.073085533903692 0.569461445357622 0.454784257752123
"319" 0.78304164473296 -0.241562478832438 0.610017930767183 0.529705760029943 -0.0349776993060622 1.71899141147829 -1.62157402102126 -2.67242394648762 0.764552479014376
"320" -0.896561555566721 0.124715556837721 0.217786085143257 -1.30414976125313 -1.44254960489396 -0.116286403190701 -0.116836338430653 1.20010077379153 1.60895998884443
"321" -0.22672494841976 -0.373028062887977 -1.18936919106057 -1.51182848472727 -1.09364827880475 -0.660646737967494 -0.19723973418368 -0.024363484621633 -1.51335598918641
"322" -0.310071544508221 0.513534851502426 0.0866878677571463 0.0625401944088601 -0.876378789961849 -0.120044663624436 2.41000751419294 -0.931602448479328 -0.572848278497212
"323" 3.6897263776102 -0.397857062181438 1.36174654358284 1.76407118396731 -0.447449573665399 1.67544824638635 2.04943543832582 -2.47097573054617 0.797596361643374
"324" 0.77504652857067 -0.47998662639141 1.02829158859237 -0.508626520886902 0.0683964029468904 -1.34780733374471 -0.0371714286166269 1.56098289065947 -0.817194955972944
"325" 1.22268188483286 0.767631823604197 0.0944679478694955 0.352458803847481 0.949734456453775 0.830856107429936 -0.431749999462747 -1.04920316571118 -0.074660506711613
"326" 0.464589459516967 1.05628098953351 0.230282641096084 -0.586821585001576 -0.852417812017385 -0.320956685825929 0.602453014007043 -0.526590237296889 -0.412851212023436
"327" -3.55334391989229 -3.27142792881206 -1.96643911431205 -2.66375485949773 -1.2531320119072 -1.86658413984136 -1.38961401327377 -1.62077234686203 -0.188348246796324
"328" 0.585484353807568 1.47020528484839 -0.540640734997021 -1.29670246914519 -0.89307284783222 -0.871496249658793 1.77825357265781 0.903016712054052 0.544280797632914
"329" 0.276328641570925 -0.238549250406987 0.238264829076163 -1.06707867307204 -0.204536218578321 0.251098400354451 -0.557634777701674 -0.407738438718465 -1.17390344043383
"330" -3.35815766106729 -3.89812694075946 -2.63230942778386 -2.18941117700027 -0.733312603439581 -0.11086777975382 -1.48600691354756 -2.09834429210463 -0.289158559312579
"331" -0.235592163480884 0.100159730922831 0.802739606866426 0.262541174279837 0.466189584997954 -0.502744939369305 -0.407956042383394 -0.236957369750653 0.416207632867622
"332" -2.0455205083084 -1.48621395526144 -0.770439668802955 0.494240084682811 0.421747046964892 0.357308311856331 0.204563292726846 0.190158891828906 1.74749871806781
"333" 0.207310223329269 -0.849953785143845 0.302074557504284 -0.872755504124035 -0.200114667783825 0.143013174646967 1.78920727454858 -0.78106444430147 0.733329979771131
"334" -0.0404347820968298 -0.951496932139228 0.991037934231355 -0.514074786074338 -0.460792584215457 1.01663286560934 1.30451889417193 -0.3974479878188 0.171740519556357
"335" 1.2115146672355 0.0434455569605123 0.554645717270329 -0.11739470942344 -0.0381757045164805 1.10743289725435 -0.249023020655252 -1.17478262741833 0.643573724355026
"336" 1.30584895196603 0.193351520360012 -0.00187589180633575 0.822201156836632 1.01720233532912 0.396443500514169 1.84271059760489 -0.0409859047433672 0.283574217588901
"337" 0.450034417667521 1.20122049826593 0.0857704455831041 -0.172093203832539 0.179912016010363 -0.773308736138056 -0.100497794386743 0.195211167651074 -0.137514293946681
"338" 0.216956324157747 1.17641115983227 -0.900383456047207 -0.118750639919237 1.05719622443493 -0.888432012880282 -0.798380322744384 0.265923327908393 0.577289280446816
"339" -0.919770721434078 -0.00201616079231665 -0.232471194099703 0.950340811754738 0.918329111138512 -0.452355447954701 -0.382359220390116 0.153146466918311 1.05442942157032
"340" -0.0644020211350699 0.387146554313165 -0.30200766848597 -0.938646564113582 1.04987111842322 0.211130933552187 -1.48355085344454 0.216766516086927 0.187425894670995
"341" -0.729511608006861 -0.0423926772871598 -1.09297938706107 -0.55650916492262 -0.646748416065884 -0.36423269292095 2.08097679383805 1.2766930414885 0.836430054051383
"342" -1.52302583258573 -2.62021195167766 0.173636633572772 -0.435165326984168 -1.74037050154467 0.80627489528646 -0.0382954397968879 -3.32220031609278 0.689848651215152
"343" -1.11645678029162 -0.321706442734418 -0.630883683767953 -2.19890708043425 -1.27634377579592 -1.66307848321634 1.24278364414892 0.468459203975431 0.0259474131539468
"344" -0.0258878877169989 0.716323899604295 -0.49861684351799 -0.274219183794432 0.517670992980063 -0.185680679976314 -1.06341446139156 1.45497788394968 -1.23872511782037
"345" -0.49184025741021 1.13650923869558 -0.0146201771704139 0.399228907983373 0.0273101209398418 -0.377195516574658 -1.45795071828786 -1.71201031026844 -2.3028311345302
"346" 0.522379489130293 -0.855324239530226 0.415683951318606 -1.14351742407114 -0.341688396961205 0.20656901517035 -0.663389575684972 -2.81437956578539 0.87309969980967
"347" 3.78158836838533 4.36876593569075 2.61248941026892 -0.75691310004136 0.412378656103996 -0.339245635353206 -1.17682993367736 1.67692463616494 -0.237961355298234
"348" 0.691982373482501 1.56877042303131 -0.0847960752260128 0.678041501000376 1.10441075460339 0.130443851915627 -0.0191999411305434 1.23104550794913 0.0128710419383068
"349" 0.531615018181604 1.39534395807424 1.20182001811853 -0.952375824279389 0.901614828496749 -1.36660395189805 2.5541309341336 2.27628633288046 -0.389863581246556
"350" 0.407016287423779 0.224009162255174 -0.246639375333154 -0.0683236030841312 0.624086558124724 0.978734488577997 0.170951432377317 -1.63716064242322 -0.365052847236827
"351" 1.14523090490233 0.987701122819074 0.319098106956284 -0.125185790336457 -0.599613902779018 -0.698959928608009 0.257386642376465 -0.92905259396336 1.71005475599185
"352" 0.183501769023615 0.62525624674282 0.311197359957715 0.433784456619447 1.32619892338576 -0.216085365216932 -1.62380764887762 -0.66491704962885 -1.54986523647894
"353" -0.219283851985292 0.259046280204701 0.0145405606749645 1.7929724514034 0.281786226628 -0.015581274687425 0.352078151808095 0.618601852125283 0.537312312740699
"354" -0.197124435394994 -1.14222133523469 0.881780137286759 -0.187239345249316 0.408940854208752 0.757617823869051 0.566710026996878 0.594486341295089 1.18677121214088
"355" 0.117485961558071 0.526258894267565 -0.395080986834715 -0.417554001159538 -1.36551881524145 -0.826039938013021 -1.24812373964849 0.426665311360097 0.0981228687295927
"356" -0.920535304954857 -1.4791999437332 -1.13450612764834 -0.741529341093519 -0.205784426902154 -2.33935049201366 -0.843131584803524 1.0668207000464 0.204538061297608
"357" 0.231053522733516 0.821511043227357 -0.940966209931208 1.47221048318059 1.618669308774 0.23403908275614 1.03306418684482 2.65944021071861 0.443092766692216
"358" 1.01988675618718 0.754848171972275 0.314714721606703 -0.166567519967549 1.08653830698249 0.198262285945491 -0.0270383533188746 0.0203022532782188 -0.262536733213197
"359" -1.04025945551106 -0.328772348447261 -1.50950189445225 -1.10451573028263 -0.327389397353411 -2.45639382559398 -3.1994202873611 0.917172549285711 -1.89675222040641
"360" -0.795418598841825 -0.41820658242901 -1.48781622928984 -1.71595900812472 -0.514082409687377 -3.16733495055094 -1.68302999824768 0.910121912412174 0.0776972476103291
"361" 2.1387647911066 1.1636600228382 1.44759229277041 1.08382585027853 0.488654445698363 -0.0123635928359995 -0.929775931067972 -1.38282397925013 0.77303167386139
"362" -0.138477735373991 -1.0001172426045 -0.557409183036744 -1.33113871477042 1.75671966809489 -0.998418980364173 -0.391498794723451 0.156844717035579 -1.24651249833291
"363" 0.135283898113183 -0.24153967577077 -0.553018966120109 0.111926076411022 -0.891526446857392 -0.80295196403416 0.476293828976053 1.14316909459466 -0.155907553423546
"364" 2.07524559727607 0.260921317857141 0.903817956990367 0.574357282224152 -0.777421122261631 1.30027385780966 1.01626869364315 -0.877968339845039 0.286979221836909
"365" 0.114482722610724 0.192014041824147 0.0419143965091907 -0.709588931004136 0.956297823837481 -0.331120916205785 0.225252370657404 -0.307888816994491 -0.432347048655712
"366" -1.46660294701811 -1.78874611162774 -1.0936810394492 -0.621286195328271 -0.0224525142782664 -1.36391660693845 1.18121030741003 0.0320590826419642 -0.352131457251154
"367" 0.213112890640619 0.168452911563687 0.552638860634919 -1.35950879552458 -1.4608404442437 -0.445452355493212 0.490728547866302 1.30071608662227 0.614331124432367
"368" 0.770231516760971 0.0205427609178598 0.166404038079417 -0.933506290109357 0.162297468249499 -0.170809433317621 -1.28396236098944 -0.722389829435998 -1.04067549559844
"369" 0.715848916524501 0.838660948927889 0.644117059724486 -0.468812121498287 -0.81561867015731 -0.366969118748396 0.294225695961331 0.97240953124097 0.627568194557223
"370" 0.607770202494429 0.133445999324891 1.51676408321442 1.74830204380709 1.46971026573243 0.824802062661646 2.73149146212037 0.114704675416576 0.642378592410214
"371" -1.37509197968999 0.514783101428431 -0.0704961320498559 1.12645335533196 0.312502611804753 -0.0207934933996259 -0.25742570269068 0.0186934736245918 -1.05827178859398
"372" 0.438978194090899 -0.508930103998698 0.563318179688402 1.20129991029322 0.212309956944849 -0.691502998932941 1.32142608436091 -0.341847878933366 0.444565893167664
"373" 0.199701498507131 0.886783688392307 0.598017725469509 0.474062842755159 -0.184417648229991 -0.751648526892048 -0.594412227746675 1.13953011958845 -0.270190287637239
"374" 1.55360938292995 -0.0523579305482229 2.15512769841565 0.938790550709712 0.777847756607791 1.39221987189669 5.26252016906592 0.696080417552921 2.71039554206523
"375" -0.739881788454759 -0.783548250461001 0.135007562774912 0.718543120997473 0.880458620061087 -1.94719232181201 0.709515216312308 -0.819525073637581 0.500153135380278
"376" 1.63901795672451 0.443566920238129 1.38106455881561 0.895995507310789 -0.78512782761013 -0.421656089362911 1.02243298622734 -0.644878327315215 -0.380815579800075
"377" 1.01550253635524 1.25471580833922 1.19727879190472 1.89304349508949 0.293340484140748 1.44868931959279 1.61463774002244 1.4974021198918 1.14954168934314
"378" 0.487645545887924 0.682275118110895 0.322839430213873 -0.115200185991263 0.40166482804862 1.42667897182142 -0.809222050903164 -1.92487008184807 -1.42336696483245
"379" 1.77907477561251 2.10750593148966 1.38302491740091 0.10782475068945 -0.806155110762855 -0.370653845899596 1.91580046280195 0.494645866201146 0.484559058018656
"380" 0.337980550919199 1.43548949674037 0.75507816130728 0.69111403331624 0.68777280070857 1.29607123757387 0.56695725882648 1.35588691095188 0.290410444111965
"381" -2.00132645257523 -1.56025561199328 -2.97820814349866 -0.32631548609492 -0.860050002600154 -1.16346295282377 -0.683361531516597 0.454873786601249 -1.63945845685187
"382" -0.426864020954495 -0.153812807839586 -0.731071573974188 -0.762315403670365 -2.38489888211106 -0.817954553376391 -0.323746261291099 0.791201059459136 0.884036223834608
"383" 1.22894679012391 -0.390814421171045 0.434184538774291 -0.624555218017394 -0.279043730314907 0.164848444114049 -0.246624205114172 -0.889255031409208 -0.984541312731555
"384" -1.25867743791219 -1.85613269405929 -1.41928267433055 -0.223267901446651 0.639787976045955 -1.31722771196212 -0.0406065065675819 0.421617131349795 -0.0673547708157189
"385" 1.48282283661682 2.44576648407349 0.00307851436886797 0.989441219318246 -0.0558502551505314 -0.114105004186433 0.390976668217529 -1.6160565614729 0.0931363273200135
"386" 1.01833043581982 0.43963909245141 -0.134207423325874 1.54238275774074 1.70021343773926 0.855976833401441 -0.165064018552177 -1.25598887298338 0.977433030910901
"387" 0.699653311851759 1.772137411814 -1.56940115601461 -0.619604446358212 1.49272484473282 -0.809348662850207 -1.24427038654983 0.445176850075096 -0.82131137365336
"388" 1.21853201256393 1.12272458924845 1.44011323660007 1.20306370679981 0.0528839427916766 1.84829084079667 0.910395731735629 -1.29822125442821 1.61147119039401
"389" -0.994370380240588 -1.49290495008836 -0.284998337427739 -0.482553958807464 -0.906857609375707 -1.10817266881275 0.251855181632338 -1.04050943353287 -0.881581556323973
"390" 1.62039551497696 0.468187390606455 0.372776565518401 -0.124259879077819 -0.406729023643447 -0.00929045504705706 -0.299722944578257 -2.14383863142771 0.277852853305574
"391" -1.71705632645326 -1.00783112648519 -1.08145526655409 -1.29328716364634 -1.09707318647898 -1.18577183375737 -1.33216116067514 0.652861759348116 -0.633635844089267
"392" -0.196793012784793 -0.255982033266256 -1.17052028438023 -0.95963639352512 -1.17147439764166 -0.649004083285293 -0.357154553596628 -1.6300495848637 -0.469995163616671
"393" -1.28392220710131 -1.82218418339999 -1.2373554887087 -1.58249281173272 -0.862630850438206 -0.465161211308648 1.47789514614769 1.17536326501566 -0.545703620849932
"394" -0.831152208185281 -0.0597763896418121 -0.858931770223389 0.812988153313495 0.354836354478897 0.63056760064422 -1.35153325929469 -0.626607071113506 -0.78019460644899
"395" -1.4268859865049 -0.885769331587089 -0.438485560563486 -1.25072017461952 -0.300327689299428 -1.52605514286234 -0.584970168873119 -1.60272441703204 -0.378023674649227
"396" -0.129608886466219 0.689155396550664 -0.0611318297862909 -0.931039900814124 1.22699678304597 0.452581484532686 -0.789512242714415 1.24296206293107 -1.00767605916153
"397" 0.508380842549699 0.916053332185911 1.48261797484874 2.69644129986107 0.685131986309067 1.71071213851533 2.34225187769477 0.35292020243266 0.092873010772256
"398" -2.07322467894832 -1.7085034979894 -1.41707662571386 -2.1386439386047 -1.13666313744156 -2.43030464261811 -0.409852095707681 -1.93173119844169 -0.341672791607858
"399" 1.26291368125818 0.251162931679984 0.503715371384863 1.97739603335721 1.46126727054083 1.42874818392018 1.54214365446051 0.717443588679114 0.307906294888682
"400" 1.43646559878011 0.954465700772053 0.373850992095541 -1.32070548781703 -0.0170844485783243 -1.04859161736361 0.538900933304195 1.43001364459423 -1.30921921066794
"401" 0.194379885185638 0.317454162393827 -0.286486591390128 -0.43446073237124 0.896105631093532 0.17996899418644 -0.746471541621092 0.0940711757931417 0.0616286543406517
"402" -0.360175546064445 0.728129041917699 -1.10618617524419 -0.0901599101851756 -0.0611896275072318 0.300964574890705 -1.90288974822876 -0.533528013931539 0.117699445391883
"403" -0.744123377030675 0.422267492526411 -0.0639038396510408 -0.0853180309315681 -0.592214920232983 -0.455335143426802 1.39000375165602 0.305961590867129 0.370624674191209
"404" 0.562058328324723 0.419959697920842 -1.04564027774921 1.69238336191411 2.24917115922267 1.01524200529428 1.63531483168998 2.24154923617141 1.31670932162757
"405" 0.595483327543645 0.862395901105162 0.927907240689598 -0.404712714140996 -1.21151138131791 0.700299403059471 1.30451993838373 -0.0183234055324136 1.86611751606398
"406" -0.119639480077222 0.475780500804607 0.745452871813822 -0.749216616997708 1.75751179860575 -1.71012107977661 -0.259383492994951 0.703531026734355 -0.0234910847507529
"407" -1.98431550931016 -1.26691671139068 -0.505086057505963 -0.472130319884711 0.708144832208403 -0.503611303725669 0.495207938315066 0.0176694775337027 -1.06063315357285
"408" -0.480539944373849 -0.93915707652242 0.989898817063303 -0.442558118943013 -0.573529877810316 0.0447773943252702 -0.0394327131651763 -2.1922976755649 0.391116224318014
"409" 1.01014200460098 0.925004542930658 1.24394683906928 2.62127262540993 0.803219031079045 2.71088294951403 1.06593963620608 -1.89492380336345 1.1825054489815
"410" 1.50556012300359 1.73797444954811 0.645208026122121 0.583729659890249 0.150080760256599 0.719270209033757 -0.399501359491428 0.839540255809803 1.2363123066271
"411" 0.251660703587484 0.856357671953716 -0.900241982800132 -1.78642492918501 0.483759242175568 -0.0323577634689494 -0.99237097616477 2.02659235266231 -1.52243802468854
"412" 0.0795349735037222 -0.966053747027412 -1.02899977953919 1.43377732267891 0.635207203865205 1.15393756027773 0.539289260645879 0.95159393277394 0.720018756893043
"413" -1.25471007432137 -1.56099936725076 0.158836725765623 0.213828157695827 1.25987931351258 0.681174416325434 0.477321896077023 -0.68068364125229 -0.661675882428619
"414" -1.41836556418172 0.452978936484591 -1.50470875405643 0.176159318411261 1.04355979378398 -0.969255517605642 -1.88010798119272 3.44694495966047 -0.421898781873432
"415" 0.426406731521277 0.673734870545244 1.32767138215986 1.37969467842101 0.198456457609217 1.84950482880752 1.25611895089024 1.42096185846483 0.946335442611108
"416" -0.164274835320763 -0.302416072882065 -0.40890491570945 0.49309599309757 0.523730683381711 0.688383563393918 -1.00520932338768 -0.671720587610763 -0.47050987434686
"417" 0.142893301278206 -0.405704748198832 0.999495446664849 -0.219998996518995 -0.114058179281844 0.818832340320623 1.0467481819974 -0.308620742916458 0.00257208152950295
"418" -0.0518106664308825 -0.174717730572838 -0.963369742445978 -0.733751876078353 0.307410208278781 0.267174045450983 -0.0599682500129635 -0.472084364514925 -1.041082351365
"419" 3.1040067723514 1.05971887105731 0.896666394194045 0.326911817244064 1.4651807384684 0.423392706715664 -2.66552727229393 -1.90297918575455 -0.885186811089188
"420" 1.12063457908695 0.572164516374312 0.631955529366305 1.05152113766197 -0.369743584250865 0.988998918489216 -0.339801913167914 -0.483132394056689 -0.780319537286486
"421" -2.50608025752871 -1.73138816626491 -0.836285662843817 0.129197453993089 -1.1016301295464 -1.260094699535 -0.699896815234558 1.74752176299385 1.31818201619008
"422" -0.101388309140512 0.660167617028864 0.0256052818281419 -0.455622406815865 -0.245622037550121 -1.74205408495513 -1.04571006512438 0.350232953560795 -1.33126889342092
"423" -0.419974069100078 0.438161824363889 1.00938748361381 -0.0456997462900567 0.531924855791691 -1.44582457552741 -0.404850139970666 0.0963145346909004 0.449514256924199
"424" 0.160886371934119 -0.480875005392295 -0.0874987345177146 0.143380765174904 0.0226159640235047 -0.410182230224852 0.716305825563519 1.45076975721017 0.711790580308749
"425" -2.89903733032344 -1.89619899257386 -1.70792365480794 -2.6361125611954 -1.7245527381909 -2.21433163506572 -0.375713690562301 -0.106520367169475 -1.84343724976199
"426" 0.39787873152219 0.297975550275628 -0.302138973192616 2.42233063362265 0.783796325801742 2.4572421923039 1.02798387131875 0.569623377257335 -0.334329418896138
"427" 2.03469223578101 1.92216803406775 1.22413112747731 -1.75485507721367 -0.718021153953148 -1.08851733562823 1.3565026709897 1.70925849701385 1.25492965884193
"428" -0.771444108050342 0.213973638002222 -0.546900973335864 -2.66753613269998 0.45530494989554 -3.33111499954108 0.0252210152775947 -0.140113176313694 -1.18360399737788
"429" 0.589061473659966 0.604282187565303 1.0540029655563 2.53896827955952 0.600944269644019 2.43786287362935 0.744016279696856 1.1040631596174 0.744147323300956
"430" -1.1922886919691 -0.0718639766335876 -0.170153537521829 0.144848558166576 0.111931044121373 -0.473577852124035 1.01466619660941 0.00909200935064591 -0.653972234045014
"431" 0.712093672612212 0.606264201303988 -0.0911918210389734 -0.682872464699289 0.182801255426394 0.0822417459115056 -1.10106142561779 2.33384260986993 -0.0117262154281718
"432" 1.37013774946461 -0.0800704561577295 1.72447462093536 1.98743459892655 0.105869941383158 2.93307546799341 1.32103176945722 -0.392950871710928 0.867626957894049
"433" 2.87047477446843 2.11164426212574 2.14341064567109 -0.818398271308289 -0.387562159145203 -1.07524624815371 1.56370830941297 1.35257948376617 0.377545287595526
"434" 1.88961365378376 2.95995026138326 0.828054100207282 0.627964982342789 0.509280089918222 -0.901000837237759 0.0284489706824231 1.94897485896494 -0.594652200639563
"435" -1.92062443700675 -1.11576417725911 -0.48445072220296 -0.791574339903089 -1.18456219684055 -2.35456466376608 -1.4891394605352 -0.902687762450638 -0.932794359792349
"436" 1.03861668726752 -0.367320482126582 0.04116454397616 0.31497386475276 -0.0046024896269572 -0.832544748579061 -1.11904963003802 -0.7281071843829 -1.96703514046576
"437" 0.922509391771505 -0.363905226496667 0.223580994551439 2.3002457244447 0.526264985232318 1.63976220840617 0.569766197224655 1.06942896244326 1.46942161324455
"438" 0.360550798052907 -0.229706067411825 0.363610125931006 0.0138070313004048 0.923634113806964 0.739765338172965 -1.17494797436728 -1.10857562241092 -1.71940982560358
"439" -1.44163460933927 0.319988772573879 -1.130924958404 0.527302942731053 -0.29111927185126 -0.60952074369791 -0.271175102497947 0.233834701783561 -0.344073632601449
"440" 1.04752006905888 2.00797568923749 -0.119797721625125 -0.401012554686034 0.746934862006109 -1.48403193014751 -0.678579336120166 2.43667941642193 0.238336544151445
"441" 0.252352013456042 1.61871846151449 0.226523513122438 -1.0045956985077 1.22264548407282 0.480407685538962 -0.670474349126519 2.43966752601595 -0.443117725809439
"442" 0.982341797882567 0.288901425086221 0.638726466872719 0.321787903726322 -0.203333658972529 -1.20403131990037 -1.4592191922049 -0.729920271624444 -0.602899974942182
"443" -0.902349008501174 -0.519871789696902 -0.562437911763179 1.56873329171027 0.685034775046097 -0.936383403427211 -0.594854978106238 -0.201720328648198 0.571052399053152
"444" 1.79448472448014 0.818490212025432 1.79458851583637 1.00845065599418 0.223893831735589 2.17678371209548 3.15444873240632 0.142868967589791 1.63349468257263
"445" -1.65611737710204 -1.07526559413148 -0.571628196907314 -0.683908425297294 -1.30210893948972 -1.64860848187994 -0.524040523035507 0.00747747194722581 -0.772696374293431
"446" -0.542182979473133 -0.44747717484108 -0.0744319408096188 -0.243684401766388 0.170713068352014 0.498807351089992 -1.2852247759468 -0.136691324643066 -0.614518928317073
"447" 0.0604117481566774 0.212566232097137 0.492479645000321 -0.984508556434717 -0.903639338122685 0.193651215935456 -0.407615570189757 -0.376889391445672 0.264456281803946
"448" -2.25605124259057 0.797510214964725 -1.82133333325911 -1.7104491097817 -0.0124898692723169 -2.040880049193 -3.75194798930773 2.26569877041814 -2.27805679053025
"449" 0.605729097828739 0.65905025439814 1.10689695021846 2.16592015854096 1.17321518084565 2.25653127213946 0.303960361348177 -0.475051949132275 1.60707630202574
"450" -0.897924780357054 -0.515850226512488 -0.497697918231247 -1.88297781256646 -0.652668423812229 -0.196731884706477 0.120274362102495 -0.865911685468443 -0.595836753790323
"451" -0.25999905284773 -1.21731708586415 -1.28335548118296 -0.94900649431892 -0.287664272881135 -1.10309704400993 -0.164721437118074 -0.332903307033313 -0.722452996833645
"452" 1.05672857492833 2.38197185914066 -0.715724041092124 -0.917986796269951 2.28527979512508 -2.09312460251059 -1.58986072470806 1.84720687303877 -0.223462068537408
"453" 0.395980682842485 0.996456886295955 0.866985896525503 1.82685199097749 0.947339526628303 1.12407103783495 -2.66623462013397 -0.0313828300969534 -1.24419662287349
"454" 1.11487332553295 1.83588642801758 -0.524560864773107 -1.30218064180188 -0.524862714192232 -0.782790254827407 -3.63206569475957 -1.2324920799772 -2.01286777156438
"455" 2.02137781936575 0.105426149771858 1.14251864411083 1.21085214208377 -0.71720244319636 1.19952871924449 0.903383094270474 -1.34421726867855 1.0871334379994
"456" -0.533119244542583 0.380238461648706 -0.485182179943081 -0.313611769112063 0.0151927743624725 -1.12966425723498 -0.748128825528206 0.662649609213794 0.947109939442531
"457" -2.60320484212839 -2.65440692423087 -2.01873314438954 -2.45071547402826 -1.77540200036009 -2.56194434814125 -0.748190447289474 -1.49856844596286 0.467333329567447
"458" 0.505820683663842 -0.56667549981178 -0.244128725179677 0.490261125606469 -1.59966902678278 0.543079644216121 0.939402456251556 0.584062708022077 0.341807410731377
"459" 0.507124158685362 0.0395453806146137 1.11109437089564 0.0038015737273272 -0.30851538006777 0.814236170695363 1.33607620131777 -1.70188299900514 0.321152380915419
"460" 0.451269786933107 0.743385547134817 -0.43102664515357 0.00576662146913358 0.881323199273625 -0.273181184174339 -0.653826462578461 -0.401026841626547 -0.369411446658236
"461" 3.04684967863748 2.28662467514985 2.96383405237267 2.10158221372215 1.54870340584196 2.2778634862683 0.328869789384012 -1.13313802658158 1.38106990807492
"462" 1.53915692397852 1.08636100374049 0.207202327037303 0.11452675728977 -0.484601476967967 -0.122043642751801 0.168134441590273 -0.366402588585507 -0.840189192365175
"463" -0.846042992869238 0.0236876340302454 -1.2900882292048 -2.27068222247427 0.0616038493126398 -1.88478035509481 0.174886446012817 0.721980492677551 0.455627002109424
"464" 0.644536085052678 1.48112227409911 0.0226977408350886 -0.0926931722467729 0.316433702724963 0.25465031737525 1.01992022168961 0.389233123616621 1.0379929360758
"465" 0.895499516307839 0.175544218683897 1.26671538993057 -2.42190265307181 -0.0637806117448496 -1.51222609686366 0.813278410022623 0.433294368707573 0.662370349450939
"466" -0.00621372185085844 -1.73801288617202 -0.567602434433171 1.75315196826603 -0.170766356528761 2.46050631389922 3.0818753162471 0.67039542015691 2.23348130688606
"467" -0.234091379273197 -1.52737331973865 -0.0758330495444432 2.10382339856579 0.583682337605052 0.341819978805082 -0.1330771987811 -2.24214921639974 0.137230772362333
"468" -1.498036308426 -1.51655255467349 -0.553691176503603 -0.8881458596104 -1.85196038168401 -0.309165825968455 0.286928250157296 -0.859064463817352 -0.213883229627984
"469" -1.55351848167651 -1.3178809350648 0.14340861324564 0.856742423243356 0.379162087806449 -0.244292410595492 -0.460272009503671 1.63706111606937 1.44681364261341
"470" 0.928205122011809 0.448416579014457 0.338918506212528 1.44037885277927 1.84959146456748 2.65443598993316 1.58638606981765 0.0443728267666925 0.0661520562941555
"471" 0.772115782905612 0.361169801810775 -0.554255147226544 -0.058879610172201 -0.361868479971959 1.3308820004979 -0.515360151276751 0.635462201307011 -0.448261915034811
"472" 1.4132167699246 1.53751566764059 1.01114672976443 0.282806761654274 -0.00334727015777003 0.629856323699662 -2.80623851896039 -0.400612126001023 -2.0243882109769
"473" -0.541446639817578 0.0918922929345798 -0.970597255924009 0.402618240703748 0.271459154060996 -1.16025419486264 0.570198930106435 0.318171410447284 0.279960705673986
"474" 0.808445962273708 -0.333456614198544 0.0176855604546277 0.157548487490563 0.190288727756479 -0.0630009959250465 -0.478864242233601 -1.251361200541 0.535107411865297
"475" -0.0609415357956707 0.0623387957587411 0.708085249821178 -0.773700234657777 0.754404429404027 -0.389062548263444 0.377094788957018 -0.614499094448279 0.375259643120136
"476" -0.372734712108582 2.09529537899634 -1.62584605798842 -1.42524559192179 2.01813714127727 -2.55469555901062 -4.0624672087319 2.47452535399822 -2.42592465474539
"477" 1.09859442490476 0.586495312446972 1.4228743524512 1.13512257012567 0.579739857490986 2.34833625251175 0.703449948483527 -0.390118291516938 -0.605281303427782
"478" -0.390205494894493 -0.705112601925115 -0.502964379007313 0.318880462923761 0.51762758446442 0.443171203730756 -1.37820285032141 0.498748919199175 -0.187833243973926
"479" -0.676360934488276 -2.332837023002 -0.625026329740007 0.839376954617197 -1.40212026852114 -0.462048644123973 0.398914777500582 -0.666695243035609 0.106848978152254
"480" -1.77905820256906 -1.18197373080569 -1.15842072583577 1.1305499040359 0.0592168227814711 0.920442944792036 -0.562251869301596 0.128775553587748 0.108997970622907
"481" -0.480728668763043 -0.489688473614752 0.0595113810736592 0.211170784074414 -0.486313635505882 -0.415637606544257 -1.05847013512788 -1.38518405693504 -0.153728218689464
"482" -0.283346387656713 0.596529937752101 0.750374191729798 0.461693676963973 1.3226957232758 -0.0181785977416273 1.86878084870854 0.646114840516524 -0.649375121496899
"483" 0.229442649395879 -0.155199110226707 0.206431475307859 -0.416055889789469 -0.715716650029134 0.135074967900349 1.23783181074222 0.0127620106818696 -0.969328488819181
"484" -0.561492114353567 -0.426557701775312 -0.62147119501272 0.117418009052692 -1.14826534360623 0.371175868499517 -1.86591214786186 0.302541833675221 -1.23629049210497
"485" 0.891707745550618 0.903153079534234 0.337287837249266 0.253434290661708 -0.455914785206521 -0.189223220625092 1.17551470279786 -0.660342956172956 2.55569157831429
"486" -0.801586867236561 -0.85732419726164 -0.662587758156731 -2.01010426172622 -1.37313342703873 -1.34790429169492 -0.655791275453866 -0.0241395156487155 -0.22323219717512
"487" -0.0641638939403656 -0.301767060615271 -0.702790741474775 -0.567380956034306 0.525700851501139 -0.698631536488995 -1.22182404311902 0.17497068644997 0.0879906051176567
"488" 0.380081820174175 -1.80422080305801 -0.897075770728606 -0.286303043301369 0.238281018957375 -1.08613430025455 -1.40555268899547 -1.26932890485095 0.0882071832760691
"489" -2.34690849714141 -2.54479562574751 0.244192012436709 0.225642589722377 -1.78083590864027 0.396262801478203 0.708335530039559 -1.30227668504097 -0.736185532478723
"490" 0.587817088617488 -0.599285276639215 0.895581852128241 0.503583015117848 0.534182747099032 1.51054598952601 -0.24112397756641 -0.49509789842185 -0.309199349643968
"491" -1.44781047236756 0.568161325494872 -0.405693242357533 1.99097624600663 1.04216004040157 1.62229477990453 0.301980387331268 1.46349876614569 -0.29918173000422
"492" -0.300644633344231 -1.03484032769725 0.246346921160233 1.00977391811874 1.82803534437345 1.74729959826393 1.26772945619358 0.655505888631721 0.784137632925722
"493" -2.23477830162829 -3.06348474048942 0.220349547627038 -0.61662256764072 -2.02592080492494 -1.01965277786398 1.63838479427457 -2.22535709127781 0.34007905084233
"494" -0.37037761172947 -0.311395960082814 0.108562990938097 -0.603516845818213 -0.106864754181367 0.684640665221246 -0.536283073122241 -0.632888103504861 -0.756149498458104
"495" -0.201079005657708 -0.918047601353893 0.538456261429089 -1.24689236516127 -1.16909477766877 -1.20799089602834 -1.10029534995024 -0.997198318306654 -0.655560832034604
"496" -2.08017812084385 -0.454825735258892 -1.24777602540242 -1.12314703405833 -0.636041818637117 -2.0873006406357 -1.46131416981336 -0.134200188530615 0.16601058400131
"497" -0.786241837426753 -1.09131344782293 -1.40158059278404 -0.808627347052196 -0.478927975456777 -1.1229990361148 -0.612901085278592 0.915317502132392 1.22795551456957
"498" -0.441814552503438 0.852588573459708 -1.35798705184681 0.183996121837545 0.513912621512233 0.791612112949147 -0.0781750227088574 0.85850260662687 -1.30168167469293
"499" 0.546439832368473 0.000804868238929612 -0.49044227452668 1.21459696949255 0.895210704969945 1.22401931921811 1.23530937057156 2.89078011509382 -0.595629474894594
"500" 1.47899522288757 0.770711614028153 0.0685171513854382 0.19871659370915 0.702197752840007 1.22306975134213 -2.6268517961032 -1.47478150020643 -1.7343465076131
