1001	8521.0
1002	8599.0
1003	8540.0
1004	8493.0
1005	8527.0
1006	8523.0
1007	8502.0
1008	8494.0
1009	8465.0
1010	8512.0
1011	8399.0
1012	8385.0
1013	8421.0
1014	8542.0
1015	8452.0
1016	8495.0
1017	8507.0
1018	8417.0
1019	8394.0
1020	8431.0
1021	8481.0
1022	8505.0
1023	8538.0
1024	8429.0
1025	8484.0
1026	8480.0
1027	8477.0
1028	8497.0
1029	8517.0
1030	8564.0
1031	8502.0
1032	8430.0
1033	8408.0
1034	8438.0
1035	8377.0
1036	8437.0
1037	8436.0
1038	8514.0
1039	8518.0
1040	8455.0
1041	8444.0
1042	8419.0
1043	8408.0
1044	8398.0
1045	8415.0
1046	8344.0
1047	8392.0
1048	8494.0
1049	8456.0
1050	8441.0
1051	8368.0
1052	8290.0
1053	8295.0
1054	8377.0
1055	8423.0
1056	8399.0
1057	8310.0
1058	8321.0
1059	8321.0
1060	8430.0
1061	8371.0
1062	8363.0
1063	8433.0
1064	8413.0
1065	8339.0
1066	8368.0
1067	8495.0
1068	8470.0
1069	8462.0
1070	8444.0
1071	8439.0
1072	8523.0
1073	8461.0
1074	8431.0
1075	8431.0
1076	8459.0
1077	8528.0
1078	8488.0
1079	8472.0
1080	8554.0
1081	8512.0
1082	8485.0
1083	8420.0
1084	8452.0
1085	8366.0
1086	8364.0
1087	8369.0
1088	8480.0
1089	8472.0
1090	8447.0
1091	8443.0
1092	8501.0
1093	8497.0
1094	8521.0
1095	8441.0
1096	8456.0
1097	8396.0
1098	8304.0
1099	8388.0
1100	8466.0
1101	8547.0
1102	8506.0
1103	8360.0
1104	8431.0
1105	8589.0
1106	8603.0
1107	8529.0
1108	8536.0
1109	8498.0
1110	8553.0
1111	8552.0
1112	8523.0
1113	8534.0
1114	8572.0
1115	8470.0
1116	8609.0
1117	8596.0
1118	8675.0
1119	8540.0
1120	8586.0
1121	8543.0
1122	8528.0
1123	8370.0
1124	8515.0
1125	8517.0
1126	8431.0
1127	8424.0
1128	8339.0
1129	8377.0
1130	8374.0
1131	8365.0
1132	8359.0
1133	8413.0
1134	8450.0
1135	8384.0
1136	8434.0
1137	8481.0
1138	8482.0
1139	8577.0
1140	8451.0
1141	8425.0
1142	8396.0
1143	8424.0
1144	8478.0
1145	8448.0
1146	8510.0
1147	8430.0
1148	8526.0
1149	8484.0
1150	8468.0
1151	8575.0
1152	8517.0
1153	8470.0
1154	8433.0
1155	8496.0
1156	8379.0
1157	8461.0
1158	8477.0
1159	8511.0
1160	8481.0
1161	8500.0
1162	8513.0
1163	8455.0
1164	8464.0
1165	8447.0
1166	8492.0
1167	8473.0
1168	8405.0
1169	8354.0
1170	8350.0
1171	8459.0
1172	8422.0
1173	8388.0
1174	8435.0
1175	8428.0
1176	8514.0
1177	8524.0
1178	8455.0
1179	8405.0
1180	8517.0
1181	8457.0
1182	8454.0
1183	8557.0
1184	8533.0
1185	8514.0
1186	8486.0
1187	8473.0
1188	8457.0
1189	8445.0
1190	8359.0
1191	8373.0
1192	8427.0
1193	8414.0
1194	8334.0
1195	8345.0
1196	8305.0
1197	8362.0
1198	8416.0
1199	8359.0
1200	8310.0
1201	8321.0
1202	8352.0
1203	8446.0
1204	8386.0
1205	8438.0
1206	8463.0
1207	8504.0
1208	8495.0
1209	8416.0
1210	8420.0
1211	8370.0
1212	8451.0
1213	8498.0
1214	8368.0
1215	8397.0
1216	8429.0
1217	8421.0
1218	8417.0
1219	8442.0
1220	8482.0
1221	8318.0
1222	8351.0
1223	8453.0
1224	8489.0
1225	8487.0
1226	8387.0
1227	8408.0
1228	8477.0
1229	8504.0
1230	8540.0
1231	8456.0
1232	8380.0
1233	8433.0
1234	8450.0
1235	8447.0
1236	8477.0
1237	8516.0
1238	8414.0
1239	8445.0
1240	8406.0
1241	8416.0
1242	8434.0
1243	8312.0
1244	8262.0
1245	8384.0
1246	8384.0
1247	8354.0
1248	8379.0
1249	8427.0
1250	8475.0
1251	8468.0
1252	8400.0
1253	8397.0
1254	8387.0
1255	8354.0
1256	8471.0
1257	8413.0
1258	8363.0
1259	8425.0
1260	8440.0
1261	8520.0
1262	8476.0
1263	8474.0
1264	8428.0
1265	8394.0
1266	8463.0
1267	8481.0
1268	8471.0
1269	8327.0
1270	8525.0
1271	8522.0
1272	8500.0
1273	8483.0
1274	8481.0
1275	8462.0
1276	8432.0
1277	8464.0
1278	8440.0
1279	8496.0
1280	8521.0
1281	8543.0
1282	8411.0
1283	8464.0
1284	8494.0
1285	8433.0
1286	8405.0
1287	8526.0
1288	8487.0
1289	8498.0
1290	8480.0
1291	8414.0
1292	8334.0
1293	8433.0
1294	8472.0
1295	8477.0
1296	8474.0
1297	8412.0
1298	8371.0
1299	8451.0
1300	8474.0
1301	8524.0
1302	8458.0
1303	8374.0
1304	8480.0
1305	8506.0
1306	8482.0
1307	8538.0
1308	8466.0
1309	8492.0
1310	8483.0
1311	8438.0
1312	8485.0
1313	8478.0
1314	8490.0
1315	8528.0
1316	8510.0
1317	8444.0
1318	8497.0
1319	8456.0
1320	8472.0
1321	8472.0
1322	8444.0
1323	8445.0
1324	8440.0
1325	8376.0
1326	8365.0
1327	8404.0
1328	8475.0
1329	8499.0
1330	8426.0
1331	8475.0
1332	8506.0
1333	8459.0
1334	8419.0
1335	8479.0
1336	8576.0
1337	8609.0
1338	8595.0
1339	8596.0
1340	8632.0
1341	8565.0
1342	8552.0
1343	8550.0
1344	8570.0
1345	8620.0
1346	8512.0
1347	8506.0
1348	8430.0
1349	8471.0
1350	8469.0
1351	8548.0
1352	8443.0
1353	8379.0
1354	8467.0
1355	8384.0
1356	8484.0
1357	8432.0
1358	8492.0
1359	8455.0
1360	8491.0
1361	8335.0
1362	8329.0
1363	8251.0
1364	8254.0
1365	8332.0
1366	8309.0
1367	8268.0
1368	8351.0
1369	8361.0
1370	8375.0
1371	8385.0
1372	8484.0
1373	8466.0
1374	8498.0
1375	8484.0
1376	8486.0
1377	8437.0
1378	8472.0
1379	8415.0
1380	8459.0
1381	8463.0
1382	8505.0
1383	8453.0
1384	8517.0
1385	8375.0
1386	8415.0
1387	8473.0
1388	8518.0
1389	8470.0
1390	8524.0
1391	8473.0
1392	8453.0
1393	8430.0
1394	8468.0
1395	8512.0
1396	8546.0
1397	8440.0
1398	8413.0
1399	8457.0
1400	8442.0
1401	8473.0
1402	8439.0
1403	8408.0
1404	8454.0
1405	8381.0
1406	8477.0
1407	8413.0
1408	8470.0
1409	8471.0
1410	8386.0
1411	8322.0
1412	8316.0
1413	8343.0
1414	8331.0
1415	8359.0
1416	8390.0
1417	8318.0
1418	8343.0
1419	8409.0
1420	8366.0
1421	8449.0
1422	8414.0
1423	8405.0
1424	8360.0
1425	8301.0
1426	8319.0
1427	8310.0
1428	8311.0
1429	8344.0
1430	8372.0
1431	8318.0
1432	8362.0
1433	8372.0
1434	8418.0
1435	8511.0
1436	8501.0
1437	8520.0
1438	8545.0
1439	8475.0
1440	8489.0
1441	8479.0
1442	8432.0
1443	8398.0
1444	8386.0
1445	8520.0
1446	8483.0
1447	8509.0
1448	8461.0
1449	8430.0
1450	8420.0
1451	8408.0
1452	8504.0
1453	8427.0
1454	8484.0
1455	8532.0
1456	8479.0
1457	8365.0
1458	8437.0
1459	8407.0
1460	8326.0
1461	8327.0
1462	8363.0
1463	8323.0
1464	8318.0
1465	8333.0
1466	8369.0
1467	8386.0
1468	8411.0
1469	8474.0
1470	8556.0
1471	8510.0
1472	8495.0
1473	8445.0
1474	8466.0
1475	8355.0
1476	8368.0
1477	8344.0
1478	8438.0
1479	8482.0
1480	8544.0
1481	8514.0
1482	8553.0
1483	8556.0
1484	8431.0
1485	8434.0
1486	8543.0
1487	8520.0
1488	8478.0
1489	8528.0
1490	8534.0
1491	8455.0
1492	8385.0
1493	8460.0
1494	8467.0
1495	8431.0
1496	8431.0
1497	8450.0
1498	8573.0
1499	8565.0
1500	8501.0
1501	8454.0
1502	8452.0
1503	8503.0
1504	8476.0
1505	8406.0
1506	8469.0
1507	8402.0
1508	8397.0
1509	8365.0
1510	8413.0
1511	8404.0
1512	8429.0
1513	8498.0
1514	8449.0
1515	8457.0
1516	8496.0
1517	8501.0
1518	8443.0
1519	8327.0
1520	8320.0
1521	8323.0
1522	8320.0
1523	8310.0
1524	8448.0
1525	8476.0
1526	8450.0
1527	8381.0
1528	8456.0
1529	8386.0
1530	8443.0
1531	8497.0
1532	8428.0
1533	8418.0
1534	8370.0
1535	8395.0
1536	8431.0
1537	8506.0
1538	8461.0
1539	8550.0
1540	8575.0
1541	8527.0
1542	8425.0
1543	8517.0
1544	8528.0
1545	8517.0
1546	8509.0
1547	8444.0
1548	8451.0
1549	8415.0
1550	8445.0
1551	8381.0
1552	8437.0
1553	8362.0
1554	8250.0
1555	8277.0
1556	8376.0
1557	8403.0
1558	8405.0
1559	8425.0
1560	8519.0
1561	8487.0
1562	8445.0
1563	8478.0
1564	8421.0
1565	8461.0
1566	8447.0
1567	8332.0
1568	8388.0
1569	8335.0
1570	8377.0
1571	8404.0
1572	8440.0
1573	8418.0
1574	8463.0
1575	8458.0
1576	8455.0
1577	8350.0
1578	8350.0
1579	8323.0
1580	8322.0
1581	8321.0
1582	8358.0
1583	8427.0
1584	8353.0
1585	8381.0
1586	8265.0
1587	8280.0
1588	8412.0
1589	8364.0
1590	8373.0
1591	8381.0
1592	8329.0
1593	8295.0
1594	8372.0
1595	8345.0
1596	8383.0
1597	8310.0
1598	8409.0
1599	8403.0
1600	8405.0
1601	8325.0
1602	8208.0
1603	8275.0
1604	8325.0
1605	8301.0
1606	8226.0
1607	8285.0
1608	8333.0
1609	8336.0
1610	8273.0
1611	8269.0
1612	8226.0
1613	8254.0
1614	8301.0
1615	8307.0
1616	8393.0
1617	8437.0
1618	8325.0
1619	8427.0
1620	8467.0
1621	8473.0
1622	8471.0
1623	8478.0
1624	8507.0
1625	8493.0
1626	8487.0
1627	8473.0
1628	8508.0
1629	8545.0
1630	8535.0
1631	8595.0
1632	8504.0
1633	8491.0
1634	8465.0
1635	8457.0
1636	8585.0
1637	8473.0
1638	8502.0
1639	8559.0
1640	8454.0
1641	8447.0
1642	8405.0
1643	8496.0
1644	8467.0
1645	8416.0
1646	8419.0
1647	8406.0
1648	8326.0
1649	8381.0
1650	8308.0
1651	8353.0
1652	8374.0
1653	8439.0
1654	8439.0
1655	8480.0
1656	8493.0
1657	8427.0
1658	8471.0
1659	8436.0
1660	8391.0
1661	8391.0
1662	8391.0
1663	8369.0
1664	8421.0
1665	8522.0
1666	8481.0
1667	8489.0
1668	8577.0
1669	8562.0
1670	8478.0
1671	8455.0
1672	8470.0
1673	8460.0
1674	8428.0
1675	8448.0
1676	8432.0
1677	8420.0
1678	8434.0
1679	8408.0
1680	8436.0
1681	8397.0
1682	8442.0
1683	8440.0
1684	8415.0
1685	8335.0
1686	8367.0
1687	8361.0
1688	8503.0
1689	8479.0
1690	8423.0
1691	8418.0
1692	8377.0
1693	8430.0
1694	8384.0
1695	8375.0
1696	8419.0
1697	8463.0
1698	8506.0
1699	8461.0
1700	8490.0
1701	8405.0
1702	8441.0
1703	8413.0
1704	8382.0
1705	8399.0
1706	8472.0
1707	8389.0
1708	8480.0
1709	8495.0
1710	8463.0
1711	8472.0
1712	8469.0
1713	8348.0
1714	8372.0
1715	8485.0
1716	8397.0
1717	8348.0
1718	8330.0
1719	8340.0
1720	8258.0
1721	8539.0
1722	8458.0
1723	8421.0
1724	8374.0
1725	8321.0
1726	8322.0
1727	8335.0
1728	8339.0
1729	8466.0
1730	8562.0
1731	8488.0
1732	8493.0
1733	8505.0
1734	8401.0
1735	8436.0
1736	8488.0
1737	8607.0
1738	8468.0
1739	8435.0
1740	8506.0
1741	8616.0
1742	8422.0
1743	8479.0
1744	8418.0
1745	8442.0
1746	8357.0
1747	8402.0
1748	8403.0
1749	8405.0
1750	8417.0
1751	8440.0
1752	8410.0
1753	8472.0
1754	8450.0
1755	8421.0
1756	8345.0
1757	8303.0
1758	8347.0
1759	8286.0
1760	8323.0
1761	8398.0
1762	8321.0
1763	8367.0
1764	8415.0
1765	8437.0
1766	8412.0
1767	8455.0
1768	8453.0
1769	8493.0
1770	8460.0
1771	8460.0
1772	8481.0
1773	8508.0
1774	8485.0
1775	8468.0
1776	8487.0
1777	8454.0
1778	8451.0
1779	8455.0
1780	8467.0
1781	8410.0
1782	8418.0
1783	8498.0
1784	8443.0
1785	8463.0
1786	8439.0
1787	8467.0
1788	8498.0
1789	8510.0
1790	8422.0
1791	8485.0
1792	8503.0
1793	8460.0
1794	8452.0
1795	8423.0
1796	8379.0
1797	8353.0
1798	8428.0
1799	8380.0
1800	8473.0
1801	8435.0
1802	8371.0
1803	8336.0
1804	8320.0
1805	8340.0
1806	8373.0
1807	8413.0
1808	8411.0
1809	8460.0
1810	8487.0
1811	8419.0
1812	8459.0
1813	8414.0
1814	8442.0
1815	8397.0
1816	8431.0
1817	8437.0
1818	8408.0
1819	8428.0
1820	8414.0
1821	8314.0
1822	8395.0
1823	8334.0
1824	8323.0
1825	8369.0
1826	8457.0
1827	8477.0
1828	8415.0
1829	8470.0
1830	8452.0
1831	8532.0
1832	8525.0
1833	8547.0
1834	8503.0
1835	8559.0
1836	8518.0
1837	8502.0
1838	8487.0
1839	8449.0
1840	8486.0
1841	8439.0
1842	8367.0
1843	8426.0
1844	8477.0
1845	8477.0
1846	8488.0
1847	8518.0
1848	8530.0
1849	8486.0
1850	8524.0
1851	8450.0
1852	8566.0
1853	8409.0
1854	8456.0
1855	8513.0
1856	8451.0
1857	8581.0
1858	8412.0
1859	8408.0
1860	8428.0
1861	8462.0
1862	8438.0
1863	8487.0
1864	8452.0
1865	8394.0
1866	8411.0
1867	8453.0
1868	8440.0
1869	8427.0
1870	8410.0
1871	8436.0
1872	8348.0
1873	8355.0
1874	8364.0
1875	8284.0
1876	8315.0
1877	8321.0
1878	8388.0
1879	8447.0
1880	8342.0
1881	8359.0
1882	8420.0
1883	8450.0
1884	8496.0
1885	8423.0
1886	8457.0
1887	8519.0
1888	8383.0
1889	8495.0
1890	8461.0
1891	8511.0
1892	8433.0
1893	8409.0
1894	8501.0
1895	8539.0
1896	8553.0
1897	8560.0
1898	8527.0
1899	8473.0
1900	8447.0
1901	8463.0
1902	8481.0
1903	8471.0
1904	8470.0
1905	8458.0
1906	8458.0
1907	8523.0
1908	8512.0
1909	8457.0
1910	8447.0
1911	8416.0
1912	8351.0
1913	8310.0
1914	8317.0
1915	8449.0
1916	8431.0
1917	8383.0
1918	8484.0
1919	8485.0
1920	8431.0
1921	8468.0
1922	8399.0
1923	8422.0
1924	8395.0
1925	8392.0
1926	8386.0
1927	8422.0
1928	8382.0
1929	8411.0
1930	8407.0
1931	8331.0
1932	8422.0
1933	8344.0
1934	8452.0
1935	8436.0
1936	8481.0
1937	8429.0
1938	8475.0
1939	8398.0
1940	8334.0
1941	8367.0
1942	8361.0
1943	8383.0
1944	8448.0
1945	8451.0
1946	8480.0
1947	8421.0
1948	8446.0
1949	8405.0
1950	8347.0
1951	8358.0
1952	8383.0
1953	8359.0
1954	8334.0
1955	8460.0
1956	8399.0
1957	8439.0
1958	8479.0
1959	8443.0
1960	8387.0
1961	8348.0
1962	8372.0
1963	8360.0
1964	8420.0
1965	8392.0
1966	8387.0
1967	8380.0
1968	8408.0
1969	8477.0
1970	8377.0
1971	8306.0
1972	8323.0
1973	8283.0
1974	8377.0
1975	8441.0
1976	8391.0
1977	8442.0
1978	8416.0
1979	8452.0
1980	8460.0
1981	8356.0
1982	8382.0
1983	8388.0
1984	8353.0
1985	8394.0
1986	8402.0
1987	8348.0
1988	8440.0
1989	8413.0
1990	8380.0
1991	8453.0
1992	8414.0
1993	8370.0
1994	8500.0
1995	8449.0
1996	8523.0
1997	8451.0
1998	8444.0
1999	8579.0
2000	8591.0
2001	8463.0
2002	8454.0
2003	8514.0
2004	8488.0
2005	8469.0
2006	8413.0
2007	8499.0
2008	8519.0
2009	8474.0
2010	8514.0
2011	8466.0
2012	8508.0
2013	8496.0
2014	8451.0
2015	8418.0
2016	8470.0
2017	8492.0
2018	8424.0
2019	8485.0
2020	8534.0
2021	8524.0
2022	8537.0
2023	8414.0
2024	8454.0
2025	8444.0
2026	8453.0
2027	8390.0
2028	8406.0
2029	8475.0
2030	8388.0
2031	8324.0
2032	8226.0
2033	8315.0
2034	8465.0
2035	8433.0
2036	8437.0
2037	8435.0
2038	8382.0
2039	8400.0
2040	8487.0
2041	8445.0
2042	8380.0
2043	8366.0
2044	8326.0
2045	8326.0
2046	8363.0
2047	8373.0
2048	8373.0
2049	8474.0
2050	8440.0
2051	8457.0
2052	8476.0
2053	8432.0
2054	8408.0
2055	8328.0
2056	8316.0
2057	8339.0
2058	8364.0
2059	8339.0
2060	8373.0
2061	8360.0
2062	8344.0
2063	8300.0
2064	8357.0
2065	8475.0
2066	8425.0
2067	8486.0
2068	8444.0
2069	8492.0
2070	8492.0
2071	8436.0
2072	8428.0
2073	8308.0
2074	8393.0
2075	8399.0
2076	8306.0
2077	8424.0
2078	8454.0
2079	8375.0
2080	8379.0
2081	8344.0
2082	8335.0
2083	8394.0
2084	8416.0
2085	8449.0
2086	8474.0
2087	8426.0
2088	8405.0
2089	8451.0
2090	8546.0
2091	8522.0
2092	8434.0
2093	8467.0
2094	8537.0
2095	8466.0
2096	8424.0
2097	8454.0
2098	8427.0
2099	8515.0
2100	8524.0
2101	8502.0
2102	8520.0
2103	8571.0
2104	8569.0
2105	8533.0
2106	8666.0
2107	8659.0
2108	8570.0
2109	8504.0
2110	8450.0
2111	8463.0
2112	8516.0
2113	8495.0
2114	8498.0
2115	8482.0
2116	8518.0
2117	8540.0
2118	8558.0
2119	8683.0
2120	8590.0
2121	8519.0
2122	8552.0
2123	8508.0
2124	8460.0
2125	8442.0
2126	8501.0
2127	8371.0
2128	8396.0
2129	8493.0
2130	8495.0
2131	8484.0
2132	8618.0
2133	8555.0
2134	8515.0
2135	8629.0
2136	8725.0
2137	8643.0
2138	8519.0
2139	8498.0
2140	8504.0
2141	8510.0
2142	8535.0
2143	8526.0
2144	8411.0
2145	8474.0
2146	8439.0
2147	8464.0
2148	8522.0
2149	8535.0
2150	8457.0
2151	8350.0
2152	8344.0
2153	8327.0
2154	8357.0
2155	8373.0
2156	8330.0
2157	8402.0
2158	8329.0
2159	8391.0
2160	8413.0
2161	8480.0
2162	8530.0
2163	8539.0
2164	8430.0
2165	8442.0
2166	8461.0
2167	8345.0
2168	8323.0
2169	8440.0
2170	8325.0
2171	8340.0
2172	8264.0
2173	8298.0
2174	8294.0
2175	8255.0
2176	8372.0
2177	8342.0
2178	8465.0
2179	8436.0
2180	8483.0
2181	8577.0
2182	8639.0
2183	8561.0
2184	8595.0
2185	8556.0
2186	8529.0
2187	8422.0
2188	8325.0
2189	8364.0
2190	8423.0
2191	8425.0
2192	8388.0
2193	8398.0
2194	8453.0
2195	8428.0
2196	8460.0
2197	8478.0
2198	8509.0
2199	8519.0
2200	8503.0
2201	8574.0
2202	8524.0
2203	8489.0
2204	8448.0
2205	8476.0
2206	8414.0
2207	8482.0
2208	8410.0
2209	8514.0
2210	8517.0
2211	8593.0
2212	8645.0
2213	8603.0
2214	8534.0
2215	8560.0
2216	8465.0
2217	8357.0
2218	8433.0
2219	8453.0
2220	8457.0
2221	8372.0
2222	8478.0
2223	8480.0
2224	8454.0
2225	8472.0
2226	8471.0
2227	8525.0
2228	8475.0
2229	8467.0
2230	8501.0
2231	8413.0
2232	8343.0
2233	8384.0
2234	8436.0
2235	8456.0
2236	8469.0
2237	8607.0
2238	8571.0
2239	8608.0
2240	8477.0
2241	8521.0
2242	8500.0
2243	8520.0
2244	8505.0
2245	8461.0
2246	8463.0
2247	8527.0
2248	8533.0
2249	8564.0
2250	8527.0
2251	8502.0
2252	8573.0
2253	8545.0
2254	8467.0
2255	8397.0
2256	8428.0
2257	8422.0
2258	8427.0
2259	8372.0
2260	8397.0
2261	8388.0
2262	8404.0
2263	8342.0
2264	8425.0
2265	8500.0
2266	8503.0
2267	8487.0
2268	8430.0
2269	8467.0
2270	8493.0
2271	8377.0
2272	8362.0
2273	8345.0
2274	8384.0
2275	8440.0
2276	8421.0
2277	8474.0
2278	8379.0
2279	8343.0
2280	8355.0
2281	8398.0
2282	8486.0
2283	8422.0
2284	8334.0
2285	8411.0
2286	8439.0
2287	8384.0
2288	8380.0
2289	8270.0
2290	8323.0
2291	8429.0
2292	8421.0
2293	8418.0
2294	8439.0
2295	8399.0
2296	8387.0
2297	8438.0
2298	8504.0
2299	8500.0
2300	8468.0
2301	8545.0
2302	8525.0
2303	8439.0
2304	8435.0
2305	8485.0
2306	8428.0
2307	8427.0
2308	8400.0
2309	8375.0
2310	8412.0
2311	8291.0
2312	8288.0
2313	8299.0
2314	8352.0
2315	8487.0
2316	8447.0
2317	8388.0
2318	8460.0
2319	8431.0
2320	8420.0
2321	8431.0
2322	8513.0
2323	8500.0
2324	8453.0
2325	8443.0
2326	8388.0
2327	8341.0
2328	8401.0
2329	8395.0
2330	8403.0
2331	8426.0
2332	8479.0
2333	8441.0
2334	8470.0
2335	8402.0
2336	8388.0
2337	8388.0
2338	8451.0
2339	8443.0
2340	8448.0
2341	8470.0
2342	8484.0
2343	8541.0
2344	8525.0
2345	8578.0
2346	8542.0
2347	8477.0
2348	8423.0
2349	8454.0
2350	8418.0
2351	8385.0
2352	8367.0
2353	8328.0
2354	8349.0
2355	8331.0
2356	8446.0
2357	8393.0
2358	8468.0
2359	8410.0
2360	8388.0
2361	8433.0
2362	8561.0
2363	8518.0
2364	8429.0
2365	8400.0
2366	8369.0
2367	8425.0
2368	8316.0
2369	8311.0
2370	8360.0
2371	8397.0
2372	8353.0
2373	8475.0
2374	8480.0
2375	8456.0
2376	8431.0
2377	8423.0
2378	8410.0
2379	8404.0
2380	8337.0
2381	8362.0
2382	8518.0
2383	8509.0
2384	8447.0
2385	8357.0
2386	8434.0
2387	8475.0
2388	8494.0
2389	8459.0
2390	8360.0
2391	8341.0
2392	8321.0
2393	8385.0
2394	8379.0
2395	8401.0
2396	8347.0
2397	8407.0
2398	8445.0
2399	8468.0
2400	8441.0
2401	8456.0
2402	8426.0
2403	8394.0
2404	8514.0
2405	8401.0
2406	8327.0
2407	8385.0
2408	8466.0
2409	8525.0
2410	8531.0
2411	8509.0
2412	8463.0
2413	8494.0
2414	8436.0
2415	8395.0
2416	8365.0
2417	8442.0
2418	8442.0
2419	8443.0
2420	8520.0
2421	8529.0
2422	8502.0
2423	8566.0
2424	8551.0
2425	8446.0
2426	8468.0
2427	8444.0
2428	8587.0
2429	8499.0
2430	8509.0
2431	8359.0
2432	8319.0
2433	8277.0
2434	8302.0
2435	8283.0
2436	8229.0
2437	8280.0
2438	8237.0
2439	8238.0
2440	8321.0
2441	8354.0
2442	8397.0
2443	8347.0
2444	8416.0
2445	8448.0
2446	8476.0
2447	8458.0
2448	8478.0
2449	8454.0
2450	8484.0
2451	8457.0
2452	8491.0
2453	8479.0
2454	8499.0
2455	8431.0
2456	8478.0
2457	8451.0
2458	8433.0
2459	8434.0
2460	8448.0
2461	8472.0
2462	8405.0
2463	8369.0
2464	8449.0
2465	8371.0
2466	8325.0
2467	8398.0
2468	8407.0
2469	8414.0
2470	8467.0
2471	8313.0
2472	8470.0
2473	8431.0
2474	8468.0
2475	8511.0
2476	8499.0
2477	8387.0
2478	8399.0
2479	8423.0
2480	8468.0
2481	8427.0
2482	8448.0
2483	8428.0
2484	8317.0
2485	8431.0
2486	8424.0
2487	8370.0
2488	8359.0
2489	8352.0
2490	8431.0
2491	8441.0
2492	8452.0
2493	8484.0
2494	8455.0
2495	8447.0
2496	8436.0
2497	8392.0
2498	8297.0
2499	8345.0
2500	8445.0
2501	8370.0
2502	8419.0
2503	8297.0
2504	8399.0
2505	8465.0
2506	8378.0
2507	8423.0
2508	8382.0
2509	8376.0
2510	8298.0
2511	8308.0
2512	8282.0
2513	8329.0
2514	8367.0
2515	8289.0
2516	8278.0
2517	8360.0
2518	8464.0
2519	8428.0
2520	8463.0
2521	8410.0
2522	8408.0
2523	8399.0
2524	8442.0
2525	8430.0
2526	8451.0
2527	8435.0
2528	8499.0
2529	8492.0
2530	8345.0
2531	8353.0
2532	8419.0
2533	8433.0
2534	8438.0
2535	8471.0
2536	8451.0
2537	8365.0
2538	8394.0
2539	8335.0
2540	8440.0
2541	8448.0
2542	8432.0
2543	8462.0
2544	8436.0
2545	8328.0
2546	8378.0
2547	8483.0
2548	8486.0
2549	8497.0
2550	8454.0
2551	8418.0
2552	8467.0
2553	8470.0
2554	8419.0
2555	8441.0
2556	8399.0
2557	8458.0
2558	8507.0
2559	8547.0
2560	8595.0
2561	8486.0
2562	8427.0
2563	8404.0
2564	8396.0
2565	8374.0
2566	8394.0
2567	8426.0
2568	8477.0
2569	8481.0
2570	8484.0
2571	8551.0
2572	8491.0
2573	8456.0
2574	8476.0
2575	8467.0
2576	8457.0
2577	8534.0
2578	8510.0
2579	8465.0
2580	8489.0
2581	8468.0
2582	8424.0
2583	8432.0
2584	8397.0
2585	8418.0
2586	8402.0
2587	8289.0
2588	8410.0
2589	8409.0
2590	8490.0
2591	8437.0
2592	8413.0
2593	8328.0
2594	8322.0
2595	8360.0
2596	8345.0
2597	8359.0
2598	8415.0
2599	8341.0
2600	8438.0
2601	8443.0
2602	8465.0
2603	8491.0
2604	8429.0
2605	8430.0
2606	8403.0
2607	8341.0
2608	8398.0
2609	8480.0
2610	8510.0
2611	8437.0
2612	8506.0
2613	8458.0
2614	8432.0
2615	8557.0
2616	8543.0
2617	8417.0
2618	8370.0
2619	8399.0
2620	8348.0
2621	8448.0
2622	8523.0
2623	8492.0
2624	8460.0
2625	8438.0
2626	8498.0
2627	8523.0
2628	8519.0
2629	8409.0
2630	8453.0
2631	8506.0
2632	8462.0
2633	8376.0
2634	8339.0
2635	8431.0
2636	8360.0
2637	8399.0
2638	8374.0
2639	8403.0
2640	8406.0
2641	8377.0
2642	8370.0
2643	8394.0
2644	8499.0
2645	8517.0
2646	8450.0
2647	8447.0
2648	8445.0
2649	8368.0
2650	8357.0
2651	8472.0
2652	8514.0
2653	8514.0
2654	8467.0
2655	8479.0
2656	8458.0
2657	8473.0
2658	8564.0
2659	8479.0
2660	8394.0
2661	8433.0
2662	8415.0
2663	8396.0
2664	8376.0
2665	8408.0
2666	8452.0
2667	8416.0
2668	8447.0
2669	8319.0
2670	8338.0
2671	8397.0
2672	8367.0
2673	8385.0
2674	8500.0
2675	8479.0
2676	8506.0
2677	8451.0
2678	8390.0
2679	8305.0
2680	8352.0
2681	8429.0
2682	8389.0
2683	8434.0
2684	8413.0
2685	8445.0
2686	8492.0
2687	8527.0
2688	8520.0
2689	8514.0
2690	8623.0
2691	8557.0
2692	8540.0
2693	8440.0
2694	8350.0
2695	8387.0
2696	8359.0
2697	8458.0
2698	8487.0
2699	8486.0
2700	8509.0
2701	8481.0
2702	8428.0
2703	8399.0
2704	8363.0
2705	8376.0
2706	8410.0
2707	8375.0
2708	8429.0
2709	8455.0
2710	8447.0
2711	8490.0
2712	8592.0
2713	8501.0
2714	8534.0
2715	8538.0
2716	8474.0
2717	8455.0
2718	8528.0
2719	8501.0
2720	8447.0
2721	8443.0
2722	8376.0
2723	8395.0
2724	8457.0
2725	8480.0
2726	8437.0
2727	8470.0
2728	8436.0
2729	8443.0
2730	8430.0
2731	8448.0
2732	8473.0
2733	8421.0
2734	8484.0
2735	8494.0
2736	8519.0
2737	8390.0
2738	8476.0
2739	8381.0
2740	8463.0
2741	8449.0
2742	8488.0
2743	8438.0
2744	8460.0
2745	8442.0
2746	8423.0
2747	8500.0
2748	8446.0
2749	8389.0
2750	8454.0
2751	8433.0
2752	8372.0
2753	8325.0
2754	8319.0
2755	8356.0
2756	8356.0
2757	8325.0
2758	8369.0
2759	8382.0
2760	8358.0
2761	8345.0
2762	8377.0
2763	8374.0
2764	8370.0
2765	8427.0
2766	8468.0
2767	8518.0
2768	8424.0
2769	8463.0
2770	8506.0
2771	8474.0
2772	8459.0
2773	8487.0
2774	8457.0
2775	8493.0
2776	8504.0
2777	8501.0
2778	8536.0
2779	8556.0
2780	8524.0
2781	8437.0
2782	8568.0
2783	8638.0
2784	8516.0
2785	8401.0
2786	8350.0
2787	8366.0
2788	8409.0
2789	8424.0
2790	8478.0
2791	8495.0
2792	8352.0
2793	8468.0
2794	8427.0
2795	8400.0
2796	8426.0
2797	8472.0
2798	8453.0
2799	8482.0
2800	8427.0
2801	8491.0
2802	8570.0
2803	8476.0
2804	8504.0
2805	8490.0
2806	8570.0
2807	8510.0
2808	8485.0
2809	8483.0
2810	8457.0
2811	8604.0
2812	8548.0
2813	8427.0
2814	8434.0
2815	8452.0
2816	8418.0
2817	8474.0
2818	8452.0
2819	8431.0
2820	8386.0
2821	8360.0
2822	8480.0
2823	8577.0
2824	8493.0
2825	8466.0
2826	8473.0
2827	8529.0
2828	8470.0
2829	8535.0
2830	8476.0
2831	8412.0
2832	8362.0
2833	8372.0
2834	8363.0
2835	8333.0
2836	8317.0
2837	8320.0
2838	8448.0
2839	8421.0
2840	8500.0
2841	8543.0
2842	8540.0
2843	8462.0
2844	8461.0
2845	8426.0
2846	8393.0
2847	8368.0
2848	8486.0
2849	8432.0
2850	8339.0
2851	8424.0
2852	8435.0
2853	8451.0
2854	8387.0
2855	8428.0
2856	8452.0
2857	8394.0
2858	8424.0
2859	8417.0
2860	8351.0
2861	8362.0
2862	8392.0
2863	8423.0
2864	8367.0
2865	8405.0
2866	8357.0
2867	8275.0
2868	8244.0
2869	8330.0
2870	8311.0
2871	8303.0
2872	8324.0
2873	8307.0
2874	8344.0
2875	8441.0
2876	8443.0
2877	8438.0
2878	8518.0
2879	8463.0
2880	8474.0
2881	8486.0
2882	8494.0
2883	8489.0
2884	8441.0
2885	8473.0
2886	8500.0
2887	8504.0
2888	8427.0
2889	8331.0
2890	8415.0
2891	8450.0
2892	8442.0
2893	8364.0
2894	8339.0
2895	8348.0
2896	8351.0
2897	8359.0
2898	8359.0
2899	8440.0
2900	8468.0
2901	8456.0
2902	8490.0
2903	8428.0
2904	8512.0
2905	8647.0
2906	8685.0
2907	8633.0
2908	8534.0
2909	8506.0
2910	8448.0
2911	8436.0
2912	8474.0
2913	8455.0
2914	8423.0
2915	8422.0
2916	8396.0
2917	8336.0
2918	8389.0
2919	8325.0
2920	8339.0
2921	8457.0
2922	8455.0
2923	8517.0
2924	8445.0
2925	8497.0
2926	8359.0
2927	8372.0
2928	8396.0
2929	8398.0
2930	8366.0
2931	8405.0
2932	8412.0
2933	8426.0
2934	8421.0
2935	8415.0
2936	8434.0
2937	8366.0
2938	8461.0
2939	8412.0
2940	8411.0
2941	8400.0
2942	8475.0
2943	8443.0
2944	8451.0
2945	8383.0
2946	8316.0
2947	8455.0
2948	8405.0
2949	8377.0
2950	8464.0
2951	8457.0
2952	8479.0
2953	8509.0
2954	8472.0
2955	8419.0
2956	8482.0
2957	8470.0
2958	8336.0
2959	8348.0
2960	8429.0
2961	8407.0
2962	8420.0
2963	8457.0
2964	8432.0
2965	8415.0
2966	8317.0
2967	8419.0
2968	8378.0
2969	8423.0
2970	8387.0
2971	8408.0
2972	8515.0
2973	8383.0
2974	8363.0
2975	8307.0
2976	8446.0
2977	8514.0
2978	8525.0
2979	8591.0
2980	8589.0
2981	8572.0
2982	8500.0
2983	8426.0
2984	8447.0
2985	8564.0
2986	8512.0
2987	8537.0
2988	8487.0
2989	8384.0
2990	8439.0
2991	8380.0
2992	8431.0
2993	8362.0
2994	8450.0
2995	8367.0
2996	8380.0
2997	8299.0
2998	8412.0
2999	8450.0
3000	8479.0
1001	13.4
1002	-8.829
1003	-4.721
1004	4.949
1005	-1.001
1006	1.813
1007	8.54
1008	0.4742
1009	5.906
1010	-2.237
1011	4.253
1012	-10.36
1013	-12.44
1014	0.9572
1015	-0.3013
1016	-9.594
1017	5.357
1018	-5.056
1019	9.676
1020	0.4679
1021	2.344
1022	1.476
1023	1.264
1024	-6.29
1025	2.743
1026	-0.2514
1027	-0.4908
1028	-0.4997
1029	-0.4293
1030	-0.0924
1031	-1.538
1032	1.076
1033	-0.6615
1034	-1.543
1035	-4.826
1036	-0.1828
1037	-5.228
1038	-0.1665
1039	-0.848
1040	0.004056
1041	-1.261
1042	0.02977
1043	-1.03
1044	-0.836
1045	-0.03394
1046	-1.879
1047	-1.486
1048	-3.19
1049	2.21
1050	-2.03
1051	0.2361
1052	0.8484
1053	1.403
1054	3.103
1055	-3.452
1056	-0.8663
1057	-8.722
1058	7.08
1059	-12.9
1060	0.4819
1061	-0.1311
1062	0.5195
1063	0.7177
1064	-1.458
1065	3.542
1066	1.219
1067	0.2073
1068	0.2391
1069	-0.4327
1070	-1.95
1071	-1.654
1072	0.4996
1073	-1.591
1074	5.501
1075	2.704
1076	3.108
1077	1.385
1078	3.395
1079	-1.016
1080	5.8
1081	-3.981
1082	2.477
1083	-0.5463
1084	0.8658
1085	-0.9117
1086	2.524
1087	1.534
1088	3.985
1089	-5.421
1090	2.406
1091	-3.495
1092	-0.01266
1093	-0.69
1094	-0.7501
1095	4.561
1096	-9.844
1097	-6.919
1098	5.207
1099	-1.95
1100	-6.753
1101	-8.18
1102	5.531
1103	-4.539
1104	2.088
1105	3.92
1106	-6.149
1107	-17.45
1108	-0.8172
1109	5.309
1110	-6.017
1111	-5.403
1112	7.178
1113	-6.479
1114	-10.54
1115	-0.4137
1116	0.8641
1117	0.8328
1118	-4.163
1119	1.003
1120	-0.7344
1121	3.008
1122	-2.747
1123	2.167
1124	2.294
1125	-2.657
1126	0.9923
1127	0.4188
1128	1.113
1129	1.233
1130	4.767
1131	1.423
1132	-4.809
1133	-10.6
1134	1.456
1135	3.67
1136	1.965
1137	1.488
1138	2.6
1139	0.901
1140	-4.638
1141	-2.319
1142	1.172
1143	-4.612
1144	0.2941
1145	-0.5565
1146	1.591
1147	2.936
1148	1.238
1149	-1.75
1150	0.4581
1151	-6.032
1152	-0.6612
1153	-0.4039
1154	-2.892
1155	1.156
1156	-5.543
1157	-0.2355
1158	0.08736
1159	-2.203
1160	-0.4649
1161	-0.01321
1162	-2.943
1163	-4.026
1164	-1.069
1165	0.1019
1166	1.111
1167	1.662
1168	-1.303
1169	0.6364
1170	0.3
1171	-1.416
1172	0.5028
1173	-0.7254
1174	-0.4846
1175	1.09
1176	-11.3
1177	-12.61
1178	-6.639
1179	-0.5458
1180	0.4015
1181	0.09738
1182	-0.9635
1183	1.986
1184	-3.46
1185	-3.233
1186	-6.873
1187	-4.851
1188	-6.658
1189	0.8091
1190	-0.5312
1191	-0.04754
1192	-3.015
1193	-0.8775
1194	-0.9025
1195	-1.8
1196	0.08027
1197	-3.708
1198	0.06079
1199	-1.048
1200	0.01856
1201	0.2829
1202	-0.4814
1203	-1.237
1204	-0.2437
1205	-1.232
1206	0.6654
1207	-1.415
1208	0.2041
1209	-0.3495
1210	-0.334
1211	-0.9297
1212	-2.178
1213	-1.89
1214	-1.475
1215	-1.495
1216	1.435
1217	-9.694
1218	1.258
1219	0.1658
1220	1.416
1221	0.5679
1222	-2.508
1223	0.08052
1224	-0.08999
1225	0.398
1226	-0.07449
1227	-0.03816
1228	-0.7689
1229	-1.173
1230	1.062
1231	0.02162
1232	-4.489
1233	-1.041
1234	4.126
1235	0.4278
1236	3.48
1237	-15.64
1238	2.912
1239	-2.471
1240	-0.4763
1241	1.965
1242	-0.4874
1243	-0.1135
1244	-1.723
1245	-0.2759
1246	0.04527
1247	2.361
1248	-0.449
1249	-3.005
1250	0.1055
1251	-0.6153
1252	0.6318
1253	0.03168
1254	1.006
1255	-5.952
1256	-0.5181
1257	1.087
1258	0.3941
1259	0.5457
1260	4.521
1261	-9.004
1262	-3.01
1263	8.269
1264	-8.206
1265	2.615
1266	5.282
1267	-5.147
1268	-9.271
1269	-4.372
1270	-4.642
1271	-9.62
1272	-7.103
1273	-8.755
1274	-9.275
1275	-0.4531
1276	-3.379
1277	-10.57
1278	-0.9392
1279	-15.23
1280	2.777
1281	-3.04
1282	2.602
1283	-14.05
1284	-4.402
1285	1.487
1286	-1.094
1287	-1.871
1288	1.255
1289	0.3185
1290	4.334
1291	-3.493
1292	0.1816
1293	3.641
1294	1.377
1295	0.7351
1296	-2.001
1297	3.934
1298	0.01162
1299	0.4778
1300	-0.299
1301	-2.431
1302	-0.284
1303	-7.826
1304	-9.868
1305	-0.598
1306	-5.635
1307	1.583
1308	-0.764
1309	1.164
1310	-0.2662
1311	3.753
1312	-5.881
1313	2.577
1314	3.289
1315	-5.437
1316	-1.328
1317	-7.238
1318	-1.059
1319	-0.5145
1320	-3.828
1321	2.011
1322	2.738
1323	-2.331
1324	0.7686
1325	-1.552
1326	-0.9554
1327	-1.953
1328	-0.4861
1329	-2.262
1330	0.01286
1331	-0.03699
1332	-0.9891
1333	1.459
1334	1.34
1335	-3.509
1336	-0.8752
1337	0.7573
1338	-3.251
1339	-0.1087
1340	-1.575
1341	-0.1704
1342	0.5169
1343	2.969
1344	2.023
1345	-1.531
1346	-6.223
1347	-7.936
1348	-7.691
1349	-2.698
1350	-1.835
1351	-2.235
1352	0.4885
1353	-14.09
1354	0.2206
1355	0.9774
1356	-3.959
1357	0.008256
1358	-0.2996
1359	0.01095
1360	0.001107
1361	0.6862
1362	1.49
1363	0.1426
1364	0.7266
1365	0.05756
1366	-0.3666
1367	0.4418
1368	-0.3216
1369	0.6865
1370	-8.329
1371	1.955
1372	-5.18
1373	-1.053
1374	2.02
1375	3.277
1376	-0.138
1377	3.576
1378	-2.243
1379	0.4539
1380	1.788
1381	-0.09221
1382	-7.021
1383	-0.1006
1384	0.4534
1385	-2.648
1386	-1.194
1387	-0.4617
1388	-3.559
1389	0.08827
1390	-2.952
1391	-1.109
1392	1.57
1393	-1.534
1394	0.1261
1395	0.1488
1396	0.1406
1397	-0.2227
1398	-1.116
1399	-0.4342
1400	0.4155
1401	-2.714
1402	3.43
1403	2.368
1404	2.48
1405	-5.389
1406	-8.988
1407	-23.77
1408	-5.705
1409	-7.247
1410	1.542
1411	2.341
1412	-0.1991
1413	-10.01
1414	-2.166
1415	-2.008
1416	1.272
1417	4.87
1418	3.437
1419	-7.371
1420	-3.248
1421	-1.142
1422	2.706
1423	-1.43
1424	3.805
1425	-1.458
1426	-4.55
1427	-0.1912
1428	-4.097
1429	-0.08194
1430	1.254
1431	-2.788
1432	-2.86
1433	-1.702
1434	-1.038
1435	-1.749
1436	-0.5505
1437	-1.2
1438	0.03747
1439	-3.082
1440	-0.242
1441	-1.121
1442	0.01243
1443	-1.655
1444	0.2372
1445	-0.04862
1446	-0.926
1447	-0.192
1448	-7.36
1449	-1.561
1450	-0.5659
1451	-0.4915
1452	-0.2707
1453	1.167
1454	-0.3295
1455	-3.627
1456	-2.364
1457	0.7185
1458	-0.2234
1459	-0.2914
1460	0.3672
1461	0.363
1462	0.08151
1463	-3.312
1464	-1.479
1465	-0.8924
1466	0.4876
1467	0.4538
1468	0.7781
1469	0.1071
1470	-0.1032
1471	0.1413
1472	-0.9466
1473	-2.891
1474	1.072
1475	0.8037
1476	-1.29
1477	-7.742
1478	0.2614
1479	-0.009183
1480	0.002868
1481	1.499
1482	0.8084
1483	-0.9963
1484	-2.39
1485	1.039
1486	0.7297
1487	0.09073
1488	-0.3055
1489	0.9493
1490	1.961
1491	-4.142
1492	-2.762
1493	-9.915
1494	4.585
1495	5.346
1496	-8.151
1497	-9.19
1498	-3.57
1499	-5.58
1500	1.439
1501	3.741
1502	1.443
1503	-0.3577
1504	1.583
1505	-5.794
1506	-2.457
1507	-3.682
1508	0.7107
1509	0.577
1510	0.7795
1511	0.7958
1512	0.5516
1513	-1.099
1514	-0.4943
1515	1.273
1516	-0.5801
1517	0.1602
1518	-0.1731
1519	-0.06263
1520	-3.246
1521	1.318
1522	-0.7238
1523	0.2062
1524	-0.08786
1525	-1.94
1526	-0.1536
1527	-0.3097
1528	-0.07933
1529	-0.148
1530	0.01939
1531	-1.536
1532	0.3369
1533	0.234
1534	0.202
1535	0.7046
1536	1.994
1537	-0.1618
1538	-3.394
1539	-6.323
1540	-2.105
1541	1.711
1542	-7.037
1543	1.486
1544	2.618
1545	-11.21
1546	9.184
1547	1.034
1548	-5.622
1549	-5.269
1550	0.891
1551	4.879
1552	3.69
1553	0.5875
1554	-3.563
1555	-0.2552
1556	-0.8666
1557	0.4598
1558	0.09859
1559	1.667
1560	-3.984
1561	-2.566
1562	0.05081
1563	-0.2027
1564	0.2673
1565	1.993
1566	0.1319
1567	0.6026
1568	-5.679
1569	0.7422
1570	-0.2031
1571	0.05178
1572	0.5213
1573	-0.8114
1574	0.05012
1575	0.7037
1576	-3.082
1577	-0.6215
1578	-0.1058
1579	-0.4081
1580	0.1793
1581	-0.01766
1582	0.2708
1583	0.3538
1584	0.8303
1585	0.4464
1586	-0.2517
1587	0.2883
1588	0.9747
1589	-0.5109
1590	2.304
1591	1.301
1592	-0.2373
1593	-0.1542
1594	0.1592
1595	-2.39
1596	-1.742
1597	-4.577
1598	2.162
1599	0.3323
1600	-0.2151
1601	-0.08203
1602	-0.9651
1603	0.1018
1604	2.431
1605	-3.491
1606	-1.706
1607	0.8491
1608	-2.48
1609	-1.561
1610	0.7202
1611	3.16
1612	-4.619
1613	-12.51
1614	-7.187
1615	1.626
1616	-0.7039
1617	0.4976
1618	0.08937
1619	1.8
1620	0.5393
1621	-6.488
1622	-0.1954
1623	-6.185
1624	0.7061
1625	0.09653
1626	-5.834
1627	-3.713
1628	0.8342
1629	-1.524
1630	-5.454
1631	2.617
1632	-2.615
1633	-2.688
1634	-2.469
1635	-6.846
1636	-2.721
1637	-1.673
1638	2.561
1639	-4.273
1640	0.7706
1641	0.5634
1642	-0.5499
1643	0.4096
1644	0.06445
1645	-1.483
1646	-0.6586
1647	0.08572
1648	0.2605
1649	-3.585
1650	-1.437
1651	1.65
1652	1.006
1653	0.9813
1654	1.219
1655	0.133
1656	5.457
1657	-0.4789
1658	-4.832
1659	-0.5946
1660	-3.337
1661	1.664
1662	1.618
1663	-5.793
1664	-1.203
1665	-0.663
1666	-1.934
1667	-0.4702
1668	-2.036
1669	-1.92
1670	-10.97
1671	-0.1194
1672	1.576
1673	1.116
1674	-5.647
1675	-3.562
1676	-0.7823
1677	-0.6333
1678	2.549
1679	-0.7498
1680	-7.737
1681	2.734
1682	1.576
1683	0.09535
1684	-0.7761
1685	0.2
1686	-1.497
1687	-0.2229
1688	-0.07483
1689	-0.4504
1690	0.6277
1691	-4.523E-4
1692	1.902
1693	-0.5932
1694	-3.072
1695	-0.05404
1696	0.4558
1697	0.06849
1698	0.2439
1699	0.4044
1700	0.4123
1701	-0.1625
1702	0.01718
1703	-0.09948
1704	-0.06648
1705	-3.377
1706	0.4657
1707	0.2794
1708	-0.1288
1709	-9.578E-4
1710	-0.5319
1711	0.817
1712	0.4557
1713	-1.977
1714	0.05282
1715	-0.1798
1716	-2.339
1717	-1.855
1718	-1.351
1719	-0.4553
1720	-4.25
1721	-1.519
1722	-2.667
1723	-0.5554
1724	0.5534
1725	-1.19
1726	-3.284
1727	0.384
1728	-0.4655
1729	0.3426
1730	-0.7749
1731	-7.844
1732	-3.293
1733	-8.415
1734	-0.4348
1735	-0.3131
1736	0.4995
1737	0.63
1738	2.227
1739	-2.174
1740	-7.495
1741	-4.943
1742	0.9696
1743	1.779
1744	4.553
1745	2.58
1746	2.979
1747	-2.445
1748	-0.6023
1749	1.132
1750	-5.847
1751	-0.1454
1752	-8.958
1753	-6.427
1754	0.2974
1755	0.6236
1756	0.101
1757	2.83
1758	-4.865
1759	1.094
1760	1.219
1761	-0.5067
1762	4.025
1763	-7.423
1764	-0.309
1765	1.167
1766	0.9151
1767	-1.272
1768	0.1864
1769	-4.878
1770	2.007
1771	0.9372
1772	-0.652
1773	1.664
1774	-0.6849
1775	0.9579
1776	-6.574
1777	0.3404
1778	-0.7411
1779	3.909
1780	0.3945
1781	4.43
1782	-1.33
1783	3.038
1784	-5.913
1785	5.596
1786	-3.818
1787	-5.432
1788	-3.107
1789	-15.91
1790	-4.374
1791	0.5944
1792	-2.902
1793	-0.4414
1794	-3.217
1795	0.1584
1796	0.02725
1797	-1.435
1798	0.05213
1799	0.1446
1800	-0.0682
1801	-6.868
1802	1.995
1803	-1.623
1804	0.9308
1805	-7.033
1806	-4.974
1807	0.2277
1808	2.367
1809	1.1
1810	0.7409
1811	-3.622
1812	3.982
1813	-16.49
1814	-3.805
1815	-8.122
1816	-8.595
1817	0.8151
1818	7.056
1819	5.759
1820	-6.003
1821	-11.58
1822	2.198
1823	-0.866
1824	-2.349
1825	3.522
1826	-2.691
1827	-1.474
1828	-23.01
1829	10.73
1830	3.081
1831	-0.4877
1832	-9.462
1833	5.536
1834	-10.85
1835	-4.061
1836	1.162
1837	-6.695
1838	5.454
1839	-12.58
1840	-9.098
1841	3.518
1842	-5.257
1843	4.22
1844	-2.991
1845	-1.926
1846	-2.78
1847	3.701
1848	1.65
1849	-1.794
1850	1.033
1851	-1.168
1852	-0.6863
1853	-4.674
1854	2.538
1855	4.226
1856	-3.586
1857	-3.131
1858	-4.558
1859	-8.318
1860	-2.124
1861	-9.015
1862	0.9764
1863	-1.091
1864	1.582
1865	-4.31
1866	0.6453
1867	1.621
1868	-1.031
1869	0.6983
1870	3.072
1871	-1.59
1872	0.3586
1873	-9.525
1874	1.748
1875	-2.825
1876	0.9359
1877	-6.082
1878	-12.97
1879	4.383
1880	-4.989
1881	-12.07
1882	-7.864
1883	-0.7855
1884	0.05242
1885	-1.373
1886	3.842
1887	-11.19
1888	5.881
1889	-8.316
1890	-2.441
1891	3.474
1892	0.03137
1893	-1.487
1894	1.575
1895	-2.04
1896	-6.801
1897	-0.4595
1898	-5.629
1899	-5.766
1900	2.816
1901	-7.195
1902	0.2985
1903	0.03365
1904	0.6767
1905	1.105
1906	1.732
1907	-0.5173
1908	-4.437
1909	-11.12
1910	-0.4046
1911	-2.918
1912	0.6073
1913	-4.232
1914	1.18
1915	2.07
1916	1.797
1917	-1.636
1918	-0.3336
1919	-2.293
1920	-2.316
1921	2.336
1922	4.418
1923	-1.033
1924	5.232
1925	-4.458
1926	-2.133
1927	-2.676
1928	-7.007
1929	1.267
1930	0.5765
1931	-1.214
1932	-8.865
1933	-0.7077
1934	-5.589
1935	-4.288
1936	0.4136
1937	-0.5484
1938	-6.098
1939	-0.4808
1940	-25.91
1941	-2.933
1942	-5.433
1943	4.134
1944	1.328
1945	0.04
1946	0.8051
1947	-0.1335
1948	-0.2806
1949	0.276
1950	-3.494
1951	-5.449
1952	1.779
1953	-4.078
1954	-0.9
1955	0.4925
1956	-0.5116
1957	-1.105
1958	0.1733
1959	-0.5253
1960	-0.2565
1961	-0.1689
1962	-0.1232
1963	-3.09
1964	-0.873
1965	-0.3907
1966	0.6522
1967	-1.192
1968	-3.092
1969	-0.7807
1970	0.06735
1971	-0.4871
1972	-1.162
1973	-1.244
1974	0.2397
1975	-1.304
1976	0.0325
1977	-0.06173
1978	-0.5772
1979	-0.6875
1980	-0.8681
1981	-0.8249
1982	0.4563
1983	-0.7255
1984	-1.962
1985	-0.2078
1986	3.452
1987	-2.849
1988	-3.357
1989	-5.211
1990	0.6001
1991	-3.891
1992	-0.9001
1993	0.04373
1994	-2.832
1995	3.211
1996	1.384
1997	-1.345
1998	2.979
1999	2.737
2000	-1.583
2001	3.459
2002	-5.982
2003	-15.2
2004	-4.647
2005	-0.8135
2006	-1.676
2007	-12.06
2008	3.356
2009	-0.2813
2010	-1.239
2011	-2.189
2012	-11.72
2013	-0.6002
2014	3.159
2015	0.6602
2016	3.981
2017	2.781
2018	2.041
2019	-0.5353
2020	-3.843
2021	1.16
2022	-0.8529
2023	-4.32
2024	0.5013
2025	-14.76
2026	2.606
2027	-2.378
2028	-0.9053
2029	-4.137
2030	0.007085
2031	-4.129
2032	0.2206
2033	1.137
2034	-2.264
2035	-5.077
2036	1.267
2037	5.048
2038	-3.172
2039	-6.725
2040	-3.844
2041	0.3479
2042	2.319
2043	-1.639
2044	-0.7749
2045	1.272
2046	-1.414
2047	-2.546
2048	2.822
2049	-3.303
2050	0.7096
2051	-0.01466
2052	-1.691
2053	0.6793
2054	-1.841
2055	-2.023
2056	0.7463
2057	1.651
2058	0.1253
2059	-2.55
2060	-0.9035
2061	1.655
2062	1.374
2063	-6.413
2064	1.326
2065	1.096
2066	-0.8051
2067	-17.94
2068	0.1659
2069	-11.74
2070	-2.163
2071	-1.993
2072	-1.245
2073	-0.1649
2074	-3.47
2075	-2.99
2076	1.13
2077	5.094
2078	-0.565
2079	0.3547
2080	0.6145
2081	-0.6397
2082	4.954
2083	-14.11
2084	3.158
2085	2.378
2086	-0.3061
2087	-2.313
2088	3.851
2089	1.274
2090	-0.01627
2091	0.5131
2092	0.1369
2093	-9.46
2094	-5.098
2095	-0.04907
2096	-5.22
2097	0.2753
2098	-0.8627
2099	-9.058
2100	0.2492
2101	-0.9318
2102	0.6359
2103	1.767
2104	0.7805
2105	0.04451
2106	-0.1064
2107	-2.11
2108	0.0802
2109	0.356
2110	-2.129
2111	0.4086
2112	0.1096
2113	-0.003055
2114	-0.6746
2115	0.9841
2116	1.185
2117	1.166
2118	0.03337
2119	1.11
2120	0.7642
2121	0.7752
2122	3.909
2123	2.275
2124	-1.448
2125	3.488
2126	5.208
2127	-1.194
2128	-11.75
2129	-0.2529
2130	0.01382
2131	-1.958
2132	1.959
2133	-0.2247
2134	-0.5386
2135	1.087
2136	1.093
2137	4.066
2138	0.787
2139	2.137
2140	0.3347
2141	-0.3836
2142	1.56
2143	-1.95
2144	0.103
2145	0.9399
2146	0.3137
2147	-2.487
2148	0.04816
2149	0.4457
2150	0.66
2151	-2.649
2152	-5.522
2153	-1.146
2154	0.6052
2155	2.286
2156	-3.54
2157	-9.126
2158	0.7583
2159	-2.347
2160	0.6977
2161	-4.795
2162	0.5395
2163	-0.167
2164	-0.4492
2165	-0.209
2166	1.047
2167	1.873
2168	1.048
2169	0.9934
2170	1.05
2171	3.246
2172	-2.032
2173	0.7706
2174	-2.807
2175	3.186
2176	-3.307
2177	1.146
2178	-1.58
2179	0.1302
2180	1.23
2181	-1.195
2182	-2.254
2183	-8.976
2184	-0.2968
2185	4.116
2186	-9.567
2187	-5.493
2188	5.948
2189	-0.3916
2190	-1.913
2191	4.251
2192	-0.6755
2193	-0.9986
2194	6.597
2195	1.511
2196	1.615
2197	-1.773
2198	1.297
2199	-4.131
2200	1.502
2201	2.467
2202	1.564
2203	2.628
2204	0.9542
2205	0.6089
2206	2.077
2207	0.3859
2208	0.4697
2209	4.179
2210	-0.03329
2211	-8.996
2212	-0.4707
2213	-2.482
2214	-0.01396
2215	-6.272
2216	-1.893
2217	2.354
2218	-0.1199
2219	-0.005053
2220	-0.02254
2221	0.2076
2222	-0.1918
2223	1.313
2224	-0.05916
2225	0.3701
2226	-0.7974
2227	-0.08292
2228	-0.5836
2229	-3.662
2230	1.178
2231	-3.155
2232	-1.855
2233	2.019
2234	-1.762
2235	-0.3015
2236	2.155
2237	-0.9553
2238	3.539
2239	3.707
2240	1.799
2241	0.4361
2242	0.8728
2243	0.5072
2244	1.28
2245	-16.83
2246	-6.619
2247	-0.9884
2248	-1.022
2249	-0.3024
2250	4.227
2251	2.406
2252	0.1749
2253	4.234
2254	-3.689
2255	5.417
2256	9.672
2257	4.622
2258	-4.297
2259	-2.09
2260	-0.5976
2261	-2.463
2262	-0.6607
2263	-2.066
2264	3.125
2265	3.168
2266	-6.638
2267	-8.302
2268	-7.917
2269	3.791
2270	-4.181
2271	-8.124
2272	-3.497
2273	0.4455
2274	-0.5931
2275	0.836
2276	-2.27
2277	3.319
2278	-2.161
2279	2.181
2280	0.53
2281	-0.2563
2282	-1.235
2283	0.5902
2284	-0.3125
2285	0.7201
2286	-0.7895
2287	0.03128
2288	-1.408
2289	-0.3783
2290	-0.9842
2291	-0.9799
2292	-0.03522
2293	-2.12
2294	-2.838
2295	-0.2463
2296	0.4234
2297	-0.5232
2298	-0.1494
2299	0.06942
2300	-3.718
2301	-1.611
2302	-2.005
2303	1.727
2304	1.622
2305	1.89
2306	-3.195
2307	-0.8257
2308	-3.301
2309	1.84
2310	0.1499
2311	-0.7399
2312	1.167
2313	-0.1979
2314	-0.4311
2315	-0.1978
2316	-0.3859
2317	0.001221
2318	-0.1539
2319	1.225
2320	-4.057
2321	-3.792
2322	0.6672
2323	-9.067
2324	-5.744
2325	0.3531
2326	-0.03036
2327	0.06221
2328	0.1094
2329	-6.181
2330	2.138
2331	0.4411
2332	-3.36
2333	-0.8934
2334	0.4238
2335	0.03726
2336	1.366
2337	0.04528
2338	-0.2191
2339	0.1438
2340	-0.08336
2341	-3.173
2342	-0.7389
2343	-0.6206
2344	0.3669
2345	-0.1618
2346	-0.4052
2347	-5.596
2348	-0.01139
2349	3.863E-4
2350	0.4521
2351	0.8242
2352	-3.455
2353	-4.864
2354	-6.572
2355	0.6555
2356	-1.372
2357	0.6224
2358	1.429
2359	0.2636
2360	0.0862
2361	2.155
2362	-1.705
2363	-7.015
2364	-8.335
2365	0.4599
2366	-7.222
2367	-0.5924
2368	-1.487
2369	-1.149
2370	0.9574
2371	0.515
2372	-0.3824
2373	0.1438
2374	-1.517
2375	-2.54
2376	-1.348
2377	0.3572
2378	-2.754
2379	0.6542
2380	-0.4858
2381	0.06351
2382	-0.2267
2383	0.001917
2384	0.2399
2385	-3.378
2386	-0.6972
2387	-0.2546
2388	-2.293
2389	0.9208
2390	1.872
2391	-2.757
2392	1.519
2393	-1.398
2394	1.115
2395	-5.548
2396	1.78
2397	3.21
2398	-1.975
2399	1.249
2400	-1.626
2401	1.422
2402	-3.44
2403	-5.804
2404	-1.487
2405	0.02945
2406	-1.3
2407	-0.41
2408	-1.072
2409	0.1179
2410	-0.7209
2411	-0.3443
2412	0.02024
2413	0.1475
2414	-4.223
2415	0.3706
2416	-10.13
2417	-14.02
2418	0.5276
2419	-1.399
2420	-0.02827
2421	-2.208
2422	0.1597
2423	0.1686
2424	-0.5599
2425	0.3121
2426	0.326
2427	-0.2053
2428	-0.2314
2429	1.816
2430	-1.022
2431	1.059
2432	0.7336
2433	-4.999
2434	-0.162
2435	1.551
2436	0.419
2437	-0.9823
2438	-0.4103
2439	0.5406
2440	-0.4739
2441	1.948
2442	-7.857
2443	-1.109
2444	-0.4336
2445	-0.13
2446	0.003519
2447	0.1814
2448	-2.967
2449	-4.596
2450	-18.34
2451	-2.076
2452	-2.99
2453	-0.2691
2454	-0.4464
2455	-1.816
2456	0.05786
2457	0.4822
2458	0.1095
2459	0.9544
2460	-0.1976
2461	1.236
2462	-4.675
2463	0.7287
2464	-3.471
2465	-2.805
2466	-2.937
2467	1.0
2468	0.7055
2469	-0.1187
2470	1.08
2471	1.022
2472	3.143
2473	0.05729
2474	1.125
2475	-0.4258
2476	-0.01988
2477	0.6721
2478	-0.1227
2479	-0.1062
2480	0.1402
2481	0.4154
2482	-1.592
2483	-5.253
2484	-1.781
2485	0.9011
2486	-0.2037
2487	0.4446
2488	-2.187
2489	-1.805
2490	-2.37
2491	-5.476
2492	-2.409
2493	-0.03609
2494	-0.2417
2495	1.252
2496	-4.279
2497	0.3875
2498	3.172
2499	-6.117
2500	0.2717
2501	-0.03031
2502	-0.9827
2503	0.6736
2504	0.005597
2505	-7.761
2506	0.7949
2507	-4.819
2508	-3.957
2509	-2.073
2510	0.2702
2511	-0.8225
2512	0.2355
2513	0.2459
2514	-2.325
2515	0.05764
2516	-0.6656
2517	-0.002256
2518	-1.515
2519	-0.1691
2520	-1.254
2521	-0.8915
2522	-0.274
2523	0.117
2524	-1.141
2525	0.1156
2526	-1.961
2527	0.0166
2528	-0.1843
2529	-1.032
2530	-1.662
2531	-1.328
2532	-0.1176
2533	0.3586
2534	-3.976
2535	-0.3963
2536	-0.006827
2537	-2.001
2538	-0.1177
2539	-2.298
2540	-1.409
2541	0.1752
2542	-0.6981
2543	-0.5191
2544	0.0732
2545	-0.0541
2546	-0.1308
2547	-0.3488
2548	0.1327
2549	0.04076
2550	-2.701
2551	2.527
2552	1.05
2553	-2.512
2554	-6.05
2555	-2.388
2556	-14.3
2557	-7.46
2558	-2.732
2559	-7.068
2560	-5.492
2561	1.864
2562	-3.556
2563	-2.015
2564	1.999
2565	-6.245
2566	3.096
2567	-0.2631
2568	-0.8667
2569	0.5968
2570	1.475
2571	0.3103
2572	2.456
2573	-10.35
2574	-0.8521
2575	1.072
2576	1.484
2577	-0.4846
2578	0.2197
2579	-4.386
2580	-3.643
2581	-1.247
2582	0.02959
2583	0.6925
2584	-6.138
2585	0.1933
2586	0.4516
2587	0.004415
2588	0.2159
2589	-1.387
2590	-1.152
2591	-0.2023
2592	1.331
2593	-0.4509
2594	-2.121
2595	-0.6243
2596	0.6074
2597	0.7515
2598	-2.04
2599	-0.09804
2600	-7.013
2601	-1.356
2602	-7.869
2603	-1.561
2604	-6.985
2605	-2.479
2606	0.2014
2607	0.1703
2608	-0.02231
2609	-1.24
2610	-1.976
2611	0.6183
2612	1.209
2613	0.5731
2614	1.45
2615	-3.177
2616	0.4694
2617	-0.4416
2618	1.354
2619	-1.235
2620	0.6738
2621	1.125
2622	-0.6236
2623	-6.144
2624	0.3271
2625	-0.02014
2626	0.001214
2627	0.1898
2628	-1.84
2629	-1.671
2630	0.6046
2631	-0.4792
2632	-0.6971
2633	1.127
2634	1.676
2635	-0.5371
2636	0.05554
2637	1.174
2638	-6.154
2639	-5.137
2640	1.8
2641	0.4546
2642	1.49
2643	1.025
2644	-11.12
2645	-13.12
2646	3.07
2647	-3.37
2648	-4.064
2649	0.4339
2650	-1.7
2651	-1.844
2652	-1.316
2653	2.473
2654	-7.237
2655	-1.638
2656	-2.765
2657	-5.161
2658	-2.402
2659	0.5653
2660	2.567
2661	-3.103
2662	-1.839
2663	1.191
2664	-1.699
2665	-1.005
2666	1.787
2667	-2.106
2668	-2.312
2669	-0.941
2670	5.325
2671	1.574
2672	2.565
2673	-3.784
2674	0.9999
2675	-2.002
2676	-0.4491
2677	0.4818
2678	-0.04136
2679	-4.665
2680	-5.074
2681	-7.533
2682	-4.013
2683	-3.157
2684	0.1736
2685	0.3279
2686	-1.202
2687	-5.547
2688	1.601
2689	-0.5285
2690	1.53
2691	0.003267
2692	0.4923
2693	-0.6693
2694	-2.479
2695	-6.687
2696	4.435
2697	-2.677
2698	3.299
2699	-5.545
2700	-10.06
2701	1.892
2702	0.06964
2703	0.9266
2704	0.8789
2705	-0.4246
2706	0.02349
2707	-1.614
2708	0.3101
2709	0.112
2710	0.08909
2711	-0.2553
2712	2.201
2713	1.839
2714	0.8206
2715	0.7502
2716	-3.381
2717	0.001987
2718	-12.15
2719	2.254
2720	0.8457
2721	2.036
2722	2.219
2723	3.771
2724	1.262
2725	-3.11
2726	-4.609
2727	-0.03928
2728	-1.024
2729	-8.781
2730	-12.26
2731	-7.254
2732	1.053
2733	0.3777
2734	-2.831
2735	-2.506
2736	2.631
2737	2.173
2738	1.026
2739	0.05762
2740	-0.131
2741	-2.73
2742	-7.167
2743	1.641
2744	0.3113
2745	-1.355
2746	-1.405
2747	1.0
2748	0.1328
2749	-6.539
2750	6.313
2751	0.8142
2752	-0.9529
2753	-1.751
2754	-2.352
2755	0.1321
2756	0.1317
2757	-4.208
2758	-0.2769
2759	-1.232
2760	-1.642
2761	-0.7814
2762	0.2524
2763	-2.83
2764	-0.9791
2765	-4.96
2766	-6.186
2767	-12.53
2768	-5.378
2769	3.097
2770	-2.998
2771	-5.122
2772	-8.515
2773	0.1524
2774	-6.509
2775	0.05832
2776	-1.055
2777	4.987
2778	5.789
2779	-11.53
2780	-22.52
2781	-4.932
2782	9.916
2783	1.115
2784	4.9
2785	1.102
2786	0.8521
2787	-0.6822
2788	1.336
2789	-0.958
2790	2.016
2791	-2.147
2792	3.034
2793	6.719
2794	-11.81
2795	-2.492
2796	-2.215
2797	-7.306
2798	-2.646
2799	-3.462
2800	0.2193
2801	5.417
2802	-5.34
2803	3.62
2804	0.6424
2805	9.328
2806	0.06558
2807	-3.274
2808	-1.679
2809	-9.935
2810	1.76
2811	9.098
2812	-0.6552
2813	-3.489
2814	1.228
2815	3.958
2816	4.928
2817	-1.027
2818	9.49
2819	-22.91
2820	-10.23
2821	-5.674
2822	7.341
2823	0.1652
2824	4.19
2825	5.73
2826	-5.058
2827	5.507
2828	-2.577
2829	4.331
2830	1.691
2831	-1.4
2832	0.05005
2833	0.982
2834	1.011
2835	-3.154
2836	2.417
2837	0.07175
2838	0.5122
2839	2.134
2840	-1.252
2841	-1.384
2842	-0.2284
2843	0.2724
2844	0.06402
2845	-0.9715
2846	0.522
2847	-1.149
2848	-0.6067
2849	-1.176
2850	-0.9439
2851	0.06223
2852	-1.386
2853	-0.5259
2854	-0.2143
2855	-0.09111
2856	0.05749
2857	0.0858
2858	0.03665
2859	-0.5291
2860	-1.192
2861	0.6491
2862	-0.7739
2863	-3.246
2864	-3.157
2865	-0.3706
2866	1.812
2867	-0.3523
2868	-0.3633
2869	-0.4172
2870	-0.04732
2871	-2.363
2872	-1.334
2873	-0.139
2874	1.272
2875	0.1478
2876	-2.688
2877	-3.206
2878	-2.335
2879	1.442
2880	1.088
2881	-1.993
2882	-5.421
2883	0.01046
2884	1.268
2885	5.534
2886	-1.826
2887	-6.283
2888	-0.1931
2889	-0.05041
2890	-0.4909
2891	-1.564
2892	-1.002
2893	-7.576
2894	2.87E-4
2895	-2.17
2896	-0.5197
2897	0.03557
2898	0.4687
2899	-0.8949
2900	-0.2709
2901	-0.07827
2902	-0.3101
2903	-2.917
2904	2.221
2905	-0.9567
2906	0.6368
2907	-0.1847
2908	0.4244
2909	4.123E-4
2910	-3.156
2911	-0.2425
2912	-0.7582
2913	0.5036
2914	0.738
2915	0.5272
2916	-1.711
2917	0.06366
2918	0.04966
2919	-0.3683
2920	-0.3154
2921	-0.6915
2922	0.1557
2923	1.681
2924	1.022
2925	-0.2366
2926	-9.664
2927	-0.2274
2928	0.9804
2929	-14.1
2930	-3.752
2931	-0.794
2932	1.272
2933	-4.961
2934	6.654
2935	-7.972
2936	-6.664
2937	-5.746
2938	-1.133
2939	-2.358
2940	1.137
2941	0.6293
2942	0.03915
2943	-1.113
2944	0.3885
2945	0.3008
2946	-2.409
2947	-1.579
2948	-2.758
2949	-7.717
2950	0.5625
2951	0.8799
2952	1.882
2953	1.209
2954	1.194
2955	1.631
2956	0.5677
2957	3.904
2958	-7.026
2959	-5.615
2960	1.501
2961	2.235
2962	7.097
2963	1.473
2964	-2.15
2965	-6.934
2966	-10.54
2967	-0.2025
2968	3.211
2969	-8.681
2970	0.4418
2971	1.702
2972	1.048
2973	2.023
2974	0.1756
2975	0.7765
2976	0.2099
2977	0.776
2978	-0.2243
2979	-0.261
2980	-1.67
2981	1.501
2982	-2.076
2983	-3.54
2984	0.7014
2985	-9.647
2986	-2.67
2987	0.2096
2988	-3.705
2989	-0.4944
2990	0.02306
2991	-0.9894
2992	-0.04117
2993	0.04418
2994	-0.7653
2995	-2.061
2996	-1.223
2997	-0.07461
2998	-0.1352
2999	0.7168
3000	0.3938
