1001	8414.0
1002	8391.0
1003	8452.0
1004	8425.0
1005	8377.0
1006	8416.0
1007	8447.0
1008	8439.0
1009	8432.0
1010	8494.0
1011	8454.0
1012	8479.0
1013	8446.0
1014	8506.0
1015	8459.0
1016	8456.0
1017	8485.0
1018	8480.0
1019	8422.0
1020	8339.0
1021	8362.0
1022	8421.0
1023	8396.0
1024	8351.0
1025	8354.0
1026	8425.0
1027	8401.0
1028	8409.0
1029	8440.0
1030	8352.0
1031	8305.0
1032	8262.0
1033	8315.0
1034	8349.0
1035	8334.0
1036	8432.0
1037	8388.0
1038	8406.0
1039	8344.0
1040	8423.0
1041	8401.0
1042	8388.0
1043	8454.0
1044	8439.0
1045	8441.0
1046	8349.0
1047	8338.0
1048	8399.0
1049	8427.0
1050	8497.0
1051	8426.0
1052	8378.0
1053	8451.0
1054	8502.0
1055	8515.0
1056	8513.0
1057	8381.0
1058	8453.0
1059	8391.0
1060	8488.0
1061	8376.0
1062	8305.0
1063	8473.0
1064	8428.0
1065	8403.0
1066	8478.0
1067	8518.0
1068	8502.0
1069	8476.0
1070	8490.0
1071	8503.0
1072	8519.0
1073	8481.0
1074	8449.0
1075	8417.0
1076	8380.0
1077	8342.0
1078	8320.0
1079	8466.0
1080	8506.0
1081	8543.0
1082	8509.0
1083	8461.0
1084	8540.0
1085	8514.0
1086	8398.0
1087	8391.0
1088	8456.0
1089	8412.0
1090	8366.0
1091	8377.0
1092	8489.0
1093	8554.0
1094	8560.0
1095	8508.0
1096	8508.0
1097	8484.0
1098	8396.0
1099	8410.0
1100	8445.0
1101	8581.0
1102	8535.0
1103	8426.0
1104	8438.0
1105	8508.0
1106	8477.0
1107	8432.0
1108	8454.0
1109	8431.0
1110	8510.0
1111	8456.0
1112	8457.0
1113	8431.0
1114	8532.0
1115	8465.0
1116	8537.0
1117	8523.0
1118	8609.0
1119	8464.0
1120	8508.0
1121	8510.0
1122	8527.0
1123	8455.0
1124	8557.0
1125	8566.0
1126	8564.0
1127	8544.0
1128	8433.0
1129	8503.0
1130	8465.0
1131	8453.0
1132	8445.0
1133	8458.0
1134	8426.0
1135	8458.0
1136	8477.0
1137	8500.0
1138	8539.0
1139	8642.0
1140	8556.0
1141	8526.0
1142	8486.0
1143	8392.0
1144	8436.0
1145	8466.0
1146	8455.0
1147	8405.0
1148	8485.0
1149	8493.0
1150	8511.0
1151	8545.0
1152	8570.0
1153	8461.0
1154	8454.0
1155	8492.0
1156	8452.0
1157	8524.0
1158	8509.0
1159	8561.0
1160	8486.0
1161	8441.0
1162	8434.0
1163	8342.0
1164	8378.0
1165	8412.0
1166	8512.0
1167	8508.0
1168	8435.0
1169	8403.0
1170	8379.0
1171	8410.0
1172	8396.0
1173	8380.0
1174	8362.0
1175	8427.0
1176	8453.0
1177	8480.0
1178	8440.0
1179	8395.0
1180	8556.0
1181	8516.0
1182	8459.0
1183	8539.0
1184	8481.0
1185	8437.0
1186	8412.0
1187	8429.0
1188	8499.0
1189	8544.0
1190	8504.0
1191	8506.0
1192	8517.0
1193	8469.0
1194	8393.0
1195	8339.0
1196	8358.0
1197	8374.0
1198	8449.0
1199	8456.0
1200	8432.0
1201	8473.0
1202	8554.0
1203	8560.0
1204	8540.0
1205	8575.0
1206	8590.0
1207	8541.0
1208	8549.0
1209	8461.0
1210	8400.0
1211	8396.0
1212	8490.0
1213	8495.0
1214	8406.0
1215	8431.0
1216	8422.0
1217	8451.0
1218	8436.0
1219	8502.0
1220	8600.0
1221	8458.0
1222	8496.0
1223	8526.0
1224	8458.0
1225	8462.0
1226	8404.0
1227	8361.0
1228	8464.0
1229	8506.0
1230	8600.0
1231	8539.0
1232	8504.0
1233	8478.0
1234	8501.0
1235	8473.0
1236	8463.0
1237	8517.0
1238	8454.0
1239	8483.0
1240	8477.0
1241	8466.0
1242	8422.0
1243	8409.0
1244	8321.0
1245	8372.0
1246	8369.0
1247	8352.0
1248	8402.0
1249	8428.0
1250	8497.0
1251	8443.0
1252	8457.0
1253	8442.0
1254	8487.0
1255	8405.0
1256	8473.0
1257	8439.0
1258	8358.0
1259	8475.0
1260	8374.0
1261	8448.0
1262	8375.0
1263	8352.0
1264	8404.0
1265	8348.0
1266	8358.0
1267	8340.0
1268	8338.0
1269	8305.0
1270	8450.0
1271	8456.0
1272	8409.0
1273	8446.0
1274	8483.0
1275	8475.0
1276	8475.0
1277	8494.0
1278	8460.0
1279	8497.0
1280	8513.0
1281	8606.0
1282	8501.0
1283	8567.0
1284	8497.0
1285	8530.0
1286	8496.0
1287	8599.0
1288	8537.0
1289	8516.0
1290	8545.0
1291	8575.0
1292	8511.0
1293	8564.0
1294	8564.0
1295	8642.0
1296	8492.0
1297	8496.0
1298	8474.0
1299	8455.0
1300	8398.0
1301	8477.0
1302	8447.0
1303	8393.0
1304	8511.0
1305	8510.0
1306	8548.0
1307	8565.0
1308	8503.0
1309	8574.0
1310	8499.0
1311	8488.0
1312	8484.0
1313	8507.0
1314	8517.0
1315	8589.0
1316	8548.0
1317	8476.0
1318	8503.0
1319	8395.0
1320	8469.0
1321	8461.0
1322	8451.0
1323	8476.0
1324	8500.0
1325	8447.0
1326	8349.0
1327	8453.0
1328	8516.0
1329	8522.0
1330	8408.0
1331	8473.0
1332	8557.0
1333	8444.0
1334	8451.0
1335	8523.0
1336	8522.0
1337	8562.0
1338	8552.0
1339	8469.0
1340	8454.0
1341	8467.0
1342	8467.0
1343	8418.0
1344	8471.0
1345	8436.0
1346	8355.0
1347	8417.0
1348	8442.0
1349	8440.0
1350	8429.0
1351	8506.0
1352	8481.0
1353	8422.0
1354	8472.0
1355	8447.0
1356	8513.0
1357	8462.0
1358	8412.0
1359	8403.0
1360	8469.0
1361	8385.0
1362	8385.0
1363	8378.0
1364	8370.0
1365	8387.0
1366	8312.0
1367	8332.0
1368	8334.0
1369	8359.0
1370	8444.0
1371	8414.0
1372	8487.0
1373	8417.0
1374	8388.0
1375	8348.0
1376	8338.0
1377	8387.0
1378	8382.0
1379	8289.0
1380	8354.0
1381	8443.0
1382	8410.0
1383	8384.0
1384	8517.0
1385	8449.0
1386	8412.0
1387	8467.0
1388	8453.0
1389	8471.0
1390	8522.0
1391	8493.0
1392	8557.0
1393	8510.0
1394	8592.0
1395	8565.0
1396	8623.0
1397	8546.0
1398	8484.0
1399	8517.0
1400	8478.0
1401	8495.0
1402	8505.0
1403	8446.0
1404	8457.0
1405	8420.0
1406	8425.0
1407	8447.0
1408	8444.0
1409	8464.0
1410	8408.0
1411	8347.0
1412	8372.0
1413	8380.0
1414	8324.0
1415	8469.0
1416	8535.0
1417	8469.0
1418	8473.0
1419	8421.0
1420	8456.0
1421	8512.0
1422	8501.0
1423	8423.0
1424	8442.0
1425	8346.0
1426	8403.0
1427	8384.0
1428	8442.0
1429	8419.0
1430	8471.0
1431	8391.0
1432	8384.0
1433	8415.0
1434	8451.0
1435	8527.0
1436	8507.0
1437	8490.0
1438	8477.0
1439	8510.0
1440	8509.0
1441	8480.0
1442	8481.0
1443	8417.0
1444	8418.0
1445	8529.0
1446	8544.0
1447	8533.0
1448	8505.0
1449	8471.0
1450	8461.0
1451	8472.0
1452	8534.0
1453	8491.0
1454	8543.0
1455	8602.0
1456	8615.0
1457	8535.0
1458	8558.0
1459	8466.0
1460	8366.0
1461	8445.0
1462	8512.0
1463	8428.0
1464	8456.0
1465	8377.0
1466	8380.0
1467	8416.0
1468	8451.0
1469	8494.0
1470	8512.0
1471	8443.0
1472	8490.0
1473	8488.0
1474	8512.0
1475	8463.0
1476	8497.0
1477	8511.0
1478	8549.0
1479	8551.0
1480	8637.0
1481	8604.0
1482	8588.0
1483	8518.0
1484	8433.0
1485	8483.0
1486	8560.0
1487	8494.0
1488	8479.0
1489	8477.0
1490	8452.0
1491	8488.0
1492	8474.0
1493	8526.0
1494	8573.0
1495	8480.0
1496	8475.0
1497	8508.0
1498	8600.0
1499	8544.0
1500	8511.0
1501	8534.0
1502	8530.0
1503	8633.0
1504	8569.0
1505	8506.0
1506	8581.0
1507	8475.0
1508	8455.0
1509	8411.0
1510	8507.0
1511	8437.0
1512	8473.0
1513	8500.0
1514	8464.0
1515	8480.0
1516	8492.0
1517	8472.0
1518	8466.0
1519	8334.0
1520	8380.0
1521	8426.0
1522	8431.0
1523	8378.0
1524	8484.0
1525	8433.0
1526	8439.0
1527	8366.0
1528	8453.0
1529	8351.0
1530	8416.0
1531	8483.0
1532	8463.0
1533	8542.0
1534	8454.0
1535	8563.0
1536	8558.0
1537	8652.0
1538	8595.0
1539	8590.0
1540	8529.0
1541	8472.0
1542	8464.0
1543	8395.0
1544	8454.0
1545	8437.0
1546	8532.0
1547	8417.0
1548	8389.0
1549	8343.0
1550	8378.0
1551	8344.0
1552	8340.0
1553	8353.0
1554	8285.0
1555	8264.0
1556	8295.0
1557	8326.0
1558	8375.0
1559	8485.0
1560	8467.0
1561	8492.0
1562	8447.0
1563	8432.0
1564	8363.0
1565	8489.0
1566	8455.0
1567	8409.0
1568	8394.0
1569	8391.0
1570	8420.0
1571	8397.0
1572	8407.0
1573	8428.0
1574	8421.0
1575	8429.0
1576	8450.0
1577	8397.0
1578	8375.0
1579	8416.0
1580	8400.0
1581	8371.0
1582	8351.0
1583	8404.0
1584	8375.0
1585	8464.0
1586	8376.0
1587	8399.0
1588	8557.0
1589	8524.0
1590	8551.0
1591	8577.0
1592	8612.0
1593	8555.0
1594	8597.0
1595	8635.0
1596	8665.0
1597	8616.0
1598	8682.0
1599	8608.0
1600	8528.0
1601	8471.0
1602	8445.0
1603	8502.0
1604	8603.0
1605	8549.0
1606	8443.0
1607	8499.0
1608	8494.0
1609	8463.0
1610	8460.0
1611	8447.0
1612	8441.0
1613	8398.0
1614	8403.0
1615	8433.0
1616	8415.0
1617	8422.0
1618	8481.0
1619	8554.0
1620	8547.0
1621	8528.0
1622	8459.0
1623	8469.0
1624	8573.0
1625	8443.0
1626	8443.0
1627	8529.0
1628	8569.0
1629	8609.0
1630	8584.0
1631	8586.0
1632	8492.0
1633	8474.0
1634	8507.0
1635	8517.0
1636	8594.0
1637	8547.0
1638	8576.0
1639	8568.0
1640	8492.0
1641	8460.0
1642	8450.0
1643	8507.0
1644	8427.0
1645	8405.0
1646	8412.0
1647	8464.0
1648	8311.0
1649	8338.0
1650	8294.0
1651	8395.0
1652	8418.0
1653	8417.0
1654	8438.0
1655	8365.0
1656	8449.0
1657	8378.0
1658	8425.0
1659	8441.0
1660	8418.0
1661	8466.0
1662	8441.0
1663	8367.0
1664	8432.0
1665	8493.0
1666	8440.0
1667	8524.0
1668	8558.0
1669	8606.0
1670	8483.0
1671	8534.0
1672	8581.0
1673	8492.0
1674	8489.0
1675	8521.0
1676	8500.0
1677	8492.0
1678	8448.0
1679	8459.0
1680	8457.0
1681	8417.0
1682	8448.0
1683	8412.0
1684	8366.0
1685	8221.0
1686	8352.0
1687	8430.0
1688	8563.0
1689	8493.0
1690	8476.0
1691	8476.0
1692	8425.0
1693	8477.0
1694	8464.0
1695	8437.0
1696	8429.0
1697	8464.0
1698	8521.0
1699	8472.0
1700	8534.0
1701	8507.0
1702	8516.0
1703	8407.0
1704	8384.0
1705	8429.0
1706	8446.0
1707	8404.0
1708	8414.0
1709	8410.0
1710	8450.0
1711	8407.0
1712	8407.0
1713	8405.0
1714	8476.0
1715	8512.0
1716	8436.0
1717	8440.0
1718	8413.0
1719	8401.0
1720	8355.0
1721	8527.0
1722	8455.0
1723	8401.0
1724	8382.0
1725	8387.0
1726	8346.0
1727	8381.0
1728	8391.0
1729	8476.0
1730	8561.0
1731	8544.0
1732	8460.0
1733	8546.0
1734	8559.0
1735	8597.0
1736	8625.0
1737	8674.0
1738	8521.0
1739	8508.0
1740	8594.0
1741	8654.0
1742	8552.0
1743	8506.0
1744	8543.0
1745	8535.0
1746	8450.0
1747	8432.0
1748	8510.0
1749	8425.0
1750	8441.0
1751	8475.0
1752	8409.0
1753	8525.0
1754	8555.0
1755	8481.0
1756	8395.0
1757	8333.0
1758	8407.0
1759	8427.0
1760	8423.0
1761	8427.0
1762	8336.0
1763	8392.0
1764	8416.0
1765	8420.0
1766	8404.0
1767	8407.0
1768	8440.0
1769	8497.0
1770	8435.0
1771	8432.0
1772	8436.0
1773	8445.0
1774	8452.0
1775	8432.0
1776	8495.0
1777	8487.0
1778	8471.0
1779	8529.0
1780	8500.0
1781	8449.0
1782	8545.0
1783	8573.0
1784	8549.0
1785	8522.0
1786	8503.0
1787	8493.0
1788	8461.0
1789	8476.0
1790	8428.0
1791	8485.0
1792	8539.0
1793	8529.0
1794	8535.0
1795	8409.0
1796	8377.0
1797	8368.0
1798	8446.0
1799	8400.0
1800	8522.0
1801	8431.0
1802	8409.0
1803	8371.0
1804	8320.0
1805	8404.0
1806	8370.0
1807	8353.0
1808	8350.0
1809	8376.0
1810	8433.0
1811	8387.0
1812	8408.0
1813	8456.0
1814	8439.0
1815	8375.0
1816	8417.0
1817	8425.0
1818	8437.0
1819	8480.0
1820	8480.0
1821	8447.0
1822	8444.0
1823	8450.0
1824	8347.0
1825	8355.0
1826	8432.0
1827	8493.0
1828	8562.0
1829	8545.0
1830	8507.0
1831	8517.0
1832	8425.0
1833	8471.0
1834	8430.0
1835	8465.0
1836	8385.0
1837	8340.0
1838	8369.0
1839	8367.0
1840	8442.0
1841	8421.0
1842	8339.0
1843	8455.0
1844	8489.0
1845	8473.0
1846	8479.0
1847	8460.0
1848	8490.0
1849	8392.0
1850	8351.0
1851	8260.0
1852	8405.0
1853	8285.0
1854	8354.0
1855	8349.0
1856	8347.0
1857	8464.0
1858	8396.0
1859	8467.0
1860	8503.0
1861	8564.0
1862	8450.0
1863	8502.0
1864	8528.0
1865	8474.0
1866	8431.0
1867	8438.0
1868	8448.0
1869	8447.0
1870	8475.0
1871	8497.0
1872	8438.0
1873	8481.0
1874	8510.0
1875	8484.0
1876	8509.0
1877	8445.0
1878	8543.0
1879	8553.0
1880	8478.0
1881	8452.0
1882	8449.0
1883	8511.0
1884	8531.0
1885	8534.0
1886	8487.0
1887	8507.0
1888	8464.0
1889	8533.0
1890	8484.0
1891	8568.0
1892	8548.0
1893	8493.0
1894	8537.0
1895	8562.0
1896	8613.0
1897	8542.0
1898	8480.0
1899	8481.0
1900	8434.0
1901	8460.0
1902	8476.0
1903	8494.0
1904	8425.0
1905	8368.0
1906	8423.0
1907	8502.0
1908	8513.0
1909	8530.0
1910	8498.0
1911	8465.0
1912	8436.0
1913	8282.0
1914	8315.0
1915	8334.0
1916	8440.0
1917	8448.0
1918	8499.0
1919	8467.0
1920	8461.0
1921	8521.0
1922	8485.0
1923	8535.0
1924	8504.0
1925	8524.0
1926	8497.0
1927	8499.0
1928	8494.0
1929	8490.0
1930	8509.0
1931	8503.0
1932	8492.0
1933	8483.0
1934	8616.0
1935	8640.0
1936	8696.0
1937	8643.0
1938	8598.0
1939	8511.0
1940	8567.0
1941	8566.0
1942	8537.0
1943	8563.0
1944	8647.0
1945	8561.0
1946	8516.0
1947	8448.0
1948	8531.0
1949	8482.0
1950	8419.0
1951	8375.0
1952	8467.0
1953	8449.0
1954	8428.0
1955	8520.0
1956	8523.0
1957	8512.0
1958	8553.0
1959	8496.0
1960	8447.0
1961	8396.0
1962	8439.0
1963	8376.0
1964	8445.0
1965	8462.0
1966	8437.0
1967	8469.0
1968	8439.0
1969	8519.0
1970	8435.0
1971	8386.0
1972	8317.0
1973	8369.0
1974	8347.0
1975	8431.0
1976	8351.0
1977	8400.0
1978	8363.0
1979	8374.0
1980	8333.0
1981	8278.0
1982	8367.0
1983	8323.0
1984	8300.0
1985	8341.0
1986	8434.0
1987	8346.0
1988	8398.0
1989	8416.0
1990	8345.0
1991	8368.0
1992	8471.0
1993	8392.0
1994	8348.0
1995	8246.0
1996	8290.0
1997	8350.0
1998	8366.0
1999	8463.0
2000	8462.0
2001	8455.0
2002	8481.0
2003	8491.0
2004	8507.0
2005	8544.0
2006	8458.0
2007	8494.0
2008	8472.0
2009	8473.0
2010	8542.0
2011	8457.0
2012	8459.0
2013	8500.0
2014	8530.0
2015	8506.0
2016	8533.0
2017	8627.0
2018	8503.0
2019	8503.0
2020	8499.0
2021	8471.0
2022	8513.0
2023	8407.0
2024	8441.0
2025	8425.0
2026	8436.0
2027	8380.0
2028	8418.0
2029	8481.0
2030	8437.0
2031	8410.0
2032	8354.0
2033	8456.0
2034	8514.0
2035	8378.0
2036	8428.0
2037	8495.0
2038	8429.0
2039	8411.0
2040	8497.0
2041	8529.0
2042	8493.0
2043	8576.0
2044	8538.0
2045	8529.0
2046	8617.0
2047	8582.0
2048	8533.0
2049	8661.0
2050	8562.0
2051	8542.0
2052	8552.0
2053	8456.0
2054	8444.0
2055	8434.0
2056	8439.0
2057	8470.0
2058	8529.0
2059	8513.0
2060	8554.0
2061	8518.0
2062	8484.0
2063	8473.0
2064	8473.0
2065	8601.0
2066	8551.0
2067	8574.0
2068	8552.0
2069	8650.0
2070	8603.0
2071	8515.0
2072	8485.0
2073	8447.0
2074	8523.0
2075	8474.0
2076	8408.0
2077	8446.0
2078	8528.0
2079	8565.0
2080	8423.0
2081	8446.0
2082	8337.0
2083	8344.0
2084	8336.0
2085	8353.0
2086	8313.0
2087	8338.0
2088	8278.0
2089	8358.0
2090	8419.0
2091	8435.0
2092	8355.0
2093	8389.0
2094	8466.0
2095	8416.0
2096	8450.0
2097	8491.0
2098	8542.0
2099	8561.0
2100	8501.0
2101	8458.0
2102	8405.0
2103	8456.0
2104	8505.0
2105	8538.0
2106	8679.0
2107	8690.0
2108	8611.0
2109	8548.0
2110	8402.0
2111	8513.0
2112	8624.0
2113	8580.0
2114	8562.0
2115	8575.0
2116	8507.0
2117	8465.0
2118	8504.0
2119	8495.0
2120	8464.0
2121	8456.0
2122	8471.0
2123	8481.0
2124	8480.0
2125	8464.0
2126	8525.0
2127	8506.0
2128	8453.0
2129	8553.0
2130	8570.0
2131	8529.0
2132	8592.0
2133	8498.0
2134	8466.0
2135	8509.0
2136	8618.0
2137	8581.0
2138	8512.0
2139	8511.0
2140	8522.0
2141	8530.0
2142	8593.0
2143	8565.0
2144	8461.0
2145	8508.0
2146	8515.0
2147	8543.0
2148	8555.0
2149	8551.0
2150	8459.0
2151	8389.0
2152	8379.0
2153	8445.0
2154	8478.0
2155	8519.0
2156	8442.0
2157	8462.0
2158	8407.0
2159	8461.0
2160	8415.0
2161	8493.0
2162	8482.0
2163	8513.0
2164	8470.0
2165	8460.0
2166	8414.0
2167	8363.0
2168	8365.0
2169	8448.0
2170	8439.0
2171	8499.0
2172	8373.0
2173	8422.0
2174	8368.0
2175	8347.0
2176	8434.0
2177	8411.0
2178	8496.0
2179	8550.0
2180	8556.0
2181	8611.0
2182	8673.0
2183	8513.0
2184	8431.0
2185	8425.0
2186	8432.0
2187	8400.0
2188	8341.0
2189	8360.0
2190	8504.0
2191	8526.0
2192	8475.0
2193	8417.0
2194	8529.0
2195	8542.0
2196	8475.0
2197	8522.0
2198	8558.0
2199	8440.0
2200	8400.0
2201	8493.0
2202	8475.0
2203	8480.0
2204	8506.0
2205	8574.0
2206	8522.0
2207	8436.0
2208	8420.0
2209	8516.0
2210	8481.0
2211	8534.0
2212	8563.0
2213	8489.0
2214	8462.0
2215	8464.0
2216	8383.0
2217	8354.0
2218	8435.0
2219	8400.0
2220	8379.0
2221	8371.0
2222	8426.0
2223	8457.0
2224	8466.0
2225	8431.0
2226	8491.0
2227	8548.0
2228	8620.0
2229	8617.0
2230	8619.0
2231	8544.0
2232	8470.0
2233	8480.0
2234	8450.0
2235	8426.0
2236	8478.0
2237	8563.0
2238	8519.0
2239	8591.0
2240	8448.0
2241	8497.0
2242	8449.0
2243	8456.0
2244	8536.0
2245	8403.0
2246	8476.0
2247	8482.0
2248	8514.0
2249	8606.0
2250	8577.0
2251	8541.0
2252	8604.0
2253	8629.0
2254	8588.0
2255	8505.0
2256	8519.0
2257	8502.0
2258	8565.0
2259	8517.0
2260	8457.0
2261	8354.0
2262	8395.0
2263	8382.0
2264	8425.0
2265	8493.0
2266	8458.0
2267	8465.0
2268	8486.0
2269	8425.0
2270	8426.0
2271	8392.0
2272	8442.0
2273	8460.0
2274	8472.0
2275	8538.0
2276	8504.0
2277	8562.0
2278	8439.0
2279	8398.0
2280	8338.0
2281	8423.0
2282	8445.0
2283	8370.0
2284	8372.0
2285	8395.0
2286	8378.0
2287	8388.0
2288	8467.0
2289	8380.0
2290	8469.0
2291	8500.0
2292	8544.0
2293	8531.0
2294	8573.0
2295	8481.0
2296	8509.0
2297	8589.0
2298	8576.0
2299	8541.0
2300	8532.0
2301	8581.0
2302	8556.0
2303	8443.0
2304	8417.0
2305	8448.0
2306	8409.0
2307	8502.0
2308	8486.0
2309	8426.0
2310	8453.0
2311	8369.0
2312	8403.0
2313	8465.0
2314	8481.0
2315	8592.0
2316	8515.0
2317	8505.0
2318	8529.0
2319	8517.0
2320	8493.0
2321	8464.0
2322	8542.0
2323	8599.0
2324	8554.0
2325	8599.0
2326	8596.0
2327	8556.0
2328	8532.0
2329	8488.0
2330	8459.0
2331	8413.0
2332	8471.0
2333	8494.0
2334	8469.0
2335	8374.0
2336	8486.0
2337	8444.0
2338	8462.0
2339	8523.0
2340	8499.0
2341	8449.0
2342	8451.0
2343	8414.0
2344	8427.0
2345	8446.0
2346	8448.0
2347	8426.0
2348	8469.0
2349	8534.0
2350	8536.0
2351	8470.0
2352	8429.0
2353	8341.0
2354	8376.0
2355	8379.0
2356	8489.0
2357	8409.0
2358	8493.0
2359	8457.0
2360	8429.0
2361	8478.0
2362	8471.0
2363	8361.0
2364	8323.0
2365	8301.0
2366	8365.0
2367	8388.0
2368	8332.0
2369	8395.0
2370	8377.0
2371	8427.0
2372	8400.0
2373	8442.0
2374	8433.0
2375	8424.0
2376	8418.0
2377	8433.0
2378	8471.0
2379	8447.0
2380	8359.0
2381	8374.0
2382	8510.0
2383	8512.0
2384	8487.0
2385	8407.0
2386	8473.0
2387	8447.0
2388	8537.0
2389	8416.0
2390	8425.0
2391	8430.0
2392	8429.0
2393	8447.0
2394	8464.0
2395	8425.0
2396	8410.0
2397	8426.0
2398	8406.0
2399	8411.0
2400	8393.0
2401	8440.0
2402	8486.0
2403	8457.0
2404	8522.0
2405	8519.0
2406	8459.0
2407	8501.0
2408	8487.0
2409	8511.0
2410	8449.0
2411	8417.0
2412	8369.0
2413	8501.0
2414	8440.0
2415	8477.0
2416	8442.0
2417	8479.0
2418	8379.0
2419	8345.0
2420	8409.0
2421	8426.0
2422	8390.0
2423	8458.0
2424	8494.0
2425	8396.0
2426	8451.0
2427	8438.0
2428	8612.0
2429	8572.0
2430	8577.0
2431	8467.0
2432	8442.0
2433	8423.0
2434	8388.0
2435	8412.0
2436	8408.0
2437	8446.0
2438	8395.0
2439	8414.0
2440	8508.0
2441	8517.0
2442	8510.0
2443	8533.0
2444	8494.0
2445	8488.0
2446	8449.0
2447	8408.0
2448	8422.0
2449	8445.0
2450	8452.0
2451	8483.0
2452	8480.0
2453	8472.0
2454	8554.0
2455	8479.0
2456	8462.0
2457	8469.0
2458	8475.0
2459	8414.0
2460	8542.0
2461	8577.0
2462	8553.0
2463	8486.0
2464	8490.0
2465	8548.0
2466	8520.0
2467	8587.0
2468	8608.0
2469	8528.0
2470	8602.0
2471	8479.0
2472	8558.0
2473	8541.0
2474	8562.0
2475	8549.0
2476	8546.0
2477	8452.0
2478	8382.0
2479	8431.0
2480	8442.0
2481	8405.0
2482	8427.0
2483	8540.0
2484	8445.0
2485	8487.0
2486	8528.0
2487	8470.0
2488	8414.0
2489	8375.0
2490	8392.0
2491	8434.0
2492	8500.0
2493	8469.0
2494	8463.0
2495	8514.0
2496	8504.0
2497	8512.0
2498	8415.0
2499	8488.0
2500	8472.0
2501	8401.0
2502	8418.0
2503	8352.0
2504	8544.0
2505	8576.0
2506	8565.0
2507	8579.0
2508	8532.0
2509	8530.0
2510	8504.0
2511	8476.0
2512	8492.0
2513	8416.0
2514	8383.0
2515	8399.0
2516	8428.0
2517	8438.0
2518	8505.0
2519	8566.0
2520	8516.0
2521	8454.0
2522	8477.0
2523	8448.0
2524	8518.0
2525	8498.0
2526	8483.0
2527	8496.0
2528	8547.0
2529	8468.0
2530	8323.0
2531	8330.0
2532	8361.0
2533	8406.0
2534	8440.0
2535	8466.0
2536	8440.0
2537	8390.0
2538	8357.0
2539	8400.0
2540	8448.0
2541	8498.0
2542	8476.0
2543	8511.0
2544	8462.0
2545	8466.0
2546	8449.0
2547	8573.0
2548	8573.0
2549	8634.0
2550	8561.0
2551	8533.0
2552	8626.0
2553	8647.0
2554	8558.0
2555	8560.0
2556	8581.0
2557	8628.0
2558	8644.0
2559	8587.0
2560	8536.0
2561	8487.0
2562	8458.0
2563	8471.0
2564	8482.0
2565	8418.0
2566	8481.0
2567	8485.0
2568	8480.0
2569	8465.0
2570	8498.0
2571	8580.0
2572	8495.0
2573	8436.0
2574	8446.0
2575	8410.0
2576	8430.0
2577	8491.0
2578	8450.0
2579	8467.0
2580	8435.0
2581	8474.0
2582	8427.0
2583	8423.0
2584	8318.0
2585	8368.0
2586	8386.0
2587	8320.0
2588	8376.0
2589	8435.0
2590	8533.0
2591	8568.0
2592	8549.0
2593	8484.0
2594	8449.0
2595	8478.0
2596	8496.0
2597	8453.0
2598	8489.0
2599	8408.0
2600	8509.0
2601	8483.0
2602	8556.0
2603	8491.0
2604	8390.0
2605	8354.0
2606	8352.0
2607	8365.0
2608	8349.0
2609	8405.0
2610	8376.0
2611	8405.0
2612	8394.0
2613	8351.0
2614	8302.0
2615	8442.0
2616	8458.0
2617	8400.0
2618	8347.0
2619	8376.0
2620	8293.0
2621	8382.0
2622	8490.0
2623	8496.0
2624	8448.0
2625	8422.0
2626	8450.0
2627	8483.0
2628	8460.0
2629	8381.0
2630	8377.0
2631	8509.0
2632	8542.0
2633	8422.0
2634	8384.0
2635	8507.0
2636	8413.0
2637	8419.0
2638	8429.0
2639	8447.0
2640	8475.0
2641	8525.0
2642	8470.0
2643	8427.0
2644	8411.0
2645	8434.0
2646	8414.0
2647	8412.0
2648	8357.0
2649	8317.0
2650	8426.0
2651	8563.0
2652	8539.0
2653	8500.0
2654	8391.0
2655	8417.0
2656	8388.0
2657	8513.0
2658	8546.0
2659	8456.0
2660	8455.0
2661	8479.0
2662	8436.0
2663	8414.0
2664	8416.0
2665	8485.0
2666	8495.0
2667	8446.0
2668	8405.0
2669	8427.0
2670	8465.0
2671	8526.0
2672	8477.0
2673	8533.0
2674	8723.0
2675	8664.0
2676	8684.0
2677	8564.0
2678	8610.0
2679	8510.0
2680	8513.0
2681	8541.0
2682	8500.0
2683	8621.0
2684	8463.0
2685	8498.0
2686	8476.0
2687	8506.0
2688	8420.0
2689	8383.0
2690	8513.0
2691	8406.0
2692	8507.0
2693	8502.0
2694	8493.0
2695	8483.0
2696	8458.0
2697	8460.0
2698	8512.0
2699	8494.0
2700	8514.0
2701	8512.0
2702	8443.0
2703	8480.0
2704	8444.0
2705	8408.0
2706	8463.0
2707	8379.0
2708	8443.0
2709	8406.0
2710	8434.0
2711	8440.0
2712	8494.0
2713	8436.0
2714	8510.0
2715	8430.0
2716	8444.0
2717	8355.0
2718	8435.0
2719	8437.0
2720	8407.0
2721	8487.0
2722	8535.0
2723	8510.0
2724	8502.0
2725	8524.0
2726	8442.0
2727	8462.0
2728	8461.0
2729	8531.0
2730	8496.0
2731	8493.0
2732	8553.0
2733	8462.0
2734	8447.0
2735	8463.0
2736	8459.0
2737	8357.0
2738	8381.0
2739	8463.0
2740	8520.0
2741	8462.0
2742	8482.0
2743	8427.0
2744	8537.0
2745	8511.0
2746	8454.0
2747	8541.0
2748	8489.0
2749	8465.0
2750	8533.0
2751	8471.0
2752	8439.0
2753	8421.0
2754	8401.0
2755	8554.0
2756	8540.0
2757	8486.0
2758	8482.0
2759	8413.0
2760	8422.0
2761	8369.0
2762	8449.0
2763	8472.0
2764	8538.0
2765	8441.0
2766	8437.0
2767	8387.0
2768	8319.0
2769	8341.0
2770	8428.0
2771	8468.0
2772	8479.0
2773	8506.0
2774	8450.0
2775	8482.0
2776	8532.0
2777	8547.0
2778	8485.0
2779	8537.0
2780	8534.0
2781	8542.0
2782	8651.0
2783	8725.0
2784	8606.0
2785	8592.0
2786	8542.0
2787	8514.0
2788	8543.0
2789	8529.0
2790	8545.0
2791	8501.0
2792	8408.0
2793	8446.0
2794	8450.0
2795	8431.0
2796	8404.0
2797	8422.0
2798	8463.0
2799	8573.0
2800	8466.0
2801	8457.0
2802	8454.0
2803	8439.0
2804	8622.0
2805	8555.0
2806	8600.0
2807	8596.0
2808	8604.0
2809	8619.0
2810	8623.0
2811	8656.0
2812	8571.0
2813	8543.0
2814	8586.0
2815	8510.0
2816	8493.0
2817	8504.0
2818	8470.0
2819	8435.0
2820	8447.0
2821	8410.0
2822	8459.0
2823	8577.0
2824	8550.0
2825	8561.0
2826	8573.0
2827	8648.0
2828	8508.0
2829	8518.0
2830	8513.0
2831	8540.0
2832	8474.0
2833	8504.0
2834	8519.0
2835	8456.0
2836	8454.0
2837	8462.0
2838	8551.0
2839	8507.0
2840	8556.0
2841	8556.0
2842	8529.0
2843	8485.0
2844	8468.0
2845	8407.0
2846	8426.0
2847	8391.0
2848	8454.0
2849	8445.0
2850	8391.0
2851	8454.0
2852	8518.0
2853	8498.0
2854	8530.0
2855	8478.0
2856	8508.0
2857	8449.0
2858	8559.0
2859	8547.0
2860	8464.0
2861	8524.0
2862	8495.0
2863	8587.0
2864	8588.0
2865	8581.0
2866	8564.0
2867	8509.0
2868	8460.0
2869	8507.0
2870	8535.0
2871	8494.0
2872	8501.0
2873	8528.0
2874	8518.0
2875	8560.0
2876	8514.0
2877	8472.0
2878	8483.0
2879	8515.0
2880	8533.0
2881	8588.0
2882	8522.0
2883	8558.0
2884	8525.0
2885	8513.0
2886	8562.0
2887	8599.0
2888	8521.0
2889	8393.0
2890	8414.0
2891	8450.0
2892	8359.0
2893	8395.0
2894	8373.0
2895	8338.0
2896	8368.0
2897	8432.0
2898	8441.0
2899	8467.0
2900	8420.0
2901	8441.0
2902	8509.0
2903	8492.0
2904	8543.0
2905	8601.0
2906	8635.0
2907	8589.0
2908	8542.0
2909	8581.0
2910	8566.0
2911	8554.0
2912	8632.0
2913	8576.0
2914	8487.0
2915	8536.0
2916	8479.0
2917	8415.0
2918	8436.0
2919	8529.0
2920	8585.0
2921	8616.0
2922	8587.0
2923	8580.0
2924	8505.0
2925	8524.0
2926	8426.0
2927	8404.0
2928	8394.0
2929	8299.0
2930	8328.0
2931	8394.0
2932	8370.0
2933	8445.0
2934	8561.0
2935	8489.0
2936	8517.0
2937	8516.0
2938	8650.0
2939	8494.0
2940	8510.0
2941	8473.0
2942	8522.0
2943	8527.0
2944	8478.0
2945	8463.0
2946	8456.0
2947	8574.0
2948	8531.0
2949	8485.0
2950	8559.0
2951	8541.0
2952	8525.0
2953	8533.0
2954	8452.0
2955	8464.0
2956	8436.0
2957	8438.0
2958	8381.0
2959	8398.0
2960	8475.0
2961	8412.0
2962	8408.0
2963	8385.0
2964	8404.0
2965	8367.0
2966	8334.0
2967	8448.0
2968	8363.0
2969	8392.0
2970	8331.0
2971	8417.0
2972	8468.0
2973	8388.0
2974	8372.0
2975	8403.0
2976	8427.0
2977	8471.0
2978	8433.0
2979	8526.0
2980	8576.0
2981	8523.0
2982	8488.0
2983	8525.0
2984	8612.0
2985	8665.0
2986	8576.0
2987	8595.0
2988	8554.0
2989	8482.0
2990	8577.0
2991	8521.0
2992	8540.0
2993	8485.0
2994	8486.0
2995	8444.0
2996	8423.0
2997	8380.0
2998	8436.0
2999	8462.0
3000	8497.0
1001	5.893
1002	-4.975
1003	-2.471
1004	4.369
1005	-2.118
1006	-0.8682
1007	1.157
1008	0.4247
1009	1.587
1010	-4.118
1011	0.5818
1012	-2.688
1013	-3.132
1014	2.346
1015	0.4627
1016	-2.192
1017	0.3573
1018	-3.223
1019	0.6413
1020	-3.352
1021	-0.6445
1022	-0.117
1023	-0.7355
1024	-1.632
1025	-0.2587
1026	0.6013
1027	-3.174
1028	-4.137
1029	-8.881
1030	0.6574
1031	-3.306
1032	2.778
1033	-0.5131
1034	-0.5658
1035	-4.46
1036	-0.1721
1037	-0.3557
1038	0.001611
1039	0.1333
1040	1.145
1041	2.447E-4
1042	0.06422
1043	-3.087
1044	-0.5304
1045	0.03114
1046	-4.156
1047	-0.3696
1048	-0.9812
1049	-0.1413
1050	0.5364
1051	-0.5177
1052	-0.5561
1053	0.3134
1054	0.1122
1055	-2.792
1056	-6.476
1057	-3.318
1058	2.714
1059	-3.875
1060	-0.03954
1061	-0.4297
1062	-5.52
1063	-4.75
1064	0.9151
1065	-0.4767
1066	-1.232
1067	-1.297
1068	-1.884
1069	0.4592
1070	-0.7248
1071	0.4053
1072	-0.2973
1073	-0.5681
1074	-0.6128
1075	0.5586
1076	-0.5618
1077	-0.3056
1078	-2.975
1079	-0.06762
1080	-2.232
1081	-0.2124
1082	-0.9607
1083	-0.06534
1084	-0.2999
1085	1.448
1086	-0.8399
1087	-0.6065
1088	-1.524
1089	-0.1385
1090	-0.4291
1091	-0.002457
1092	-0.9843
1093	-1.775
1094	-12.66
1095	-2.52
1096	0.9676
1097	-0.2469
1098	-0.9273
1099	0.2394
1100	0.03577
1101	-1.117
1102	0.002385
1103	0.7272
1104	-1.389
1105	-0.2329
1106	-2.921
1107	-10.02
1108	-0.6059
1109	1.06
1110	-0.934
1111	-0.5371
1112	0.6517
1113	-5.529
1114	-1.619
1115	-0.949
1116	-1.18
1117	-0.58
1118	0.04114
1119	-0.01288
1120	-0.3779
1121	-1.718
1122	-3.298
1123	-1.03
1124	0.4263
1125	1.075
1126	-0.02974
1127	0.215
1128	1.006
1129	-0.1737
1130	-0.8258
1131	0.1769
1132	-2.86
1133	-4.769
1134	-0.3173
1135	0.06983
1136	-1.657
1137	2.059
1138	0.7701
1139	0.1654
1140	-2.138
1141	-2.445
1142	-0.0931
1143	-0.09213
1144	0.02622
1145	0.04376
1146	-3.633
1147	-0.3173
1148	-11.65
1149	-0.3243
1150	0.7884
1151	0.04633
1152	-1.817
1153	1.073
1154	0.7433
1155	-0.2907
1156	0.1181
1157	-0.1658
1158	0.7924
1159	-0.7297
1160	-0.3826
1161	0.5426
1162	-1.249
1163	-2.366
1164	-0.5113
1165	-1.916
1166	0.1333
1167	-0.06276
1168	-1.56
1169	-5.514
1170	-1.035
1171	-3.37
1172	0.5572
1173	-0.4492
1174	-0.007826
1175	-0.3981
1176	-5.473
1177	-3.056
1178	-0.3402
1179	-0.3743
1180	-0.01442
1181	-2.178
1182	-5.024
1183	-0.1491
1184	-0.1907
1185	-1.269
1186	-1.214
1187	-2.295
1188	-2.089
1189	-0.4848
1190	-0.1596
1191	-0.3075
1192	-0.4437
1193	-0.3081
1194	1.616
1195	-1.653
1196	-1.699
1197	3.172
1198	-0.5028
1199	-0.7389
1200	2.029
1201	-0.2997
1202	-0.6434
1203	-2.503
1204	1.512
1205	-0.3181
1206	-3.941
1207	0.02199
1208	-1.061
1209	-1.18
1210	-0.9016
1211	-2.892
1212	-0.8776
1213	-0.8382
1214	-4.467
1215	-1.77
1216	0.437
1217	-2.028
1218	-4.183
1219	0.01831
1220	-1.385
1221	0.04239
1222	-1.859
1223	-0.03266
1224	-0.5162
1225	-0.07636
1226	-4.342
1227	0.01165
1228	-0.8645
1229	1.099
1230	-0.4791
1231	-3.601
1232	0.3384
1233	-2.456
1234	0.5964
1235	0.2155
1236	0.08612
1237	-2.901
1238	0.2622
1239	0.4133
1240	-1.101
1241	-0.7591
1242	0.08416
1243	-1.777
1244	-1.852
1245	-4.814
1246	0.8107
1247	-1.359
1248	1.184
1249	-2.477
1250	1.061
1251	-0.5674
1252	-0.6563
1253	-0.1222
1254	0.3687
1255	-3.303
1256	-3.146
1257	3.301
1258	2.127
1259	-0.08164
1260	8.387
1261	-17.28
1262	-6.667
1263	3.758
1264	-4.838
1265	-7.273
1266	2.815
1267	-0.08823
1268	0.8853
1269	-13.42
1270	-2.751
1271	2.663
1272	-9.437
1273	-13.2
1274	-7.132
1275	0.8526
1276	-2.701
1277	-1.73
1278	-0.4047
1279	-5.188
1280	-0.6714
1281	1.938
1282	-0.9451
1283	-1.184
1284	-4.73
1285	-0.2606
1286	1.291
1287	-0.03714
1288	-1.848
1289	1.271
1290	0.5778
1291	1.037
1292	-3.271
1293	-1.679
1294	-0.004483
1295	1.274
1296	0.562
1297	-8.128
1298	-0.03549
1299	-0.1404
1300	0.1858
1301	0.7688
1302	0.03042
1303	-1.049
1304	-4.221
1305	-3.051
1306	-0.2387
1307	0.7514
1308	-0.5766
1309	-0.06063
1310	0.07479
1311	0.2686
1312	-0.2172
1313	0.6437
1314	-1.951
1315	0.1196
1316	-4.661
1317	-9.926
1318	-1.066
1319	0.3899
1320	0.6179
1321	-0.2721
1322	2.135
1323	-2.261
1324	-3.304
1325	1.949
1326	-5.654
1327	1.563
1328	-0.02541
1329	-3.082
1330	0.1999
1331	-0.546
1332	-1.185
1333	0.4389
1334	2.702
1335	2.78
1336	-3.878
1337	-0.9873
1338	-7.645
1339	4.53
1340	-1.806
1341	-1.452
1342	-1.529
1343	0.7102
1344	2.61
1345	-1.169
1346	-1.282
1347	-11.3
1348	-6.634
1349	-7.116
1350	-6.314
1351	-7.882
1352	4.215
1353	-13.73
1354	2.981
1355	1.177
1356	-3.797
1357	2.284
1358	1.658
1359	-0.3497
1360	-0.2011
1361	-0.4764
1362	-1.312
1363	-0.1396
1364	0.6357
1365	-2.211
1366	1.534
1367	0.9802
1368	-0.9659
1369	0.3796
1370	-14.01
1371	3.293
1372	-5.699
1373	1.308
1374	-3.336
1375	1.205
1376	1.358
1377	0.1676
1378	-0.5254
1379	0.9404
1380	-1.463
1381	-3.624
1382	-0.007139
1383	0.445
1384	0.6144
1385	-0.714
1386	-2.942
1387	-5.744
1388	-6.599
1389	-7.362
1390	8.222
1391	-3.075
1392	2.934
1393	-3.792
1394	-0.059
1395	5.107
1396	-1.613
1397	0.6561
1398	-7.098
1399	-5.773
1400	6.201
1401	-3.54
1402	-1.476
1403	8.489
1404	-3.235
1405	-14.38
1406	-1.849
1407	-10.44
1408	-6.531
1409	-8.918
1410	-1.046
1411	1.643
1412	0.09271
1413	-3.51
1414	1.471
1415	-3.191
1416	2.71
1417	1.255
1418	3.199
1419	-6.016
1420	-1.851
1421	-3.343
1422	-0.8632
1423	0.2749
1424	0.4298
1425	-0.637
1426	-0.06255
1427	-2.148
1428	-8.942
1429	1.79
1430	-1.651
1431	-0.782
1432	-0.1415
1433	-3.228
1434	0.3537
1435	0.7191
1436	-4.827
1437	1.709
1438	-0.9816
1439	-1.636
1440	-0.2105
1441	-0.2951
1442	0.0919
1443	0.1739
1444	-0.7461
1445	0.2431
1446	-0.2995
1447	0.01846
1448	-7.21
1449	-4.964
1450	-0.9943
1451	-0.1672
1452	-1.808
1453	-0.2489
1454	0.1956
1455	-4.409
1456	-2.263
1457	-0.435
1458	-3.361
1459	0.7789
1460	-4.757
1461	-2.821
1462	0.3082
1463	0.6163
1464	-0.5105
1465	0.004835
1466	-1.457
1467	0.4569
1468	0.1754
1469	0.7988
1470	-0.8542
1471	-0.322
1472	-0.6245
1473	-0.07091
1474	-1.7
1475	0.7395
1476	-1.851
1477	-15.57
1478	1.325
1479	-0.0354
1480	0.01102
1481	0.9461
1482	-0.5282
1483	-0.2602
1484	-0.6621
1485	-0.7798
1486	-0.04788
1487	-2.549
1488	0.1878
1489	-0.7203
1490	-1.062
1491	-0.123
1492	-0.8141
1493	-0.9558
1494	0.07397
1495	-0.3616
1496	-2.91
1497	-4.577
1498	-4.866
1499	-5.944
1500	1.213
1501	1.265
1502	0.3842
1503	0.2806
1504	1.127
1505	-1.125
1506	0.1892
1507	-7.935
1508	-2.26
1509	0.2369
1510	-0.4759
1511	-0.2867
1512	-0.2544
1513	0.1016
1514	-3.516
1515	0.4267
1516	-0.07743
1517	-0.2034
1518	-1.087
1519	0.1318
1520	-1.657
1521	-0.09954
1522	0.1729
1523	0.1037
1524	-2.409
1525	-1.692
1526	0.5017
1527	-0.04267
1528	-1.996
1529	0.1791
1530	-1.152
1531	-3.41
1532	0.08032
1533	0.4082
1534	-0.0822
1535	-0.7589
1536	-0.3813
1537	-0.304
1538	-0.4808
1539	-9.253
1540	-5.38
1541	-0.3042
1542	1.287
1543	-0.3614
1544	1.347
1545	-3.358
1546	2.467
1547	1.938
1548	2.565
1549	-4.375
1550	-0.3272
1551	-0.3779
1552	-0.487
1553	-0.04529
1554	-0.148
1555	-0.02992
1556	-0.5596
1557	-0.2822
1558	-0.5402
1559	-0.5333
1560	-3.182
1561	-0.08743
1562	-1.361
1563	-0.4031
1564	-4.313
1565	-0.9215
1566	-2.774
1567	-0.5827
1568	-0.7837
1569	-1.142
1570	-0.4408
1571	-0.1308
1572	-4.258
1573	0.1755
1574	-2.003
1575	-2.565
1576	-5.289
1577	0.7462
1578	-0.08693
1579	0.03644
1580	-0.5328
1581	1.006
1582	-1.274
1583	0.148
1584	-1.769
1585	-0.1702
1586	-0.3494
1587	-2.183
1588	-0.06337
1589	0.5802
1590	-1.14
1591	-0.6604
1592	-0.07257
1593	1.235
1594	0.0845
1595	0.01309
1596	-2.816
1597	-1.25
1598	-0.4088
1599	-0.3494
1600	-4.293
1601	0.02676
1602	-0.7116
1603	0.2217
1604	1.942
1605	-1.448
1606	-0.9873
1607	-0.77
1608	-0.1933
1609	-0.5445
1610	-0.6306
1611	3.594
1612	-6.404
1613	-9.341
1614	-3.162
1615	1.936
1616	-0.2199
1617	1.622
1618	-7.503
1619	1.514
1620	-2.5
1621	-1.034
1622	2.903
1623	-8.893
1624	-0.7381
1625	-4.639
1626	-4.955
1627	-12.66
1628	-3.393
1629	0.4999
1630	-9.769
1631	3.807
1632	-7.928
1633	-0.8077
1634	-1.377
1635	-4.417
1636	-1.84
1637	-3.046
1638	0.03917
1639	-0.86
1640	-0.2805
1641	-1.258
1642	-0.05344
1643	-0.1099
1644	-2.428
1645	-0.4604
1646	-0.6624
1647	0.03089
1648	-1.484
1649	-0.5776
1650	-1.45
1651	-0.2988
1652	-0.4614
1653	1.876
1654	-0.0988
1655	-0.971
1656	-0.1993
1657	0.005023
1658	-1.036
1659	-0.01864
1660	-0.3895
1661	0.677
1662	0.6644
1663	-4.873
1664	1.05
1665	-3.336
1666	-0.05625
1667	-1.19
1668	0.2219
1669	-5.83
1670	-5.095
1671	-0.4188
1672	0.4338
1673	0.5043
1674	-2.351
1675	4.206
1676	-7.696
1677	-3.163
1678	-2.08
1679	1.454
1680	-1.643
1681	1.592
1682	3.555
1683	-1.629
1684	-1.615
1685	-0.5838
1686	0.5075
1687	-0.9633
1688	-0.1842
1689	-0.01711
1690	-0.149
1691	0.2116
1692	3.666
1693	-1.848
1694	-1.594
1695	-0.06906
1696	-2.982
1697	1.331
1698	-2.701
1699	0.5338
1700	-0.2175
1701	0.1144
1702	-0.02156
1703	-1.443
1704	0.2337
1705	-1.611
1706	0.8492
1707	-0.7006
1708	0.02019
1709	0.5586
1710	-0.7353
1711	-0.01006
1712	-6.157
1713	0.04693
1714	-0.6316
1715	-0.08649
1716	-6.148
1717	-0.7415
1718	-0.4557
1719	-1.63
1720	-8.271
1721	-1.793
1722	-3.05
1723	0.09078
1724	-2.093
1725	-1.829
1726	-5.353
1727	-0.03257
1728	3.169
1729	-1.986
1730	-5.435
1731	-17.99
1732	0.6111
1733	-1.296
1734	-5.283
1735	-2.109
1736	-2.898
1737	-1.756
1738	-0.215
1739	1.124
1740	0.8273
1741	-0.4055
1742	1.289
1743	0.2416
1744	-0.02531
1745	-1.17
1746	-0.363
1747	-0.3167
1748	-0.3757
1749	-0.4666
1750	-1.731
1751	-0.7332
1752	-5.997
1753	-2.769
1754	0.3411
1755	0.7141
1756	-0.2589
1757	-0.5421
1758	-0.258
1759	-5.393
1760	0.1594
1761	-0.8484
1762	0.1907
1763	0.4208
1764	0.4303
1765	-0.8588
1766	-1.3
1767	-1.289
1768	-0.7819
1769	-0.9017
1770	1.441
1771	-1.06
1772	1.004
1773	-0.7158
1774	-0.4003
1775	0.1158
1776	-7.948
1777	-5.384
1778	-4.724
1779	4.063
1780	-1.778
1781	-4.338
1782	1.367
1783	3.956
1784	-3.766
1785	-0.2471
1786	-0.528
1787	-6.902
1788	-5.773
1789	-4.632
1790	0.5774
1791	7.269E-4
1792	-0.01264
1793	-0.966
1794	-3.016
1795	-1.027
1796	1.163E-5
1797	-0.6404
1798	0.7205
1799	0.407
1800	-0.2185
1801	-8.354
1802	-0.02167
1803	0.1156
1804	1.037
1805	-2.523
1806	-3.274
1807	0.02517
1808	-0.2817
1809	-0.4563
1810	-0.02575
1811	-1.02
1812	0.1166
1813	-1.286
1814	-2.524
1815	-4.631
1816	-0.9178
1817	0.7691
1818	1.575
1819	2.035
1820	-2.451
1821	-2.142
1822	4.544
1823	-4.539
1824	-3.089
1825	0.01918
1826	-0.7003
1827	-2.633
1828	-0.5093
1829	-2.08
1830	0.7375
1831	0.7292
1832	-2.854
1833	-8.151
1834	-4.256
1835	-0.7237
1836	0.5151
1837	-3.919
1838	4.69
1839	-11.34
1840	-7.447
1841	0.4435
1842	-4.902
1843	3.499
1844	-2.442
1845	2.943
1846	-4.489
1847	2.278
1848	1.042
1849	-2.113
1850	-2.671
1851	-1.348
1852	0.001282
1853	-0.02046
1854	0.6877
1855	1.385
1856	0.7139
1857	-1.47
1858	-9.4
1859	0.617
1860	8.354
1861	-2.782
1862	-1.173
1863	-0.7385
1864	0.9608
1865	-6.181
1866	0.5193
1867	0.1808
1868	-2.1
1869	1.643
1870	1.985
1871	0.4896
1872	-0.2659
1873	-10.82
1874	1.527
1875	3.8
1876	-1.174
1877	-7.192
1878	-12.35
1879	7.42
1880	-3.974
1881	-4.896
1882	-16.36
1883	-0.6488
1884	0.4933
1885	1.21
1886	5.312
1887	-5.557
1888	-1.755
1889	-3.301
1890	-2.937
1891	4.312
1892	-1.783
1893	1.759
1894	3.378
1895	-4.689
1896	-5.466
1897	-10.77
1898	-4.779
1899	1.096
1900	0.4502
1901	-1.604
1902	-0.1983
1903	-0.8891
1904	-1.066
1905	-0.007274
1906	-0.1424
1907	-2.497
1908	0.6852
1909	-1.095
1910	-1.931
1911	-2.57
1912	-2.162
1913	1.089
1914	-0.453
1915	-0.5125
1916	-1.256
1917	-1.239
1918	0.3939
1919	0.9087
1920	-3.015
1921	1.017
1922	2.345
1923	-8.062
1924	6.0
1925	-0.7358
1926	-9.769
1927	-0.8351
1928	-6.064
1929	-1.362
1930	1.578
1931	-2.163
1932	-4.564
1933	-2.442
1934	-11.73
1935	-5.603
1936	-2.15
1937	1.77
1938	-14.22
1939	4.583
1940	-23.77
1941	-9.614
1942	-3.459
1943	0.5117
1944	4.962
1945	1.096
1946	0.4015
1947	7.356E-4
1948	-9.924E-4
1949	0.5741
1950	-4.588
1951	-4.509
1952	2.164
1953	-2.626
1954	0.2727
1955	1.649
1956	1.526
1957	-2.454
1958	-2.788
1959	0.8952
1960	-0.007455
1961	0.2268
1962	0.6223
1963	-5.926
1964	-0.3164
1965	0.5326
1966	-1.223
1967	1.44
1968	0.5002
1969	0.8728
1970	-6.444
1971	3.576
1972	4.025
1973	-0.4357
1974	0.5769
1975	1.456
1976	0.02924
1977	2.445
1978	-0.5204
1979	-2.555
1980	-5.415
1981	-0.1381
1982	-0.5976
1983	-2.237
1984	-1.305
1985	0.8662
1986	2.52
1987	-3.702
1988	-0.8512
1989	-0.6441
1990	-0.2124
1991	-0.1076
1992	-2.217
1993	0.05848
1994	-0.3211
1995	-0.3458
1996	0.01636
1997	0.5215
1998	-0.08953
1999	0.4709
2000	0.4017
2001	0.1603
2002	-6.003
2003	-2.844
2004	-0.2316
2005	-4.224
2006	1.431
2007	-1.36
2008	0.6482
2009	2.291
2010	-0.07392
2011	-1.1
2012	-6.824
2013	-0.2158
2014	-0.01501
2015	-0.01106
2016	0.3352
2017	-0.3631
2018	0.01234
2019	-0.08023
2020	-1.732
2021	0.6769
2022	-0.1963
2023	-0.974
2024	0.01842
2025	-7.407
2026	-2.421
2027	0.405
2028	-0.06092
2029	0.01476
2030	-0.144
2031	-2.341
2032	0.1921
2033	-1.783
2034	-1.239
2035	-5.658
2036	0.6295
2037	0.727
2038	1.043
2039	-2.415
2040	-1.099
2041	-0.1248
2042	0.3599
2043	0.3937
2044	-0.1615
2045	-0.7367
2046	0.5326
2047	-0.479
2048	0.07453
2049	-0.3144
2050	0.297
2051	0.4477
2052	0.4874
2053	-0.07084
2054	2.862
2055	-3.935
2056	-0.4042
2057	1.08
2058	0.2343
2059	-1.72
2060	-8.936
2061	-3.68
2062	1.432
2063	-1.699
2064	1.755
2065	-1.616
2066	1.193
2067	-12.94
2068	4.022
2069	-17.26
2070	-4.818
2071	0.9581
2072	-8.615
2073	-5.871
2074	-2.104
2075	-4.599
2076	1.109
2077	0.2043
2078	-3.121
2079	1.252
2080	1.119
2081	1.06
2082	0.9636
2083	-8.449
2084	2.494
2085	-0.4373
2086	1.491
2087	-1.75
2088	-0.0546
2089	-2.585
2090	0.04215
2091	0.217
2092	-1.192
2093	-2.364
2094	-0.2171
2095	-0.4492
2096	-2.872
2097	0.2296
2098	-0.4015
2099	-2.822
2100	-0.4851
2101	-0.2548
2102	0.02084
2103	-0.3571
2104	-2.142
2105	0.1412
2106	-1.918
2107	-1.902
2108	-0.2963
2109	0.5679
2110	0.8113
2111	-0.3064
2112	-0.3944
2113	-0.7078
2114	2.599
2115	0.6365
2116	-0.734
2117	0.2271
2118	0.1125
2119	-4.68
2120	-2.974
2121	0.5126
2122	-1.753
2123	-0.6746
2124	-0.02918
2125	-0.02711
2126	-0.9094
2127	0.1129
2128	-4.054
2129	5.237
2130	-4.656
2131	-0.991
2132	-1.334
2133	-1.073
2134	-0.6824
2135	0.404
2136	-0.1145
2137	1.525
2138	-0.05672
2139	3.153
2140	0.04564
2141	-0.3218
2142	1.758
2143	-0.08696
2144	-0.2004
2145	0.6774
2146	-0.001086
2147	-0.0123
2148	-0.07555
2149	-2.152
2150	-2.52
2151	3.56
2152	2.172
2153	-3.284
2154	-0.1811
2155	-1.142
2156	2.597
2157	-0.6404
2158	-1.233
2159	-0.6503
2160	-1.317
2161	-1.658
2162	-1.472
2163	-0.8894
2164	-0.02756
2165	-0.1273
2166	-0.3683
2167	-0.01906
2168	-0.8606
2169	0.3672
2170	-0.05226
2171	1.357
2172	0.4544
2173	0.01791
2174	-0.2278
2175	2.322
2176	1.688
2177	0.2872
2178	-0.06712
2179	-0.00288
2180	-0.7535
2181	-0.6915
2182	-4.11
2183	-1.699
2184	-4.98
2185	1.336
2186	-11.23
2187	-1.944
2188	0.3587
2189	-1.903
2190	-0.2917
2191	-0.5229
2192	2.074
2193	3.657
2194	4.584
2195	0.06966
2196	-0.14
2197	1.458
2198	-0.2315
2199	-2.531
2200	0.9198
2201	1.033
2202	-0.6605
2203	-1.821
2204	-4.085
2205	-2.372
2206	-6.22
2207	-0.00463
2208	0.07583
2209	-0.1531
2210	0.07879
2211	-0.5757
2212	-0.4054
2213	0.8261
2214	1.708
2215	-5.469
2216	-3.682
2217	-0.4526
2218	0.04455
2219	-0.3942
2220	-0.006379
2221	-0.9107
2222	0.006067
2223	-0.171
2224	-0.4861
2225	-3.361
2226	-0.9409
2227	0.9517
2228	0.9749
2229	0.02553
2230	-0.03051
2231	-1.967
2232	-1.601
2233	1.2
2234	1.293
2235	2.667
2236	0.1307
2237	-2.516
2238	-2.901
2239	-0.7825
2240	-0.7628
2241	-0.03926
2242	1.24
2243	-0.9698
2244	-1.361
2245	-4.035
2246	1.04
2247	1.354
2248	2.003
2249	-3.425
2250	0.102
2251	-2.386
2252	-0.2249
2253	0.3679
2254	-4.239
2255	3.278
2256	3.103
2257	0.5575
2258	-2.733
2259	-2.569
2260	0.5911
2261	0.449
2262	-2.895
2263	-2.676
2264	-4.166
2265	-0.3646
2266	-0.7863
2267	-0.127
2268	-1.933
2269	-0.1874
2270	-2.098
2271	-5.055
2272	-2.974
2273	0.8826
2274	-1.183
2275	-0.2553
2276	2.478
2277	-0.6616
2278	-1.134
2279	0.335
2280	0.2461
2281	0.1551
2282	-0.4012
2283	-1.07
2284	0.4113
2285	-0.4242
2286	-1.151
2287	0.908
2288	-0.2197
2289	-1.554
2290	-2.533
2291	0.01823
2292	-4.989
2293	-2.08
2294	-7.072
2295	-0.5921
2296	2.426
2297	-1.356
2298	0.7646
2299	-1.761
2300	-1.305
2301	0.156
2302	-0.9121
2303	0.4672
2304	-0.002893
2305	1.759
2306	-0.6228
2307	-0.2329
2308	1.499
2309	-3.492
2310	-0.6481
2311	-0.1265
2312	-4.574
2313	1.227
2314	-2.354
2315	-0.5975
2316	-12.71
2317	-3.666
2318	0.3472
2319	1.596
2320	0.6958
2321	1.786
2322	0.5395
2323	0.9623
2324	0.04673
2325	-1.252
2326	-2.16
2327	-2.473
2328	0.9744
2329	-0.8625
2330	-0.2577
2331	-3.208
2332	-1.795
2333	0.3878
2334	-1.064
2335	-1.606
2336	0.03188
2337	-0.06034
2338	-0.8571
2339	0.8943
2340	-2.133
2341	-3.057
2342	0.2008
2343	-0.208
2344	0.7967
2345	-0.2912
2346	0.06764
2347	-1.664
2348	-0.367
2349	-0.8869
2350	-0.2716
2351	0.4187
2352	-1.651
2353	-7.042
2354	-1.063
2355	0.5434
2356	0.5081
2357	-1.084
2358	0.6287
2359	-0.2887
2360	-0.1496
2361	0.4153
2362	0.4158
2363	-0.1655
2364	-3.636
2365	-1.332
2366	-0.3686
2367	-0.5164
2368	-1.473
2369	0.8546
2370	-0.437
2371	-0.7128
2372	-2.857
2373	-3.025
2374	-0.1381
2375	-2.29
2376	0.07211
2377	0.01324
2378	-1.167
2379	0.3444
2380	-5.162
2381	-0.0594
2382	0.04059
2383	-0.2854
2384	-0.4676
2385	-2.19
2386	-2.484
2387	-7.943
2388	-0.1472
2389	-0.7914
2390	-0.02756
2391	-0.2254
2392	1.064
2393	-0.7124
2394	0.55
2395	-1.237
2396	-7.026
2397	1.037
2398	0.2883
2399	-0.08507
2400	-0.7463
2401	0.4533
2402	-0.6475
2403	-0.7726
2404	0.4847
2405	0.2709
2406	-0.9235
2407	0.0451
2408	-1.348
2409	0.2759
2410	0.7492
2411	-1.222
2412	-0.7895
2413	-0.08606
2414	-0.007241
2415	-0.05367
2416	-7.349
2417	-10.04
2418	-2.286
2419	0.2555
2420	0.5243
2421	-0.7932
2422	-2.14
2423	-1.608
2424	-1.876
2425	-5.911
2426	-1.111
2427	-0.9936
2428	-4.207
2429	-0.7693
2430	-0.2048
2431	-0.02287
2432	0.04555
2433	-0.8679
2434	0.1039
2435	-0.004213
2436	-0.1357
2437	0.07899
2438	0.2154
2439	-0.08377
2440	-0.04042
2441	0.5224
2442	-2.134
2443	-0.007106
2444	-0.09164
2445	-0.543
2446	0.6441
2447	-0.4713
2448	0.5686
2449	-2.555
2450	-19.35
2451	0.3512
2452	-1.493
2453	-0.02325
2454	0.0623
2455	-1.544
2456	-0.02897
2457	-0.2826
2458	0.7793
2459	0.5962
2460	-3.336
2461	0.6533
2462	0.941
2463	-2.973
2464	1.042
2465	0.2682
2466	-0.4111
2467	2.632
2468	-0.9875
2469	-0.7298
2470	-4.364
2471	-6.214
2472	-0.9807
2473	-0.3097
2474	-0.4247
2475	-0.1622
2476	-0.4239
2477	-0.4504
2478	0.8899
2479	-0.76
2480	-2.013
2481	-0.1661
2482	-1.099
2483	-2.908
2484	0.2408
2485	-1.533
2486	-6.062
2487	-0.5312
2488	-0.4446
2489	-0.7056
2490	-0.449
2491	0.4154
2492	0.2459
2493	-0.4011
2494	-0.00556
2495	0.09913
2496	0.1374
2497	-0.5357
2498	-0.7188
2499	-2.028
2500	0.07686
2501	0.06817
2502	-0.03867
2503	-0.07963
2504	-1.667
2505	-5.59
2506	0.0134
2507	-0.4886
2508	-2.058
2509	-0.6481
2510	0.01103
2511	-0.5272
2512	-0.04454
2513	0.6923
2514	-1.573
2515	0.4365
2516	-0.5069
2517	0.1321
2518	-2.363
2519	-0.3326
2520	0.2146
2521	-2.234
2522	-0.2616
2523	1.56
2524	-2.0
2525	-0.6387
2526	1.093
2527	0.2326
2528	-0.06371
2529	0.03389
2530	-0.52
2531	-0.9613
2532	-0.01709
2533	-1.032
2534	-0.01175
2535	-0.04199
2536	0.01405
2537	-1.831
2538	-2.47
2539	-5.092
2540	1.287
2541	0.213
2542	-0.9272
2543	-0.07071
2544	-0.1851
2545	-3.052
2546	-1.718
2547	0.294
2548	-0.1225
2549	-0.4986
2550	-2.145
2551	-0.9611
2552	-0.9176
2553	-0.1326
2554	-0.5768
2555	0.9724
2556	-5.69
2557	-5.339
2558	-5.91
2559	-2.184
2560	-2.505
2561	0.8038
2562	-2.743
2563	-1.251
2564	-0.7428
2565	0.05496
2566	0.06523
2567	0.04434
2568	-3.454
2569	0.7152
2570	0.5139
2571	0.1538
2572	-1.3
2573	-2.077
2574	-4.788
2575	0.8019
2576	0.2878
2577	-0.4308
2578	1.055
2579	-6.482
2580	-0.5129
2581	-0.2756
2582	-0.02795
2583	-0.2923
2584	0.2717
2585	0.05562
2586	-0.5998
2587	0.01089
2588	1.248
2589	-4.182
2590	-2.874
2591	-0.4851
2592	-0.6532
2593	-0.1911
2594	-0.08596
2595	-0.1278
2596	-2.798
2597	0.5802
2598	0.1375
2599	-0.6002
2600	-1.561
2601	-0.5347
2602	-0.1531
2603	-0.6462
2604	-5.906
2605	-0.8098
2606	0.003293
2607	-0.7045
2608	-1.18
2609	-1.419
2610	0.02958
2611	-0.07088
2612	0.01216
2613	0.8651
2614	0.9255
2615	-0.1174
2616	-0.08339
2617	-1.058
2618	-0.173
2619	0.8431
2620	-0.9242
2621	-0.6962
2622	-0.466
2623	-4.308
2624	-1.027
2625	-0.6233
2626	0.06049
2627	-0.264
2628	-0.2801
2629	-3.551
2630	0.866
2631	-1.905
2632	-2.077
2633	2.256
2634	0.3436
2635	-0.09631
2636	0.03918
2637	-0.578
2638	-3.431
2639	1.484
2640	2.832
2641	-0.6123
2642	1.257
2643	-0.2193
2644	-7.338
2645	-5.847
2646	0.6784
2647	-6.355
2648	-3.314
2649	0.726
2650	0.05756
2651	-0.474
2652	0.2262
2653	0.008508
2654	-9.244
2655	0.08995
2656	-2.704
2657	-2.247
2658	-1.776
2659	0.6415
2660	-0.1067
2661	-0.4529
2662	-0.3993
2663	-1.247
2664	0.5752
2665	-5.526
2666	0.2235
2667	-0.6256
2668	0.7415
2669	3.95
2670	0.3994
2671	-2.967
2672	-9.548
2673	1.534
2674	-0.9479
2675	1.55
2676	3.385
2677	-2.709
2678	-2.777
2679	1.109
2680	0.6207
2681	0.78
2682	-0.2601
2683	1.139
2684	1.01
2685	0.882
2686	-2.6
2687	-0.3139
2688	-0.1279
2689	-1.235
2690	-5.885
2691	-4.415
2692	-0.4056
2693	-0.06494
2694	-0.2036
2695	-5.108
2696	1.634
2697	-2.753
2698	-0.1541
2699	-0.8892
2700	-6.057
2701	0.2908
2702	-0.9727
2703	0.1445
2704	0.7304
2705	0.8887
2706	1.175
2707	0.5242
2708	0.4286
2709	-4.476
2710	0.54
2711	0.2937
2712	-0.3478
2713	-5.303
2714	-1.345
2715	-0.2673
2716	-1.292
2717	-0.2901
2718	-3.854
2719	-2.454
2720	-1.59
2721	-3.061
2722	-1.965
2723	-0.08762
2724	-0.04197
2725	0.00464
2726	-1.886
2727	5.241
2728	0.9998
2729	-2.766
2730	-3.781
2731	-7.355
2732	0.1881
2733	1.928
2734	-1.583
2735	-2.445
2736	-0.9601
2737	-1.449
2738	-0.2694
2739	0.00387
2740	-1.847
2741	-0.1364
2742	-4.867
2743	-0.3716
2744	0.0462
2745	0.3744
2746	-2.53
2747	-0.4349
2748	0.241
2749	-3.873
2750	0.4192
2751	-0.2387
2752	0.07142
2753	-0.4148
2754	-4.046
2755	-0.8857
2756	-0.07169
2757	-6.204
2758	0.2511
2759	-1.136
2760	-4.791
2761	1.249
2762	-0.2028
2763	-0.1549
2764	-0.0722
2765	-1.891
2766	-4.581
2767	-5.333
2768	-6.403
2769	1.434
2770	-3.469
2771	2.15
2772	-7.332
2773	-4.269
2774	0.1167
2775	-6.459
2776	-3.348
2777	3.368
2778	5.839
2779	-5.938
2780	-8.173
2781	-7.991
2782	3.19
2783	2.514
2784	1.99
2785	-1.755
2786	1.641
2787	0.03497
2788	1.576
2789	7.992
2790	6.482
2791	-9.224
2792	2.648
2793	2.487
2794	-1.728
2795	-1.7
2796	1.828
2797	-2.522
2798	-2.37
2799	-3.007
2800	1.702
2801	2.724
2802	-0.3366
2803	-0.3626
2804	1.838
2805	2.767
2806	0.4659
2807	-2.858
2808	-5.392
2809	-6.699
2810	3.872
2811	3.513
2812	-4.132
2813	5.095
2814	3.056
2815	-3.018
2816	-0.5453
2817	-2.177
2818	-0.5286
2819	-6.3
2820	-0.06133
2821	-7.001
2822	1.968
2823	0.7882
2824	-2.503
2825	-0.3299
2826	-2.399
2827	0.02439
2828	1.947
2829	-3.668
2830	-9.566
2831	-3.208
2832	-2.746
2833	-1.676
2834	0.3579
2835	-0.07464
2836	-0.1454
2837	-1.799
2838	-6.528
2839	-1.82
2840	-0.3734
2841	-0.5246
2842	-0.1244
2843	0.8227
2844	-0.2195
2845	-2.863
2846	-0.6799
2847	-0.9292
2848	0.1602
2849	0.4977
2850	-1.419
2851	-0.001683
2852	-5.572
2853	-0.5468
2854	0.5299
2855	0.2362
2856	-3.037
2857	-1.988
2858	0.05614
2859	-4.594
2860	-0.7173
2861	1.658
2862	-9.144
2863	-6.555
2864	-1.652
2865	-0.3327
2866	-0.1642
2867	0.2747
2868	-0.9519
2869	-3.837
2870	-0.1656
2871	-0.2357
2872	-0.418
2873	-1.32
2874	-1.822
2875	-4.404
2876	-0.1332
2877	-0.5381
2878	-4.133
2879	0.1055
2880	-0.4009
2881	0.7131
2882	-9.625
2883	2.098
2884	-0.4681
2885	4.19
2886	1.622
2887	-0.9027
2888	-1.462
2889	-3.87
2890	-3.952E-4
2891	0.2685
2892	-1.834
2893	-7.526
2894	-0.04827
2895	-0.5429
2896	1.746
2897	0.2112
2898	-0.2819
2899	-1.018
2900	-1.468
2901	0.1657
2902	2.132
2903	-0.5511
2904	-1.4
2905	-0.2534
2906	-0.6605
2907	0.1827
2908	-0.6892
2909	-0.1665
2910	-6.262
2911	0.512
2912	0.1322
2913	-0.3392
2914	-6.086
2915	-3.187
2916	0.8623
2917	1.006
2918	1.562
2919	-1.584
2920	2.026
2921	0.309
2922	-2.447
2923	-0.701
2924	-4.904
2925	0.2596
2926	-0.4562
2927	-1.384
2928	-0.1536
2929	-4.633
2930	-0.5878
2931	0.7228
2932	0.7786
2933	-2.893
2934	0.008588
2935	-2.919
2936	-5.107
2937	-1.967
2938	-0.8739
2939	-2.374
2940	0.588
2941	-1.409
2942	-1.38
2943	-1.25
2944	-0.8213
2945	-0.09066
2946	0.5941
2947	-1.812
2948	-3.7
2949	-9.16
2950	-3.87
2951	1.096
2952	0.7615
2953	-0.6838
2954	-0.6886
2955	-1.482
2956	-0.7646
2957	-0.4903
2958	0.4754
2959	0.1085
2960	-3.502
2961	0.005271
2962	0.7654
2963	1.33
2964	-0.06321
2965	-0.6273
2966	-2.792
2967	-0.8556
2968	0.3007
2969	-11.22
2970	-0.412
2971	-1.392
2972	0.689
2973	-0.07566
2974	-0.2898
2975	-0.8468
2976	-1.048
2977	0.3273
2978	-0.6043
2979	0.06548
2980	0.7775
2981	1.146
2982	0.09604
2983	-0.5051
2984	0.5249
2985	-2.002
2986	-5.032
2987	-5.777
2988	0.9873
2989	0.1413
2990	8.908E-4
2991	-3.535
2992	-0.5554
2993	-0.01146
2994	-0.3663
2995	-1.153
2996	-2.625
2997	1.472
2998	-0.9465
2999	1.923
3000	-2.36
