deviance	1	500
gam1[1]	501	1000
gam1[2]	1001	1500
gam2[1]	1501	2000
gam2[2]	2001	2500
lam1[1]	2501	3000
lam1[2]	3001	3500
lam1[3]	3501	4000
lam1[4]	4001	4500
lam1[5]	4501	5000
lam1[6]	5001	5500
lam1[7]	5501	6000
lam1[8]	6001	6500
lam2[1]	6501	7000
lam2[2]	7001	7500
lam2[3]	7501	8000
lam2[4]	8001	8500
lam2[5]	8501	9000
lam2[6]	9001	9500
lam2[7]	9501	10000
lam2[8]	10001	10500
mu.y1[1]	10501	11000
mu.y1[2]	11001	11500
mu.y1[3]	11501	12000
mu.y1[4]	12001	12500
mu.y1[5]	12501	13000
mu.y1[6]	13001	13500
mu.y1[7]	13501	14000
mu.y1[8]	14001	14500
mu.y1[9]	14501	15000
mu.y1[10]	15001	15500
mu.y1[11]	15501	16000
mu.y2[1]	16001	16500
mu.y2[2]	16501	17000
mu.y2[3]	17001	17500
mu.y2[4]	17501	18000
mu.y2[5]	18001	18500
mu.y2[6]	18501	19000
mu.y2[7]	19001	19500
mu.y2[8]	19501	20000
mu.y2[9]	20001	20500
mu.y2[10]	20501	21000
mu.y2[11]	21001	21500
phi1[1,1]	21501	22000
phi1[1,2]	22001	22500
phi1[2,1]	22501	23000
phi1[2,2]	23001	23500
phi2[1,1]	23501	24000
phi2[1,2]	24001	24500
phi2[2,1]	24501	25000
phi2[2,2]	25001	25500
psd1	25501	26000
psd2	26001	26500
psi1[1]	26501	27000
psi1[2]	27001	27500
psi1[3]	27501	28000
psi1[4]	28001	28500
psi1[5]	28501	29000
psi1[6]	29001	29500
psi1[7]	29501	30000
psi1[8]	30001	30500
psi1[9]	30501	31000
psi1[10]	31001	31500
psi1[11]	31501	32000
psi2[1]	32001	32500
psi2[2]	32501	33000
psi2[3]	33001	33500
psi2[4]	33501	34000
psi2[5]	34001	34500
psi2[6]	34501	35000
psi2[7]	35001	35500
psi2[8]	35501	36000
psi2[9]	36001	36500
psi2[10]	36501	37000
psi2[11]	37001	37500
