1001	8628.0
1002	8745.0
1003	8682.0
1004	8683.0
1005	8685.0
1006	8579.0
1007	8639.0
1008	8617.0
1009	8665.0
1010	8668.0
1011	8585.0
1012	8608.0
1013	8580.0
1014	8679.0
1015	8692.0
1016	8719.0
1017	8636.0
1018	8635.0
1019	8649.0
1020	8630.0
1021	8600.0
1022	8619.0
1023	8593.0
1024	8477.0
1025	8537.0
1026	8592.0
1027	8534.0
1028	8554.0
1029	8605.0
1030	8660.0
1031	8584.0
1032	8494.0
1033	8468.0
1034	8488.0
1035	8473.0
1036	8476.0
1037	8542.0
1038	8616.0
1039	8565.0
1040	8582.0
1041	8536.0
1042	8515.0
1043	8535.0
1044	8556.0
1045	8548.0
1046	8530.0
1047	8520.0
1048	8603.0
1049	8590.0
1050	8616.0
1051	8576.0
1052	8490.0
1053	8553.0
1054	8635.0
1055	8622.0
1056	8627.0
1057	8526.0
1058	8559.0
1059	8528.0
1060	8591.0
1061	8538.0
1062	8544.0
1063	8627.0
1064	8615.0
1065	8496.0
1066	8497.0
1067	8573.0
1068	8560.0
1069	8584.0
1070	8623.0
1071	8640.0
1072	8757.0
1073	8694.0
1074	8602.0
1075	8601.0
1076	8613.0
1077	8581.0
1078	8559.0
1079	8605.0
1080	8683.0
1081	8660.0
1082	8610.0
1083	8593.0
1084	8673.0
1085	8583.0
1086	8519.0
1087	8513.0
1088	8546.0
1089	8605.0
1090	8567.0
1091	8539.0
1092	8620.0
1093	8656.0
1094	8576.0
1095	8600.0
1096	8537.0
1097	8473.0
1098	8409.0
1099	8474.0
1100	8574.0
1101	8692.0
1102	8663.0
1103	8506.0
1104	8564.0
1105	8647.0
1106	8619.0
1107	8549.0
1108	8535.0
1109	8447.0
1110	8467.0
1111	8525.0
1112	8530.0
1113	8584.0
1114	8599.0
1115	8555.0
1116	8679.0
1117	8658.0
1118	8665.0
1119	8610.0
1120	8556.0
1121	8611.0
1122	8661.0
1123	8592.0
1124	8714.0
1125	8632.0
1126	8654.0
1127	8606.0
1128	8564.0
1129	8615.0
1130	8658.0
1131	8617.0
1132	8575.0
1133	8571.0
1134	8547.0
1135	8642.0
1136	8650.0
1137	8634.0
1138	8645.0
1139	8714.0
1140	8627.0
1141	8622.0
1142	8562.0
1143	8511.0
1144	8499.0
1145	8497.0
1146	8486.0
1147	8442.0
1148	8520.0
1149	8512.0
1150	8545.0
1151	8604.0
1152	8648.0
1153	8637.0
1154	8588.0
1155	8649.0
1156	8594.0
1157	8592.0
1158	8552.0
1159	8636.0
1160	8578.0
1161	8612.0
1162	8550.0
1163	8519.0
1164	8519.0
1165	8578.0
1166	8599.0
1167	8650.0
1168	8582.0
1169	8580.0
1170	8540.0
1171	8596.0
1172	8536.0
1173	8449.0
1174	8445.0
1175	8456.0
1176	8570.0
1177	8591.0
1178	8533.0
1179	8501.0
1180	8619.0
1181	8666.0
1182	8671.0
1183	8702.0
1184	8628.0
1185	8590.0
1186	8600.0
1187	8569.0
1188	8567.0
1189	8609.0
1190	8513.0
1191	8455.0
1192	8500.0
1193	8516.0
1194	8494.0
1195	8454.0
1196	8413.0
1197	8442.0
1198	8525.0
1199	8525.0
1200	8525.0
1201	8484.0
1202	8573.0
1203	8650.0
1204	8616.0
1205	8679.0
1206	8663.0
1207	8729.0
1208	8699.0
1209	8658.0
1210	8560.0
1211	8558.0
1212	8637.0
1213	8573.0
1214	8524.0
1215	8520.0
1216	8546.0
1217	8596.0
1218	8531.0
1219	8610.0
1220	8657.0
1221	8475.0
1222	8476.0
1223	8491.0
1224	8498.0
1225	8533.0
1226	8452.0
1227	8500.0
1228	8508.0
1229	8559.0
1230	8629.0
1231	8587.0
1232	8599.0
1233	8636.0
1234	8672.0
1235	8591.0
1236	8653.0
1237	8740.0
1238	8617.0
1239	8671.0
1240	8591.0
1241	8640.0
1242	8535.0
1243	8558.0
1244	8506.0
1245	8560.0
1246	8472.0
1247	8484.0
1248	8489.0
1249	8532.0
1250	8570.0
1251	8582.0
1252	8555.0
1253	8465.0
1254	8501.0
1255	8474.0
1256	8533.0
1257	8567.0
1258	8443.0
1259	8544.0
1260	8518.0
1261	8510.0
1262	8415.0
1263	8455.0
1264	8450.0
1265	8453.0
1266	8526.0
1267	8498.0
1268	8464.0
1269	8397.0
1270	8520.0
1271	8559.0
1272	8495.0
1273	8481.0
1274	8476.0
1275	8527.0
1276	8588.0
1277	8644.0
1278	8665.0
1279	8696.0
1280	8706.0
1281	8723.0
1282	8569.0
1283	8560.0
1284	8534.0
1285	8580.0
1286	8542.0
1287	8630.0
1288	8591.0
1289	8585.0
1290	8526.0
1291	8509.0
1292	8471.0
1293	8562.0
1294	8579.0
1295	8584.0
1296	8580.0
1297	8570.0
1298	8549.0
1299	8593.0
1300	8554.0
1301	8612.0
1302	8566.0
1303	8529.0
1304	8563.0
1305	8599.0
1306	8675.0
1307	8722.0
1308	8585.0
1309	8618.0
1310	8637.0
1311	8666.0
1312	8704.0
1313	8594.0
1314	8531.0
1315	8615.0
1316	8591.0
1317	8577.0
1318	8584.0
1319	8581.0
1320	8581.0
1321	8620.0
1322	8590.0
1323	8620.0
1324	8649.0
1325	8518.0
1326	8499.0
1327	8501.0
1328	8516.0
1329	8518.0
1330	8505.0
1331	8538.0
1332	8549.0
1333	8480.0
1334	8443.0
1335	8539.0
1336	8629.0
1337	8582.0
1338	8577.0
1339	8609.0
1340	8579.0
1341	8593.0
1342	8611.0
1343	8641.0
1344	8613.0
1345	8674.0
1346	8551.0
1347	8569.0
1348	8506.0
1349	8562.0
1350	8607.0
1351	8698.0
1352	8641.0
1353	8583.0
1354	8569.0
1355	8545.0
1356	8547.0
1357	8568.0
1358	8601.0
1359	8551.0
1360	8593.0
1361	8473.0
1362	8489.0
1363	8511.0
1364	8587.0
1365	8637.0
1366	8600.0
1367	8507.0
1368	8551.0
1369	8570.0
1370	8573.0
1371	8595.0
1372	8639.0
1373	8549.0
1374	8568.0
1375	8538.0
1376	8505.0
1377	8568.0
1378	8647.0
1379	8564.0
1380	8583.0
1381	8605.0
1382	8558.0
1383	8527.0
1384	8598.0
1385	8553.0
1386	8495.0
1387	8562.0
1388	8594.0
1389	8592.0
1390	8590.0
1391	8602.0
1392	8641.0
1393	8576.0
1394	8631.0
1395	8695.0
1396	8714.0
1397	8623.0
1398	8559.0
1399	8563.0
1400	8481.0
1401	8556.0
1402	8518.0
1403	8460.0
1404	8498.0
1405	8443.0
1406	8499.0
1407	8467.0
1408	8529.0
1409	8617.0
1410	8575.0
1411	8549.0
1412	8502.0
1413	8512.0
1414	8554.0
1415	8599.0
1416	8557.0
1417	8492.0
1418	8556.0
1419	8526.0
1420	8549.0
1421	8592.0
1422	8543.0
1423	8392.0
1424	8462.0
1425	8420.0
1426	8435.0
1427	8474.0
1428	8438.0
1429	8491.0
1430	8478.0
1431	8402.0
1432	8395.0
1433	8397.0
1434	8503.0
1435	8620.0
1436	8601.0
1437	8575.0
1438	8621.0
1439	8535.0
1440	8517.0
1441	8394.0
1442	8478.0
1443	8506.0
1444	8476.0
1445	8582.0
1446	8529.0
1447	8546.0
1448	8532.0
1449	8492.0
1450	8498.0
1451	8496.0
1452	8559.0
1453	8536.0
1454	8541.0
1455	8615.0
1456	8612.0
1457	8527.0
1458	8540.0
1459	8516.0
1460	8504.0
1461	8536.0
1462	8568.0
1463	8550.0
1464	8565.0
1465	8512.0
1466	8552.0
1467	8590.0
1468	8583.0
1469	8595.0
1470	8630.0
1471	8511.0
1472	8519.0
1473	8579.0
1474	8656.0
1475	8641.0
1476	8583.0
1477	8545.0
1478	8712.0
1479	8633.0
1480	8734.0
1481	8739.0
1482	8719.0
1483	8735.0
1484	8616.0
1485	8596.0
1486	8639.0
1487	8504.0
1488	8544.0
1489	8576.0
1490	8521.0
1491	8486.0
1492	8434.0
1493	8546.0
1494	8612.0
1495	8539.0
1496	8579.0
1497	8587.0
1498	8698.0
1499	8656.0
1500	8589.0
1501	8557.0
1502	8539.0
1503	8498.0
1504	8506.0
1505	8505.0
1506	8613.0
1507	8588.0
1508	8600.0
1509	8458.0
1510	8490.0
1511	8440.0
1512	8533.0
1513	8583.0
1514	8525.0
1515	8560.0
1516	8603.0
1517	8533.0
1518	8566.0
1519	8484.0
1520	8470.0
1521	8491.0
1522	8528.0
1523	8458.0
1524	8518.0
1525	8442.0
1526	8403.0
1527	8345.0
1528	8487.0
1529	8395.0
1530	8466.0
1531	8491.0
1532	8461.0
1533	8463.0
1534	8443.0
1535	8496.0
1536	8474.0
1537	8558.0
1538	8580.0
1539	8625.0
1540	8628.0
1541	8655.0
1542	8587.0
1543	8508.0
1544	8508.0
1545	8539.0
1546	8477.0
1547	8551.0
1548	8583.0
1549	8569.0
1550	8536.0
1551	8549.0
1552	8576.0
1553	8563.0
1554	8495.0
1555	8432.0
1556	8510.0
1557	8550.0
1558	8528.0
1559	8462.0
1560	8600.0
1561	8606.0
1562	8548.0
1563	8579.0
1564	8537.0
1565	8573.0
1566	8556.0
1567	8458.0
1568	8451.0
1569	8399.0
1570	8438.0
1571	8477.0
1572	8462.0
1573	8482.0
1574	8493.0
1575	8484.0
1576	8510.0
1577	8453.0
1578	8451.0
1579	8553.0
1580	8472.0
1581	8439.0
1582	8521.0
1583	8539.0
1584	8476.0
1585	8503.0
1586	8417.0
1587	8374.0
1588	8508.0
1589	8505.0
1590	8581.0
1591	8540.0
1592	8560.0
1593	8551.0
1594	8660.0
1595	8555.0
1596	8686.0
1597	8598.0
1598	8643.0
1599	8596.0
1600	8567.0
1601	8517.0
1602	8486.0
1603	8490.0
1604	8597.0
1605	8595.0
1606	8518.0
1607	8533.0
1608	8535.0
1609	8539.0
1610	8516.0
1611	8520.0
1612	8470.0
1613	8475.0
1614	8538.0
1615	8476.0
1616	8505.0
1617	8517.0
1618	8515.0
1619	8603.0
1620	8571.0
1621	8670.0
1622	8702.0
1623	8642.0
1624	8671.0
1625	8564.0
1626	8582.0
1627	8598.0
1628	8621.0
1629	8561.0
1630	8585.0
1631	8609.0
1632	8538.0
1633	8512.0
1634	8527.0
1635	8550.0
1636	8676.0
1637	8653.0
1638	8613.0
1639	8659.0
1640	8560.0
1641	8498.0
1642	8483.0
1643	8568.0
1644	8479.0
1645	8429.0
1646	8473.0
1647	8501.0
1648	8342.0
1649	8408.0
1650	8388.0
1651	8486.0
1652	8476.0
1653	8529.0
1654	8578.0
1655	8530.0
1656	8518.0
1657	8508.0
1658	8532.0
1659	8566.0
1660	8537.0
1661	8591.0
1662	8615.0
1663	8537.0
1664	8586.0
1665	8613.0
1666	8607.0
1667	8627.0
1668	8653.0
1669	8624.0
1670	8511.0
1671	8546.0
1672	8649.0
1673	8639.0
1674	8588.0
1675	8637.0
1676	8588.0
1677	8558.0
1678	8568.0
1679	8542.0
1680	8605.0
1681	8459.0
1682	8504.0
1683	8523.0
1684	8549.0
1685	8409.0
1686	8488.0
1687	8521.0
1688	8559.0
1689	8505.0
1690	8490.0
1691	8467.0
1692	8466.0
1693	8516.0
1694	8465.0
1695	8440.0
1696	8497.0
1697	8473.0
1698	8564.0
1699	8507.0
1700	8569.0
1701	8558.0
1702	8605.0
1703	8496.0
1704	8493.0
1705	8502.0
1706	8461.0
1707	8438.0
1708	8452.0
1709	8470.0
1710	8477.0
1711	8437.0
1712	8366.0
1713	8399.0
1714	8459.0
1715	8492.0
1716	8343.0
1717	8398.0
1718	8370.0
1719	8362.0
1720	8365.0
1721	8496.0
1722	8465.0
1723	8418.0
1724	8388.0
1725	8422.0
1726	8412.0
1727	8481.0
1728	8430.0
1729	8485.0
1730	8630.0
1731	8580.0
1732	8591.0
1733	8660.0
1734	8619.0
1735	8645.0
1736	8687.0
1737	8771.0
1738	8647.0
1739	8619.0
1740	8629.0
1741	8675.0
1742	8535.0
1743	8504.0
1744	8465.0
1745	8568.0
1746	8486.0
1747	8497.0
1748	8578.0
1749	8456.0
1750	8582.0
1751	8583.0
1752	8594.0
1753	8605.0
1754	8617.0
1755	8462.0
1756	8437.0
1757	8488.0
1758	8514.0
1759	8499.0
1760	8518.0
1761	8574.0
1762	8509.0
1763	8540.0
1764	8546.0
1765	8574.0
1766	8594.0
1767	8660.0
1768	8593.0
1769	8577.0
1770	8557.0
1771	8556.0
1772	8635.0
1773	8610.0
1774	8575.0
1775	8550.0
1776	8610.0
1777	8565.0
1778	8461.0
1779	8506.0
1780	8539.0
1781	8516.0
1782	8575.0
1783	8536.0
1784	8532.0
1785	8572.0
1786	8518.0
1787	8470.0
1788	8464.0
1789	8469.0
1790	8424.0
1791	8502.0
1792	8544.0
1793	8505.0
1794	8574.0
1795	8502.0
1796	8464.0
1797	8519.0
1798	8555.0
1799	8525.0
1800	8586.0
1801	8576.0
1802	8480.0
1803	8457.0
1804	8437.0
1805	8474.0
1806	8475.0
1807	8520.0
1808	8497.0
1809	8575.0
1810	8559.0
1811	8526.0
1812	8617.0
1813	8557.0
1814	8551.0
1815	8532.0
1816	8540.0
1817	8578.0
1818	8541.0
1819	8523.0
1820	8521.0
1821	8493.0
1822	8560.0
1823	8547.0
1824	8473.0
1825	8497.0
1826	8577.0
1827	8572.0
1828	8600.0
1829	8629.0
1830	8581.0
1831	8646.0
1832	8592.0
1833	8534.0
1834	8540.0
1835	8619.0
1836	8519.0
1837	8545.0
1838	8553.0
1839	8547.0
1840	8610.0
1841	8564.0
1842	8552.0
1843	8565.0
1844	8646.0
1845	8571.0
1846	8561.0
1847	8595.0
1848	8596.0
1849	8505.0
1850	8454.0
1851	8368.0
1852	8566.0
1853	8406.0
1854	8410.0
1855	8482.0
1856	8463.0
1857	8613.0
1858	8440.0
1859	8450.0
1860	8493.0
1861	8482.0
1862	8413.0
1863	8516.0
1864	8533.0
1865	8444.0
1866	8488.0
1867	8553.0
1868	8583.0
1869	8530.0
1870	8609.0
1871	8628.0
1872	8640.0
1873	8596.0
1874	8596.0
1875	8515.0
1876	8523.0
1877	8495.0
1878	8572.0
1879	8551.0
1880	8453.0
1881	8486.0
1882	8555.0
1883	8578.0
1884	8609.0
1885	8539.0
1886	8504.0
1887	8595.0
1888	8484.0
1889	8544.0
1890	8498.0
1891	8546.0
1892	8508.0
1893	8476.0
1894	8480.0
1895	8586.0
1896	8639.0
1897	8606.0
1898	8578.0
1899	8602.0
1900	8562.0
1901	8602.0
1902	8578.0
1903	8626.0
1904	8665.0
1905	8597.0
1906	8694.0
1907	8735.0
1908	8743.0
1909	8674.0
1910	8622.0
1911	8592.0
1912	8554.0
1913	8469.0
1914	8450.0
1915	8455.0
1916	8500.0
1917	8485.0
1918	8486.0
1919	8494.0
1920	8415.0
1921	8459.0
1922	8460.0
1923	8482.0
1924	8428.0
1925	8490.0
1926	8489.0
1927	8518.0
1928	8534.0
1929	8525.0
1930	8611.0
1931	8531.0
1932	8593.0
1933	8543.0
1934	8587.0
1935	8599.0
1936	8658.0
1937	8611.0
1938	8549.0
1939	8517.0
1940	8510.0
1941	8515.0
1942	8479.0
1943	8454.0
1944	8570.0
1945	8574.0
1946	8585.0
1947	8537.0
1948	8553.0
1949	8502.0
1950	8494.0
1951	8420.0
1952	8527.0
1953	8531.0
1954	8536.0
1955	8572.0
1956	8584.0
1957	8592.0
1958	8624.0
1959	8539.0
1960	8508.0
1961	8484.0
1962	8502.0
1963	8478.0
1964	8465.0
1965	8497.0
1966	8461.0
1967	8507.0
1968	8486.0
1969	8540.0
1970	8471.0
1971	8388.0
1972	8402.0
1973	8482.0
1974	8527.0
1975	8574.0
1976	8542.0
1977	8536.0
1978	8580.0
1979	8547.0
1980	8508.0
1981	8476.0
1982	8505.0
1983	8538.0
1984	8523.0
1985	8507.0
1986	8607.0
1987	8477.0
1988	8558.0
1989	8552.0
1990	8521.0
1991	8608.0
1992	8615.0
1993	8643.0
1994	8631.0
1995	8583.0
1996	8638.0
1997	8660.0
1998	8586.0
1999	8702.0
2000	8689.0
2001	8608.0
2002	8598.0
2003	8715.0
2004	8663.0
2005	8621.0
2006	8640.0
2007	8628.0
2008	8621.0
2009	8616.0
2010	8706.0
2011	8644.0
2012	8654.0
2013	8581.0
2014	8561.0
2015	8546.0
2016	8628.0
2017	8593.0
2018	8559.0
2019	8578.0
2020	8497.0
2021	8529.0
2022	8546.0
2023	8474.0
2024	8464.0
2025	8499.0
2026	8485.0
2027	8455.0
2028	8497.0
2029	8580.0
2030	8523.0
2031	8484.0
2032	8424.0
2033	8454.0
2034	8558.0
2035	8452.0
2036	8454.0
2037	8460.0
2038	8437.0
2039	8449.0
2040	8518.0
2041	8528.0
2042	8472.0
2043	8488.0
2044	8512.0
2045	8550.0
2046	8573.0
2047	8635.0
2048	8566.0
2049	8689.0
2050	8670.0
2051	8567.0
2052	8630.0
2053	8545.0
2054	8573.0
2055	8517.0
2056	8499.0
2057	8472.0
2058	8516.0
2059	8520.0
2060	8613.0
2061	8551.0
2062	8465.0
2063	8425.0
2064	8501.0
2065	8606.0
2066	8535.0
2067	8604.0
2068	8488.0
2069	8572.0
2070	8572.0
2071	8476.0
2072	8457.0
2073	8420.0
2074	8581.0
2075	8554.0
2076	8477.0
2077	8547.0
2078	8579.0
2079	8630.0
2080	8563.0
2081	8592.0
2082	8550.0
2083	8573.0
2084	8466.0
2085	8553.0
2086	8593.0
2087	8507.0
2088	8484.0
2089	8559.0
2090	8594.0
2091	8599.0
2092	8499.0
2093	8548.0
2094	8642.0
2095	8566.0
2096	8584.0
2097	8567.0
2098	8607.0
2099	8621.0
2100	8519.0
2101	8501.0
2102	8498.0
2103	8516.0
2104	8595.0
2105	8559.0
2106	8695.0
2107	8661.0
2108	8630.0
2109	8510.0
2110	8470.0
2111	8558.0
2112	8604.0
2113	8544.0
2114	8561.0
2115	8622.0
2116	8633.0
2117	8605.0
2118	8666.0
2119	8603.0
2120	8629.0
2121	8594.0
2122	8539.0
2123	8502.0
2124	8561.0
2125	8534.0
2126	8562.0
2127	8584.0
2128	8597.0
2129	8651.0
2130	8664.0
2131	8623.0
2132	8743.0
2133	8658.0
2134	8595.0
2135	8632.0
2136	8668.0
2137	8710.0
2138	8588.0
2139	8584.0
2140	8571.0
2141	8557.0
2142	8599.0
2143	8602.0
2144	8485.0
2145	8548.0
2146	8600.0
2147	8661.0
2148	8691.0
2149	8635.0
2150	8582.0
2151	8490.0
2152	8549.0
2153	8554.0
2154	8543.0
2155	8572.0
2156	8509.0
2157	8604.0
2158	8500.0
2159	8622.0
2160	8604.0
2161	8679.0
2162	8695.0
2163	8683.0
2164	8654.0
2165	8612.0
2166	8597.0
2167	8515.0
2168	8437.0
2169	8557.0
2170	8492.0
2171	8471.0
2172	8384.0
2173	8436.0
2174	8427.0
2175	8330.0
2176	8462.0
2177	8462.0
2178	8516.0
2179	8525.0
2180	8623.0
2181	8625.0
2182	8685.0
2183	8592.0
2184	8605.0
2185	8613.0
2186	8658.0
2187	8542.0
2188	8520.0
2189	8608.0
2190	8554.0
2191	8564.0
2192	8539.0
2193	8477.0
2194	8556.0
2195	8529.0
2196	8520.0
2197	8569.0
2198	8531.0
2199	8532.0
2200	8468.0
2201	8522.0
2202	8470.0
2203	8541.0
2204	8597.0
2205	8627.0
2206	8561.0
2207	8495.0
2208	8440.0
2209	8507.0
2210	8495.0
2211	8494.0
2212	8543.0
2213	8495.0
2214	8497.0
2215	8607.0
2216	8565.0
2217	8463.0
2218	8494.0
2219	8492.0
2220	8490.0
2221	8396.0
2222	8476.0
2223	8563.0
2224	8585.0
2225	8547.0
2226	8604.0
2227	8605.0
2228	8546.0
2229	8601.0
2230	8628.0
2231	8532.0
2232	8482.0
2233	8560.0
2234	8554.0
2235	8617.0
2236	8572.0
2237	8758.0
2238	8714.0
2239	8728.0
2240	8580.0
2241	8575.0
2242	8550.0
2243	8540.0
2244	8576.0
2245	8482.0
2246	8536.0
2247	8537.0
2248	8569.0
2249	8624.0
2250	8634.0
2251	8625.0
2252	8706.0
2253	8699.0
2254	8692.0
2255	8576.0
2256	8508.0
2257	8489.0
2258	8547.0
2259	8582.0
2260	8605.0
2261	8610.0
2262	8662.0
2263	8591.0
2264	8621.0
2265	8652.0
2266	8691.0
2267	8754.0
2268	8718.0
2269	8725.0
2270	8657.0
2271	8617.0
2272	8664.0
2273	8698.0
2274	8652.0
2275	8713.0
2276	8660.0
2277	8707.0
2278	8571.0
2279	8517.0
2280	8565.0
2281	8713.0
2282	8720.0
2283	8605.0
2284	8575.0
2285	8616.0
2286	8649.0
2287	8594.0
2288	8581.0
2289	8530.0
2290	8617.0
2291	8604.0
2292	8687.0
2293	8727.0
2294	8772.0
2295	8650.0
2296	8655.0
2297	8681.0
2298	8666.0
2299	8691.0
2300	8686.0
2301	8728.0
2302	8667.0
2303	8552.0
2304	8502.0
2305	8504.0
2306	8497.0
2307	8465.0
2308	8440.0
2309	8437.0
2310	8519.0
2311	8475.0
2312	8519.0
2313	8452.0
2314	8446.0
2315	8471.0
2316	8452.0
2317	8490.0
2318	8512.0
2319	8507.0
2320	8509.0
2321	8543.0
2322	8628.0
2323	8602.0
2324	8557.0
2325	8581.0
2326	8567.0
2327	8482.0
2328	8422.0
2329	8484.0
2330	8459.0
2331	8462.0
2332	8576.0
2333	8503.0
2334	8552.0
2335	8494.0
2336	8495.0
2337	8444.0
2338	8506.0
2339	8561.0
2340	8550.0
2341	8532.0
2342	8535.0
2343	8526.0
2344	8564.0
2345	8604.0
2346	8603.0
2347	8526.0
2348	8536.0
2349	8537.0
2350	8600.0
2351	8578.0
2352	8537.0
2353	8514.0
2354	8547.0
2355	8531.0
2356	8626.0
2357	8576.0
2358	8692.0
2359	8616.0
2360	8609.0
2361	8601.0
2362	8678.0
2363	8646.0
2364	8626.0
2365	8639.0
2366	8636.0
2367	8603.0
2368	8518.0
2369	8497.0
2370	8512.0
2371	8523.0
2372	8554.0
2373	8593.0
2374	8571.0
2375	8552.0
2376	8525.0
2377	8479.0
2378	8514.0
2379	8505.0
2380	8465.0
2381	8459.0
2382	8520.0
2383	8539.0
2384	8495.0
2385	8479.0
2386	8562.0
2387	8500.0
2388	8608.0
2389	8536.0
2390	8500.0
2391	8517.0
2392	8472.0
2393	8481.0
2394	8487.0
2395	8537.0
2396	8475.0
2397	8549.0
2398	8555.0
2399	8578.0
2400	8624.0
2401	8557.0
2402	8601.0
2403	8594.0
2404	8554.0
2405	8503.0
2406	8476.0
2407	8627.0
2408	8673.0
2409	8692.0
2410	8665.0
2411	8650.0
2412	8562.0
2413	8613.0
2414	8580.0
2415	8587.0
2416	8530.0
2417	8563.0
2418	8527.0
2419	8588.0
2420	8635.0
2421	8630.0
2422	8520.0
2423	8622.0
2424	8621.0
2425	8566.0
2426	8564.0
2427	8611.0
2428	8731.0
2429	8642.0
2430	8760.0
2431	8624.0
2432	8570.0
2433	8557.0
2434	8549.0
2435	8563.0
2436	8615.0
2437	8604.0
2438	8667.0
2439	8617.0
2440	8618.0
2441	8689.0
2442	8697.0
2443	8619.0
2444	8630.0
2445	8595.0
2446	8597.0
2447	8586.0
2448	8617.0
2449	8633.0
2450	8603.0
2451	8592.0
2452	8629.0
2453	8650.0
2454	8690.0
2455	8573.0
2456	8612.0
2457	8692.0
2458	8686.0
2459	8649.0
2460	8641.0
2461	8665.0
2462	8603.0
2463	8549.0
2464	8607.0
2465	8576.0
2466	8511.0
2467	8642.0
2468	8611.0
2469	8577.0
2470	8636.0
2471	8480.0
2472	8618.0
2473	8584.0
2474	8637.0
2475	8626.0
2476	8597.0
2477	8596.0
2478	8602.0
2479	8565.0
2480	8591.0
2481	8540.0
2482	8514.0
2483	8557.0
2484	8490.0
2485	8586.0
2486	8576.0
2487	8549.0
2488	8504.0
2489	8477.0
2490	8563.0
2491	8510.0
2492	8534.0
2493	8556.0
2494	8614.0
2495	8651.0
2496	8635.0
2497	8610.0
2498	8562.0
2499	8607.0
2500	8574.0
2501	8487.0
2502	8603.0
2503	8472.0
2504	8555.0
2505	8582.0
2506	8491.0
2507	8508.0
2508	8541.0
2509	8509.0
2510	8520.0
2511	8524.0
2512	8539.0
2513	8552.0
2514	8518.0
2515	8497.0
2516	8481.0
2517	8561.0
2518	8615.0
2519	8568.0
2520	8547.0
2521	8555.0
2522	8591.0
2523	8567.0
2524	8592.0
2525	8561.0
2526	8515.0
2527	8512.0
2528	8583.0
2529	8645.0
2530	8500.0
2531	8412.0
2532	8493.0
2533	8482.0
2534	8437.0
2535	8438.0
2536	8488.0
2537	8492.0
2538	8515.0
2539	8506.0
2540	8621.0
2541	8699.0
2542	8693.0
2543	8666.0
2544	8653.0
2545	8580.0
2546	8621.0
2547	8758.0
2548	8663.0
2549	8697.0
2550	8675.0
2551	8659.0
2552	8658.0
2553	8652.0
2554	8555.0
2555	8633.0
2556	8617.0
2557	8613.0
2558	8643.0
2559	8605.0
2560	8645.0
2561	8565.0
2562	8526.0
2563	8570.0
2564	8588.0
2565	8572.0
2566	8531.0
2567	8574.0
2568	8556.0
2569	8507.0
2570	8514.0
2571	8664.0
2572	8591.0
2573	8612.0
2574	8583.0
2575	8622.0
2576	8595.0
2577	8738.0
2578	8666.0
2579	8602.0
2580	8628.0
2581	8571.0
2582	8525.0
2583	8560.0
2584	8512.0
2585	8547.0
2586	8531.0
2587	8453.0
2588	8465.0
2589	8529.0
2590	8672.0
2591	8644.0
2592	8594.0
2593	8530.0
2594	8558.0
2595	8610.0
2596	8588.0
2597	8490.0
2598	8502.0
2599	8496.0
2600	8605.0
2601	8529.0
2602	8587.0
2603	8552.0
2604	8459.0
2605	8476.0
2606	8481.0
2607	8455.0
2608	8422.0
2609	8511.0
2610	8530.0
2611	8484.0
2612	8524.0
2613	8525.0
2614	8561.0
2615	8578.0
2616	8551.0
2617	8498.0
2618	8440.0
2619	8552.0
2620	8499.0
2621	8590.0
2622	8604.0
2623	8632.0
2624	8519.0
2625	8478.0
2626	8542.0
2627	8527.0
2628	8481.0
2629	8486.0
2630	8516.0
2631	8478.0
2632	8535.0
2633	8515.0
2634	8450.0
2635	8555.0
2636	8487.0
2637	8520.0
2638	8482.0
2639	8491.0
2640	8459.0
2641	8459.0
2642	8492.0
2643	8507.0
2644	8520.0
2645	8584.0
2646	8535.0
2647	8514.0
2648	8564.0
2649	8508.0
2650	8487.0
2651	8556.0
2652	8596.0
2653	8520.0
2654	8456.0
2655	8500.0
2656	8447.0
2657	8432.0
2658	8526.0
2659	8463.0
2660	8430.0
2661	8519.0
2662	8534.0
2663	8434.0
2664	8429.0
2665	8504.0
2666	8536.0
2667	8542.0
2668	8507.0
2669	8430.0
2670	8515.0
2671	8562.0
2672	8495.0
2673	8474.0
2674	8655.0
2675	8593.0
2676	8623.0
2677	8619.0
2678	8625.0
2679	8572.0
2680	8549.0
2681	8615.0
2682	8583.0
2683	8616.0
2684	8583.0
2685	8624.0
2686	8623.0
2687	8637.0
2688	8684.0
2689	8629.0
2690	8626.0
2691	8564.0
2692	8479.0
2693	8433.0
2694	8485.0
2695	8505.0
2696	8436.0
2697	8457.0
2698	8525.0
2699	8515.0
2700	8571.0
2701	8532.0
2702	8501.0
2703	8516.0
2704	8510.0
2705	8518.0
2706	8494.0
2707	8572.0
2708	8585.0
2709	8539.0
2710	8504.0
2711	8556.0
2712	8638.0
2713	8658.0
2714	8688.0
2715	8624.0
2716	8577.0
2717	8551.0
2718	8572.0
2719	8572.0
2720	8469.0
2721	8547.0
2722	8525.0
2723	8483.0
2724	8492.0
2725	8538.0
2726	8425.0
2727	8523.0
2728	8543.0
2729	8539.0
2730	8554.0
2731	8592.0
2732	8562.0
2733	8570.0
2734	8486.0
2735	8521.0
2736	8572.0
2737	8539.0
2738	8588.0
2739	8608.0
2740	8631.0
2741	8633.0
2742	8709.0
2743	8605.0
2744	8565.0
2745	8589.0
2746	8576.0
2747	8698.0
2748	8609.0
2749	8573.0
2750	8646.0
2751	8608.0
2752	8539.0
2753	8561.0
2754	8560.0
2755	8637.0
2756	8624.0
2757	8538.0
2758	8585.0
2759	8559.0
2760	8572.0
2761	8540.0
2762	8541.0
2763	8480.0
2764	8491.0
2765	8428.0
2766	8439.0
2767	8511.0
2768	8479.0
2769	8568.0
2770	8532.0
2771	8509.0
2772	8510.0
2773	8530.0
2774	8572.0
2775	8661.0
2776	8588.0
2777	8643.0
2778	8643.0
2779	8582.0
2780	8537.0
2781	8542.0
2782	8689.0
2783	8785.0
2784	8655.0
2785	8600.0
2786	8552.0
2787	8561.0
2788	8602.0
2789	8585.0
2790	8595.0
2791	8619.0
2792	8519.0
2793	8498.0
2794	8434.0
2795	8496.0
2796	8499.0
2797	8561.0
2798	8558.0
2799	8574.0
2800	8468.0
2801	8474.0
2802	8561.0
2803	8467.0
2804	8559.0
2805	8576.0
2806	8666.0
2807	8644.0
2808	8624.0
2809	8579.0
2810	8601.0
2811	8697.0
2812	8681.0
2813	8585.0
2814	8597.0
2815	8489.0
2816	8461.0
2817	8526.0
2818	8525.0
2819	8560.0
2820	8535.0
2821	8555.0
2822	8607.0
2823	8708.0
2824	8692.0
2825	8705.0
2826	8642.0
2827	8737.0
2828	8585.0
2829	8580.0
2830	8490.0
2831	8477.0
2832	8381.0
2833	8419.0
2834	8457.0
2835	8455.0
2836	8443.0
2837	8409.0
2838	8528.0
2839	8513.0
2840	8610.0
2841	8621.0
2842	8594.0
2843	8573.0
2844	8548.0
2845	8508.0
2846	8447.0
2847	8450.0
2848	8533.0
2849	8538.0
2850	8450.0
2851	8464.0
2852	8489.0
2853	8500.0
2854	8470.0
2855	8418.0
2856	8469.0
2857	8453.0
2858	8532.0
2859	8540.0
2860	8502.0
2861	8569.0
2862	8604.0
2863	8574.0
2864	8597.0
2865	8537.0
2866	8496.0
2867	8405.0
2868	8397.0
2869	8491.0
2870	8514.0
2871	8520.0
2872	8500.0
2873	8487.0
2874	8558.0
2875	8522.0
2876	8499.0
2877	8519.0
2878	8527.0
2879	8618.0
2880	8564.0
2881	8551.0
2882	8458.0
2883	8583.0
2884	8514.0
2885	8514.0
2886	8606.0
2887	8629.0
2888	8593.0
2889	8513.0
2890	8553.0
2891	8506.0
2892	8511.0
2893	8443.0
2894	8469.0
2895	8409.0
2896	8436.0
2897	8461.0
2898	8383.0
2899	8489.0
2900	8479.0
2901	8522.0
2902	8566.0
2903	8523.0
2904	8586.0
2905	8739.0
2906	8771.0
2907	8721.0
2908	8691.0
2909	8727.0
2910	8678.0
2911	8643.0
2912	8766.0
2913	8668.0
2914	8574.0
2915	8619.0
2916	8563.0
2917	8471.0
2918	8543.0
2919	8552.0
2920	8607.0
2921	8628.0
2922	8612.0
2923	8661.0
2924	8560.0
2925	8551.0
2926	8384.0
2927	8475.0
2928	8459.0
2929	8445.0
2930	8441.0
2931	8490.0
2932	8507.0
2933	8484.0
2934	8506.0
2935	8497.0
2936	8568.0
2937	8528.0
2938	8590.0
2939	8507.0
2940	8562.0
2941	8592.0
2942	8667.0
2943	8678.0
2944	8602.0
2945	8558.0
2946	8469.0
2947	8591.0
2948	8579.0
2949	8581.0
2950	8691.0
2951	8752.0
2952	8697.0
2953	8676.0
2954	8542.0
2955	8548.0
2956	8581.0
2957	8596.0
2958	8562.0
2959	8543.0
2960	8507.0
2961	8525.0
2962	8514.0
2963	8551.0
2964	8491.0
2965	8490.0
2966	8404.0
2967	8460.0
2968	8462.0
2969	8516.0
2970	8393.0
2971	8423.0
2972	8547.0
2973	8475.0
2974	8443.0
2975	8416.0
2976	8483.0
2977	8494.0
2978	8500.0
2979	8603.0
2980	8663.0
2981	8661.0
2982	8656.0
2983	8598.0
2984	8583.0
2985	8634.0
2986	8553.0
2987	8566.0
2988	8599.0
2989	8540.0
2990	8650.0
2991	8589.0
2992	8663.0
2993	8632.0
2994	8630.0
2995	8601.0
2996	8592.0
2997	8485.0
2998	8548.0
2999	8567.0
3000	8508.0
1001	9.755
1002	-8.673
1003	1.279
1004	-2.262
1005	-0.3981
1006	-0.5567
1007	0.7301
1008	-5.346
1009	8.231
1010	6.115
1011	3.974
1012	3.101
1013	-24.74
1014	5.537
1015	-11.36
1016	-7.306
1017	3.404
1018	-6.186
1019	5.383
1020	6.241
1021	7.524
1022	2.798
1023	-1.967
1024	-14.1
1025	2.317
1026	1.287
1027	3.072
1028	3.587
1029	2.19
1030	-0.69
1031	-0.3246
1032	-0.3813
1033	0.2195
1034	0.6727
1035	-2.014
1036	-0.2623
1037	-0.2141
1038	0.5752
1039	-5.199
1040	-1.047
1041	-4.231
1042	-0.819
1043	-0.05224
1044	1.892
1045	-4.164
1046	-0.6119
1047	0.682
1048	-4.157
1049	0.123
1050	-0.7228
1051	1.079
1052	-0.949
1053	-0.2489
1054	-1.042
1055	-0.6677
1056	-3.676
1057	-0.5007
1058	-1.077
1059	-3.325
1060	0.1043
1061	-0.5856
1062	-0.8833
1063	-1.995
1064	-0.02511
1065	0.08862
1066	-1.705
1067	-0.8301
1068	-1.762
1069	1.111
1070	0.3313
1071	0.1682
1072	-1.627
1073	-0.8333
1074	-0.1627
1075	-0.9025
1076	0.2891
1077	-1.196
1078	-0.2464
1079	-2.191
1080	0.4151
1081	-0.5724
1082	1.92
1083	-3.419
1084	2.513
1085	-1.693
1086	4.048
1087	3.399
1088	3.053
1089	-0.6317
1090	-0.9861
1091	-3.018
1092	1.09
1093	0.2043
1094	-0.04936
1095	1.889
1096	-2.371
1097	-0.7296
1098	3.629
1099	-2.77
1100	-2.419
1101	-3.099
1102	3.389
1103	0.8489
1104	-2.807
1105	-0.04616
1106	-3.068
1107	-16.16
1108	-3.947
1109	5.224
1110	-1.605
1111	2.105
1112	3.208
1113	-7.334
1114	-12.47
1115	0.8671
1116	-16.65
1117	3.102
1118	-1.315
1119	1.112
1120	-1.621
1121	-0.6058
1122	0.1666
1123	-5.089
1124	4.992
1125	-8.163
1126	6.984
1127	2.28
1128	1.435
1129	-0.3514
1130	4.867
1131	0.1535
1132	-4.451
1133	-4.79
1134	-0.8156
1135	2.495
1136	0.03219
1137	2.325
1138	2.626
1139	-0.375
1140	1.596
1141	-12.27
1142	0.4443
1143	-0.1013
1144	0.8014
1145	-1.946
1146	-1.705
1147	-0.1126
1148	-3.353
1149	0.7502
1150	-2.811
1151	-0.5748
1152	2.952
1153	-2.476
1154	-0.2783
1155	-2.489
1156	-5.074
1157	-1.676
1158	-1.364
1159	1.911
1160	-2.138
1161	-5.808
1162	-12.01
1163	0.5758
1164	-1.11
1165	6.152
1166	0.1335
1167	1.707
1168	-0.152
1169	2.388
1170	-0.6864
1171	1.331
1172	0.2182
1173	1.413
1174	-2.459
1175	0.06235
1176	-2.27
1177	-17.19
1178	-10.54
1179	0.7853
1180	5.636
1181	-2.239
1182	2.197
1183	2.035
1184	0.1589
1185	-10.42
1186	-4.11
1187	-0.9426
1188	-11.31
1189	5.573
1190	-2.475
1191	0.9856
1192	1.03
1193	-0.6966
1194	-3.737
1195	0.301
1196	0.7803
1197	1.288
1198	0.8234
1199	-2.665
1200	-0.09092
1201	-1.06
1202	0.065
1203	0.06335
1204	-2.776
1205	-0.4572
1206	-0.3907
1207	-0.0663
1208	0.1621
1209	-0.3155
1210	-2.136
1211	-1.321
1212	-1.473
1213	0.2379
1214	-1.34
1215	-5.713
1216	2.845
1217	-11.27
1218	-0.9321
1219	2.43
1220	-1.894
1221	0.7782
1222	-2.832
1223	-0.2178
1224	0.003024
1225	-0.3961
1226	-0.584
1227	0.2183
1228	0.8656
1229	-0.1712
1230	1.053
1231	0.4862
1232	-4.734
1233	-5.732
1234	0.4663
1235	0.4071
1236	-0.005987
1237	-5.175
1238	-6.866
1239	0.7541
1240	-0.4163
1241	-0.616
1242	0.04538
1243	0.2273
1244	-0.02789
1245	-0.9203
1246	-1.977
1247	-0.1147
1248	0.154
1249	-1.87
1250	0.7189
1251	-1.467
1252	-0.3016
1253	0.6302
1254	0.02155
1255	-5.16
1256	-6.043
1257	8.478
1258	2.854
1259	2.158
1260	4.076
1261	-27.05
1262	-2.075
1263	-1.976
1264	0.02725
1265	1.09
1266	7.297
1267	-8.392
1268	-0.03757
1269	-6.138
1270	-0.8438
1271	3.112
1272	-16.15
1273	-18.07
1274	-3.943
1275	0.04172
1276	-1.008
1277	-4.285
1278	-8.72
1279	0.5128
1280	-5.324
1281	-2.172
1282	-3.068
1283	-14.36
1284	-0.5612
1285	1.367
1286	-0.4592
1287	1.615
1288	-3.625
1289	1.107
1290	3.107
1291	-2.047
1292	-0.7049
1293	6.15
1294	-0.4363
1295	2.721
1296	1.306
1297	4.775
1298	1.082
1299	2.434
1300	-6.501
1301	-2.579
1302	2.097
1303	-6.55
1304	-25.01
1305	-6.797
1306	2.697
1307	4.752
1308	1.841
1309	5.365
1310	3.766
1311	1.205
1312	0.8855
1313	-2.13
1314	9.296
1315	-9.704
1316	-2.993
1317	-1.033
1318	-11.31
1319	-0.3151
1320	0.09684
1321	-3.9
1322	1.876
1323	-1.513
1324	-1.809
1325	5.476
1326	-5.05
1327	3.263
1328	-0.9023
1329	5.628
1330	-0.6757
1331	3.663
1332	-5.208
1333	-1.057
1334	2.899
1335	-9.602
1336	-4.358
1337	-3.93
1338	-2.024
1339	5.67
1340	-0.07437
1341	-4.862
1342	-0.7004
1343	-0.7631
1344	4.184
1345	2.33
1346	0.3507
1347	-7.217
1348	-14.95
1349	-2.585
1350	-3.401
1351	-15.38
1352	9.753
1353	-25.63
1354	0.5882
1355	1.736
1356	-5.433
1357	1.583
1358	1.419
1359	-0.6562
1360	1.13
1361	-2.164
1362	1.014
1363	-1.634
1364	0.1962
1365	1.329
1366	-1.069
1367	3.955
1368	-5.708
1369	-3.935
1370	-19.09
1371	2.636
1372	-11.19
1373	-1.922
1374	-0.916
1375	-0.3978
1376	9.021
1377	3.936
1378	-0.7614
1379	-2.524
1380	-0.3779
1381	4.575
1382	-6.778
1383	1.845
1384	-0.3092
1385	-2.336
1386	2.026
1387	2.346
1388	-8.179
1389	-4.741
1390	5.414
1391	-3.912
1392	2.312
1393	-3.567
1394	-0.7176
1395	2.488
1396	-0.978
1397	-0.7121
1398	-6.15
1399	-5.787
1400	0.5491
1401	0.3325
1402	0.1729
1403	3.225
1404	3.336
1405	-15.4
1406	-7.92
1407	-18.56
1408	-2.394
1409	-6.2
1410	8.604
1411	4.696
1412	-1.812
1413	-16.29
1414	4.62
1415	1.348
1416	3.575
1417	-0.2616
1418	4.201
1419	-4.106
1420	-4.821
1421	-0.08871
1422	3.041
1423	0.7509
1424	0.1531
1425	0.149
1426	-0.8063
1427	-0.686
1428	-3.898
1429	0.05878
1430	-0.01538
1431	-0.6984
1432	0.1238
1433	-2.402
1434	-0.9244
1435	-4.318
1436	-0.7959
1437	0.03083
1438	0.4338
1439	-0.4867
1440	1.384
1441	0.6506
1442	1.029
1443	0.2141
1444	0.1038
1445	0.1081
1446	-0.01258
1447	-0.1365
1448	-6.003
1449	-2.02
1450	-0.5858
1451	-0.2707
1452	-1.247
1453	-0.9208
1454	0.1369
1455	-3.413
1456	-1.794
1457	-0.2274
1458	-0.2551
1459	-2.725
1460	-0.3741
1461	-2.911
1462	-0.1174
1463	-0.3757
1464	0.3533
1465	-2.799
1466	1.276
1467	0.2684
1468	0.4319
1469	0.1412
1470	-0.06925
1471	-0.594
1472	-0.175
1473	-2.994
1474	-2.66
1475	1.743
1476	2.907
1477	-14.34
1478	1.32
1479	-0.1954
1480	1.185
1481	-0.6074
1482	-0.04347
1483	-2.051
1484	-5.147
1485	1.725
1486	0.1746
1487	4.074
1488	-1.235
1489	-4.57
1490	0.9796
1491	-0.6671
1492	-3.894
1493	-4.696
1494	1.797
1495	2.188
1496	-3.366
1497	-11.51
1498	-6.196
1499	-1.795
1500	5.024
1501	1.253
1502	2.18
1503	-2.943
1504	-3.796
1505	0.6329
1506	3.42
1507	-14.85
1508	-2.148
1509	1.325
1510	-1.345
1511	-0.569
1512	1.343
1513	1.321
1514	-0.5752
1515	3.448
1516	-0.9883
1517	-2.78
1518	-0.07648
1519	2.497
1520	-6.462
1521	2.245
1522	-3.389
1523	0.3748
1524	1.315
1525	3.691
1526	-6.422
1527	0.8029
1528	1.29
1529	-1.406
1530	1.583
1531	-0.1114
1532	0.6707
1533	-2.322
1534	1.267
1535	0.436
1536	1.176
1537	2.411
1538	-4.523
1539	-8.998
1540	-11.76
1541	-2.224
1542	-3.216
1543	-0.1615
1544	4.553
1545	-11.18
1546	2.086
1547	2.117
1548	0.8748
1549	8.562
1550	-3.46
1551	2.96
1552	-0.2314
1553	4.224
1554	-1.01
1555	-2.97
1556	-8.156
1557	-0.8808
1558	-0.1228
1559	0.2022
1560	-0.4609
1561	-0.7783
1562	0.3926
1563	0.07585
1564	0.2166
1565	0.01874
1566	-5.243
1567	-1.501
1568	-0.3713
1569	-1.377
1570	-0.06146
1571	-4.345
1572	-1.613
1573	0.1824
1574	-1.528
1575	-3.706
1576	-3.357
1577	-0.04162
1578	-1.343
1579	-0.1856
1580	-1.15
1581	-0.7097
1582	0.3171
1583	-0.04948
1584	-5.093
1585	0.01817
1586	-0.4746
1587	0.7299
1588	0.576
1589	-0.2669
1590	0.1185
1591	-1.066
1592	0.04649
1593	0.002179
1594	-0.0561
1595	-0.2324
1596	-0.8008
1597	0.05081
1598	0.9344
1599	0.05857
1600	-1.945
1601	-0.9138
1602	-1.165
1603	-0.5622
1604	-0.158
1605	-2.753
1606	-1.913
1607	1.545
1608	-0.3087
1609	-2.448
1610	0.1178
1611	5.028
1612	-3.709
1613	-11.23
1614	-4.4
1615	-6.992
1616	3.455
1617	-1.282
1618	-2.92
1619	0.7892
1620	-2.964
1621	-5.683
1622	-0.6278
1623	-12.38
1624	-1.346
1625	3.618
1626	1.685
1627	-10.59
1628	-5.218
1629	-0.7907
1630	-10.73
1631	1.77
1632	0.398
1633	-1.704
1634	-5.873
1635	-4.079
1636	0.7934
1637	-3.189
1638	3.865
1639	-2.428
1640	0.3155
1641	0.07096
1642	0.3379
1643	0.6319
1644	0.04928
1645	0.748
1646	-3.279
1647	3.981
1648	1.443
1649	-6.397
1650	0.7994
1651	2.431
1652	-1.803
1653	0.3018
1654	1.54
1655	-0.4563
1656	1.83
1657	4.025
1658	-5.602
1659	-3.834
1660	-1.132
1661	3.3
1662	-1.043
1663	-4.433
1664	-0.8949
1665	-4.242
1666	-0.8436
1667	-1.763
1668	-5.208
1669	6.455
1670	-11.89
1671	5.379
1672	-3.023
1673	-0.611
1674	-2.992
1675	-8.447
1676	-2.82
1677	-1.99
1678	-3.781
1679	1.612
1680	1.589
1681	5.102
1682	2.813
1683	-4.134
1684	-6.605
1685	1.247
1686	0.5693
1687	-0.4888
1688	0.2229
1689	-2.304
1690	1.478
1691	0.2377
1692	3.467
1693	-2.357
1694	-2.924
1695	-0.4663
1696	-2.271
1697	0.4718
1698	1.174
1699	1.712
1700	1.553
1701	-5.722
1702	0.2757
1703	-0.233
1704	-0.7971
1705	-0.6911
1706	-3.197
1707	0.1927
1708	0.1744
1709	0.07068
1710	-3.869
1711	-1.322
1712	-2.427
1713	1.124
1714	-2.793
1715	-0.9689
1716	-3.053
1717	-1.255
1718	0.4496
1719	3.227E-4
1720	-3.069
1721	-1.768
1722	-1.915
1723	-1.281
1724	-0.0835
1725	0.02414
1726	-0.2843
1727	-0.05494
1728	0.08932
1729	0.005424
1730	-2.149
1731	-1.516
1732	-0.4701
1733	-8.161
1734	-2.664
1735	-0.918
1736	-1.047
1737	-0.02073
1738	-1.985
1739	-0.8391
1740	-2.447
1741	-0.4921
1742	2.133
1743	-0.108
1744	1.928
1745	2.938
1746	0.2195
1747	-1.583
1748	-4.064
1749	0.6373
1750	-0.2097
1751	-10.72
1752	-6.069
1753	-14.36
1754	3.074
1755	4.576
1756	-4.263
1757	1.685
1758	-3.006
1759	4.459
1760	0.1024
1761	-0.2434
1762	-0.8908
1763	-4.953
1764	-1.885
1765	9.084
1766	2.216
1767	-0.7414
1768	-3.769
1769	-10.23
1770	3.668
1771	-0.6023
1772	0.2302
1773	0.7509
1774	-0.3648
1775	1.478
1776	-7.51
1777	1.189
1778	-2.407
1779	4.4
1780	-3.651
1781	-3.718
1782	0.9485
1783	3.153
1784	-6.347
1785	1.87
1786	-7.339
1787	-5.622
1788	-2.648
1789	-17.15
1790	-2.215
1791	5.728
1792	-5.355
1793	1.236
1794	7.137
1795	-2.047
1796	-2.746
1797	0.6744
1798	-0.0904
1799	-0.6728
1800	-3.136
1801	-8.678
1802	-1.45
1803	1.894
1804	-2.734
1805	-5.636
1806	-8.999
1807	1.516
1808	1.637
1809	-0.1694
1810	0.2874
1811	-0.04027
1812	-2.922
1813	-5.241
1814	-3.413
1815	-6.934
1816	-0.8167
1817	0.7021
1818	3.216
1819	3.021
1820	-0.5331
1821	-2.093
1822	0.09226
1823	-7.095
1824	1.089
1825	0.164
1826	1.127
1827	-6.104
1828	-7.648
1829	8.316
1830	6.295
1831	-0.8563
1832	-4.609
1833	-17.15
1834	-1.788
1835	-3.016
1836	-4.954
1837	5.856
1838	3.146
1839	-8.763
1840	-4.402
1841	6.19
1842	-14.52
1843	8.396
1844	4.432
1845	-2.876
1846	-0.07222
1847	11.06
1848	-5.907
1849	-1.731
1850	-12.13
1851	-6.976
1852	0.4441
1853	-6.787
1854	-9.37
1855	0.01081
1856	-2.791
1857	4.721
1858	-12.02
1859	-14.28
1860	-3.811
1861	-13.35
1862	-6.481
1863	-3.383
1864	2.398
1865	-0.4898
1866	5.846
1867	1.345
1868	-4.022
1869	2.724
1870	5.97
1871	5.131
1872	-1.657
1873	-18.39
1874	3.368
1875	6.97
1876	0.5082
1877	-8.751
1878	-18.52
1879	-2.221
1880	-8.045
1881	-2.956
1882	-11.04
1883	-11.57
1884	-2.822
1885	-10.09
1886	11.09
1887	-13.48
1888	4.799
1889	-6.28
1890	-5.23
1891	1.661
1892	0.6901
1893	1.319
1894	15.22
1895	-9.079
1896	-17.98
1897	-7.606
1898	-16.63
1899	4.17
1900	6.558
1901	-3.543
1902	2.631
1903	1.415
1904	0.6169
1905	-1.125
1906	0.9044
1907	0.2929
1908	2.203
1909	-1.308
1910	-2.396
1911	-4.661
1912	-2.371
1913	-7.16
1914	1.096
1915	2.059
1916	3.14
1917	-4.918
1918	-0.3148
1919	0.7612
1920	-4.213
1921	-4.785
1922	0.00669
1923	-0.9644
1924	1.966
1925	-0.4995
1926	-1.31
1927	-1.31
1928	-3.862
1929	3.835
1930	3.47
1931	-10.28
1932	-11.22
1933	-0.6842
1934	-0.1307
1935	-4.619
1936	-4.454
1937	-2.101
1938	-4.456
1939	-1.918
1940	-12.04
1941	-1.189
1942	0.4698
1943	2.926
1944	0.8194
1945	-0.18
1946	0.1751
1947	0.07002
1948	-0.1271
1949	1.304
1950	-5.332
1951	-5.249
1952	1.74
1953	-4.744
1954	-0.364
1955	1.225
1956	0.4739
1957	-0.8358
1958	-0.3838
1959	-0.116
1960	-0.2404
1961	0.8872
1962	1.452
1963	-3.041
1964	0.6319
1965	-0.3278
1966	2.37
1967	-8.995
1968	-2.885
1969	1.646
1970	-1.401
1971	4.561
1972	-3.057
1973	-7.38
1974	-1.613
1975	-0.3598
1976	-0.7705
1977	-0.1749
1978	-0.02389
1979	0.106
1980	-0.8443
1981	0.2806
1982	0.3513
1983	2.691
1984	-3.523
1985	-1.994
1986	1.947
1987	-1.794
1988	-4.303
1989	-2.087
1990	-4.065
1991	-3.466
1992	1.239
1993	4.269
1994	-1.127
1995	0.8476
1996	3.213
1997	-3.256
1998	-1.516
1999	0.6067
2000	-1.446
2001	-0.8374
2002	-6.883
2003	-10.09
2004	-1.891
2005	0.01957
2006	5.891
2007	-3.675
2008	2.445
2009	-4.994
2010	1.496
2011	-1.905
2012	-5.799
2013	-4.466
2014	1.82
2015	-0.3625
2016	2.042
2017	0.5645
2018	0.8549
2019	2.399
2020	-2.563
2021	1.293
2022	-4.027
2023	-3.019
2024	1.681
2025	-10.99
2026	0.186
2027	2.865
2028	0.07659
2029	-1.509
2030	2.41
2031	-3.683
2032	-1.825
2033	0.6061
2034	-8.032
2035	-10.44
2036	0.3223
2037	1.417
2038	1.556
2039	-6.892
2040	-3.409
2041	1.667
2042	-0.4009
2043	-1.733
2044	0.3785
2045	-2.256
2046	3.22
2047	-2.817
2048	6.416
2049	-3.437
2050	2.971
2051	0.3393
2052	-4.518
2053	1.26
2054	-1.389
2055	-4.377
2056	-0.3025
2057	2.514
2058	2.27
2059	0.1696
2060	-0.4331
2061	-3.289
2062	0.3139
2063	-0.5
2064	0.7058
2065	0.5248
2066	-1.328
2067	-7.215
2068	1.052
2069	-13.63
2070	-6.423
2071	-3.434
2072	0.6356
2073	3.263
2074	-0.0594
2075	-5.09
2076	0.3428
2077	1.401
2078	-3.515
2079	-1.569
2080	-3.833
2081	5.848
2082	-1.303
2083	-5.511
2084	0.06736
2085	-2.3
2086	7.643
2087	-4.212
2088	4.946
2089	0.3677
2090	2.146
2091	0.6731
2092	1.588
2093	-13.84
2094	-1.47
2095	0.1989
2096	-22.6
2097	3.867
2098	-3.072
2099	-15.46
2100	-0.8946
2101	-0.565
2102	3.387
2103	2.009
2104	4.092
2105	1.313
2106	1.391
2107	1.092
2108	1.502
2109	1.362
2110	-0.2542
2111	-1.168
2112	6.718
2113	-1.001
2114	-3.849
2115	-2.935
2116	-0.3925
2117	0.3433
2118	0.1854
2119	5.534
2120	2.409
2121	0.2886
2122	2.975
2123	4.271
2124	-2.514
2125	5.146
2126	3.841
2127	-1.791
2128	-12.51
2129	0.6986
2130	3.356
2131	-4.479
2132	1.673
2133	5.436
2134	0.05391
2135	0.9768
2136	-2.414
2137	0.5083
2138	-2.488
2139	2.472
2140	-1.009
2141	0.8304
2142	0.9735
2143	-0.8152
2144	2.156
2145	2.151
2146	-0.0837
2147	-1.035
2148	-7.458
2149	2.378
2150	0.6806
2151	-2.638
2152	-7.341
2153	3.718
2154	-0.3751
2155	1.103
2156	-1.929
2157	-7.962
2158	1.001
2159	-9.613
2160	3.677
2161	-9.429
2162	1.731
2163	3.959
2164	-0.361
2165	0.6578
2166	7.213
2167	1.945
2168	4.204
2169	5.442
2170	2.183
2171	2.553
2172	-0.9188
2173	0.5836
2174	-2.273
2175	2.477
2176	2.631
2177	-2.775
2178	-1.741
2179	0.9604
2180	1.643
2181	-4.125
2182	-5.253
2183	-7.829
2184	-5.75
2185	4.555
2186	-15.64
2187	-4.099
2188	5.026
2189	-7.398
2190	2.604
2191	6.592
2192	-9.594
2193	-3.347
2194	12.26
2195	9.904
2196	-5.952
2197	1.398
2198	0.9055
2199	2.006
2200	1.473
2201	0.1908
2202	2.726
2203	5.139
2204	0.842
2205	1.074
2206	1.618
2207	-0.4846
2208	0.8483
2209	2.68
2210	-1.723
2211	-0.3654
2212	1.342
2213	-1.255
2214	-0.1023
2215	-3.059
2216	-2.092
2217	1.305
2218	3.246
2219	1.121
2220	-4.477
2221	4.685
2222	-1.267
2223	-5.933
2224	-6.533
2225	3.26
2226	3.716
2227	0.8072
2228	-3.916
2229	-5.534
2230	0.1662
2231	-4.408
2232	-5.574
2233	1.553
2234	0.6744
2235	3.372
2236	2.284
2237	2.985
2238	-0.3315
2239	1.864
2240	-1.211
2241	0.8845
2242	1.566
2243	-4.365
2244	-0.05263
2245	-3.032
2246	-0.2658
2247	2.774
2248	-7.952
2249	3.188
2250	0.05812
2251	1.546
2252	2.048
2253	1.033
2254	-0.782
2255	2.64
2256	4.014
2257	1.233
2258	-2.158
2259	-1.569
2260	0.8872
2261	-3.224
2262	0.8348
2263	-3.476
2264	3.013
2265	7.691
2266	-1.945
2267	3.92
2268	-16.0
2269	2.247
2270	-13.18
2271	-8.047
2272	-8.347
2273	-4.149
2274	-6.469
2275	5.057
2276	2.533
2277	0.1158
2278	-9.42
2279	6.569
2280	1.197
2281	-2.201
2282	1.653
2283	-3.113
2284	1.513
2285	0.6841
2286	0.8076
2287	-0.2333
2288	-3.691
2289	-3.138
2290	-3.883
2291	-1.511
2292	0.08231
2293	-0.5473
2294	-3.927
2295	-0.3552
2296	-0.1088
2297	-0.807
2298	-1.069
2299	0.4174
2300	-0.05445
2301	-1.676
2302	-0.4458
2303	1.324
2304	-0.06133
2305	0.3193
2306	-0.9901
2307	-1.389
2308	0.1516
2309	-2.059
2310	0.1005
2311	-0.5307
2312	-2.59
2313	0.9088
2314	-3.505
2315	-6.545
2316	-7.279
2317	0.959
2318	0.3859
2319	-0.6867
2320	0.2214
2321	-2.271
2322	-2.265
2323	-3.097
2324	-1.464
2325	0.05747
2326	0.1339
2327	-1.604
2328	-1.493
2329	-2.574
2330	0.4008
2331	2.283
2332	-3.428
2333	-1.109
2334	-2.16
2335	-2.306
2336	4.712
2337	1.104
2338	0.03339
2339	3.973
2340	-3.85
2341	-6.259
2342	-5.056
2343	3.97
2344	4.571
2345	3.73
2346	-0.516
2347	-0.8528
2348	-0.0208
2349	-0.05227
2350	0.3953
2351	-0.002734
2352	-2.936
2353	-5.626
2354	-7.409
2355	-1.393
2356	0.1182
2357	0.4246
2358	1.914
2359	0.04242
2360	-0.4661
2361	-0.2881
2362	0.3689
2363	-4.644
2364	-7.261
2365	1.894
2366	-2.677
2367	-2.7
2368	-7.505
2369	1.24
2370	1.005
2371	0.1463
2372	-2.009
2373	2.072
2374	-0.2833
2375	2.272
2376	-5.245
2377	0.1833
2378	0.2246
2379	-0.409
2380	-0.3812
2381	-0.4272
2382	0.01519
2383	8.232E-5
2384	-0.4041
2385	-1.418
2386	-1.423
2387	-3.629
2388	-0.1157
2389	0.6761
2390	0.374
2391	0.7244
2392	0.5273
2393	0.3865
2394	-0.1063
2395	-3.87
2396	-1.337
2397	2.444
2398	2.704
2399	0.9148
2400	-2.557
2401	-1.424
2402	2.171
2403	-9.133
2404	-0.947
2405	-2.529
2406	-6.531
2407	3.284
2408	0.657
2409	0.07917
2410	-4.909
2411	-3.095
2412	-0.1387
2413	-5.738
2414	0.6393
2415	-0.27
2416	-3.353
2417	-8.34
2418	-0.4289
2419	0.04785
2420	-0.04358
2421	-1.782
2422	2.163
2423	1.94
2424	3.383
2425	0.9461
2426	1.412
2427	1.706
2428	1.725
2429	1.761
2430	-5.112
2431	3.501
2432	2.877
2433	-2.989
2434	-3.872
2435	-0.3492
2436	3.671
2437	-5.426
2438	2.448
2439	-1.957
2440	3.774
2441	-2.089
2442	-5.888
2443	6.963
2444	-2.436
2445	1.722
2446	-4.96
2447	-2.491
2448	2.042
2449	-13.68
2450	-24.58
2451	6.706
2452	-10.75
2453	0.6956
2454	0.2614
2455	-6.393
2456	3.766
2457	-0.1036
2458	-1.013
2459	-0.9663
2460	-0.3014
2461	1.206
2462	-4.127
2463	0.7814
2464	-5.456
2465	2.193
2466	-11.25
2467	-1.812
2468	3.081
2469	0.0929
2470	4.685
2471	1.093
2472	-0.07081
2473	0.04279
2474	0.08819
2475	-0.07853
2476	-0.02267
2477	0.04966
2478	0.2812
2479	-0.2076
2480	-1.166
2481	0.9262
2482	-4.579
2483	-4.971
2484	-0.5185
2485	-1.045
2486	-4.947
2487	-0.0203
2488	-1.325
2489	-1.107
2490	-2.714
2491	-5.875
2492	-1.495
2493	2.946
2494	-0.681
2495	-1.266
2496	-1.398
2497	-1.012
2498	-0.7562
2499	-7.348
2500	0.002494
2501	0.02221
2502	0.7331
2503	-0.3232
2504	-4.265
2505	-0.8378
2506	-0.08841
2507	-0.1567
2508	-0.003572
2509	-0.06746
2510	-0.2558
2511	0.05473
2512	-0.2236
2513	0.3234
2514	0.001485
2515	0.497
2516	-0.3255
2517	-3.821
2518	-5.045
2519	-1.087
2520	-0.1845
2521	-4.816
2522	-0.1959
2523	2.255
2524	-1.244
2525	1.075
2526	3.172
2527	-0.4728
2528	0.002952
2529	-0.07336
2530	-0.3033
2531	-1.026
2532	0.4874
2533	-0.2759
2534	1.078
2535	-0.08109
2536	-1.744
2537	-3.083
2538	-1.67
2539	-3.822
2540	-0.2728
2541	-2.211
2542	-4.255
2543	0.5903
2544	0.3822
2545	0.8983
2546	-0.06598
2547	-0.7702
2548	-0.04582
2549	1.256
2550	-3.924
2551	-0.315
2552	1.596
2553	-0.6488
2554	-4.304
2555	0.8024
2556	-13.43
2557	3.749
2558	-4.226
2559	-2.01
2560	-6.38
2561	-4.019
2562	-8.162
2563	-1.514
2564	-7.206
2565	-1.068
2566	-2.511
2567	3.029
2568	2.311
2569	-8.379
2570	-2.534
2571	1.162
2572	1.892
2573	-0.4146
2574	-5.209
2575	4.971
2576	-0.6443
2577	-0.1608
2578	0.6573
2579	-4.044
2580	4.008
2581	-3.382
2582	2.484
2583	0.07625
2584	-5.766
2585	0.8549
2586	4.014
2587	-11.13
2588	-1.187
2589	-0.3071
2590	3.489
2591	1.251
2592	5.136
2593	-5.433
2594	-0.8538
2595	-3.639
2596	2.901
2597	3.227
2598	-2.15
2599	0.09489
2600	-14.15
2601	-4.335
2602	-6.663
2603	-0.1261
2604	-6.656
2605	-1.48
2606	-1.826
2607	0.4062
2608	0.6059
2609	0.03793
2610	-2.388
2611	-3.49
2612	0.7949
2613	-0.0453
2614	0.07645
2615	-0.6657
2616	-0.2266
2617	-1.053
2618	-0.09157
2619	0.02544
2620	0.1819
2621	0.03835
2622	0.05871
2623	-8.808
2624	2.333
2625	1.369
2626	-0.5359
2627	3.568
2628	1.963
2629	0.7586
2630	-2.056
2631	1.212
2632	3.42
2633	0.4589
2634	3.081
2635	0.04973
2636	0.2881
2637	1.891
2638	-16.97
2639	-1.883
2640	1.468
2641	0.1052
2642	0.7855
2643	-5.064
2644	-7.499
2645	-10.42
2646	4.553
2647	-3.968
2648	-2.614
2649	3.022
2650	-1.596
2651	4.672
2652	-5.438
2653	6.583
2654	-8.334
2655	-6.153
2656	-6.625
2657	-11.01
2658	-5.113
2659	2.944
2660	-0.976
2661	-0.3652
2662	-0.2204
2663	2.784
2664	0.01003
2665	0.9071
2666	-2.787
2667	-1.358
2668	4.137
2669	-4.156
2670	-2.372
2671	-0.09429
2672	2.098
2673	-1.811
2674	1.07
2675	-1.282
2676	-0.685
2677	-0.3939
2678	-1.14
2679	-3.377
2680	-1.532
2681	-2.691
2682	-4.45
2683	-2.097
2684	-5.149
2685	-1.552
2686	-0.1594
2687	-2.256
2688	5.211
2689	0.6697
2690	4.303
2691	0.5731
2692	-0.1257
2693	1.053
2694	-0.5945
2695	-11.43
2696	-2.369
2697	-1.519
2698	-0.9859
2699	-0.02447
2700	-13.65
2701	1.451
2702	-8.145
2703	1.683
2704	0.9584
2705	-0.7072
2706	-0.3428
2707	-0.5458
2708	-2.857
2709	-0.4822
2710	1.17
2711	-1.139
2712	2.129
2713	1.405
2714	0.2277
2715	-1.77
2716	-0.5962
2717	0.09794
2718	-9.922
2719	0.07509
2720	-0.8566
2721	-0.0235
2722	-0.06675
2723	0.3968
2724	0.6024
2725	4.18
2726	-4.873
2727	-2.469
2728	2.752
2729	0.2749
2730	-2.897
2731	-10.18
2732	0.4979
2733	0.5777
2734	-4.384
2735	0.9332
2736	0.06626
2737	3.29
2738	0.5477
2739	-3.12
2740	0.9275
2741	-1.153
2742	-10.92
2743	3.327
2744	-0.1552
2745	2.535
2746	-5.056
2747	-2.855
2748	0.9311
2749	-10.1
2750	6.434
2751	4.487
2752	5.074
2753	-1.927
2754	-0.281
2755	4.102
2756	-0.6831
2757	2.864
2758	0.8472
2759	-4.99
2760	1.859
2761	-2.998
2762	0.4388
2763	-7.948
2764	-3.965
2765	-9.189
2766	-15.76
2767	-17.16
2768	-3.968
2769	0.1773
2770	-5.365
2771	-12.38
2772	-3.583
2773	-0.4141
2774	-2.027
2775	-1.154
2776	-10.12
2777	-5.842
2778	8.213
2779	-0.9311
2780	-16.76
2781	2.661
2782	0.3674
2783	8.359
2784	3.242
2785	-0.3792
2786	-1.436
2787	0.6436
2788	0.8549
2789	3.291
2790	-4.182
2791	-0.1443
2792	0.9832
2793	11.7
2794	-9.738
2795	-2.13
2796	-0.01768
2797	-7.221
2798	-7.834
2799	3.042
2800	1.487
2801	10.1
2802	2.171
2803	1.149
2804	-7.356
2805	3.773
2806	6.653
2807	-6.515
2808	-4.2
2809	-2.335
2810	0.8027
2811	-0.3571
2812	-6.959
2813	5.067
2814	-1.453
2815	8.114
2816	0.2159
2817	1.001
2818	12.24
2819	-20.04
2820	-4.2
2821	-17.55
2822	3.359
2823	2.917
2824	1.597
2825	5.586
2826	-0.7903
2827	11.51
2828	-0.03821
2829	3.193
2830	3.86
2831	0.09247
2832	1.939
2833	1.008
2834	-0.02863
2835	5.689
2836	-2.077
2837	-0.06382
2838	0.4025
2839	-0.8652
2840	2.597
2841	-3.088
2842	-0.5067
2843	-0.7332
2844	-0.01996
2845	-2.652
2846	-3.263
2847	-0.8942
2848	-0.1725
2849	-0.06686
2850	0.02988
2851	0.1854
2852	-2.662
2853	0.2237
2854	-5.566
2855	-0.1151
2856	0.5992
2857	1.197
2858	0.8521
2859	-5.853
2860	-3.886
2861	0.1407
2862	-0.01401
2863	-0.7444
2864	0.09445
2865	-0.5594
2866	0.4463
2867	0.12
2868	-0.2741
2869	-0.7506
2870	-0.04198
2871	-0.9828
2872	-0.07097
2873	0.212
2874	1.511
2875	0.7385
2876	-2.03
2877	-2.826
2878	-1.871
2879	0.4697
2880	1.432
2881	-4.584
2882	-4.295
2883	4.083
2884	-0.5948
2885	3.894
2886	3.79
2887	-15.36
2888	3.726
2889	1.118
2890	-0.9164
2891	-4.722
2892	-0.1102
2893	0.2334
2894	-0.3225
2895	1.057
2896	0.5891
2897	1.498
2898	-2.108
2899	0.5202
2900	0.7008
2901	0.4849
2902	0.718
2903	-0.0383
2904	-1.012
2905	0.2777
2906	-0.4396
2907	1.078
2908	0.5524
2909	2.428
2910	2.589
2911	0.8906
2912	-5.406
2913	0.3018
2914	2.32
2915	1.587
2916	0.06568
2917	-0.02176
2918	-0.3667
2919	-0.07845
2920	0.03556
2921	1.278
2922	-0.627
2923	-1.829
2924	5.062
2925	2.468
2926	-10.55
2927	-3.221
2928	-0.4211
2929	-6.714
2930	-3.229
2931	6.092
2932	6.026
2933	-18.95
2934	6.304
2935	-1.213
2936	-25.4
2937	-3.32
2938	-6.143
2939	10.22
2940	6.044
2941	0.743
2942	8.531
2943	-9.733
2944	-4.032
2945	6.146
2946	-5.104
2947	-14.08
2948	-4.697
2949	-3.978
2950	-0.4534
2951	3.491
2952	4.13
2953	1.349
2954	3.291
2955	4.095
2956	-0.4797
2957	5.149
2958	-5.622
2959	-1.316
2960	-1.047
2961	6.748
2962	3.016
2963	4.14
2964	-3.843
2965	-2.963
2966	-3.101
2967	-3.621
2968	1.935
2969	-5.59
2970	-0.9655
2971	2.984
2972	-1.518
2973	0.7808
2974	1.196
2975	2.107
2976	2.26
2977	1.309
2978	0.8832
2979	-0.5634
2980	0.3014
2981	4.378
2982	-3.05
2983	-2.073
2984	3.074
2985	-7.876
2986	-15.42
2987	-1.244
2988	-4.606
2989	-0.9031
2990	0.1273
2991	0.3305
2992	0.3758
2993	-1.01
2994	-0.4369
2995	-0.9295
2996	-0.4529
2997	-0.09198
2998	0.4193
2999	1.638
3000	0.7079
