YO.dat

  -0.5545,   0.2097,  -0.4912,   1.8018,   1.9614,  -0.2191,   1.3156,  -0.6904,   1.0602,   0.4754,  -0.8416,
   0.6253,   0.3894,   1.0279,  -1.8036,  -2.2403,  -1.0984,  -2.5084,   1.3160,  -0.0155,  -0.1310,  -1.4725,
   1.4755,   1.3098,   0.9752,  -0.6547,  -0.5604,  -0.0243,   0.3391,  -0.4046,  -0.4518,  -0.8447,   0.2297,
   6.4245,   4.8695,   4.5319,   0.3115,  -0.1856,  -0.0842,   0.3382,   3.8256,   1.9671,   2.6986,   0.3942,
   1.8045,   1.0543,   0.6517,   0.0878,  -0.2826,  -0.0455,   1.1834,  -2.2326,  -1.9616,  -1.8793,  -1.2953,
  -0.3104,  -0.6993,  -0.2497,  -1.1246,  -0.7202,  -1.2546,  -0.3011,  -1.2870,  -0.7662,  -1.3920,   1.1785,
   0.9070,   2.2181,   1.0088,  -0.3186,   0.8939,   2.3439,  -0.1055,  -0.0646,   0.5885,  -0.1855,   1.3114,
   1.7019,   0.2837,   0.2625,  -1.1280,  -0.9499,   0.2793,  -1.3185,   1.0936,   2.2319,  -0.1229,  -0.0246,
   1.4677,   0.3894,   0.0273,   0.2412,  -0.1486,  -0.0652,  -0.5583,   0.1328,  -0.6522,   0.0990,   0.2199,
   0.1928,   0.7945,  -0.2899,  -0.3641,   1.0042,  -0.2221,  -1.0682,   0.9524,  -0.0801,  -0.1328,   0.1537,
   2.0727,   1.6746,   1.5479,   1.1980,  -0.0821,  -0.2688,  -0.4826,   1.6169,   0.8090,   1.2084,  -0.1945,
   1.2858,   0.6830,   1.2063,  -0.6482,  -0.8851,  -0.7331,  -0.8086,  -0.0724,  -0.1058,   0.1416,   1.0555,
   0.0930,  -0.3338,   0.0324,  -0.1079,  -1.4039,  -1.3234,  -0.5181,  -0.2031,   0.9548,   0.6845,  -0.7457,
   0.6256,   1.4116,   0.9401,   0.0953,  -1.7896,  -1.5668,  -0.8832,   1.0454,   0.2452,  -0.4004,   4.1674,
   0.4939,   0.9398,  -0.2991,  -0.6165,   1.1412,   0.7335,   0.6350,   0.1252,   0.3478,  -0.0394,  -0.1673,
   1.9874,   0.8066,   1.9235,  -0.8235,   0.3403,  -0.0396,   0.3807,   1.0001,   0.4909,   1.4055,   0.1449,
   3.5822,   3.6072,   2.6665,   2.0605,   1.1406,   0.9132,   0.2932,   1.4671,   0.8669,   0.9087,   0.6943,
   0.7185,   0.9932,  -0.9210,   1.4950,  -0.7636,   0.0311,  -0.6159,  -0.1648,  -0.7827,  -0.8878,   0.0503,
  -3.1626,  -1.0175,  -0.8382,   1.1312,   1.3107,  -0.0729,  -0.5481,  -0.5337,  -0.1425,   0.2525,  -0.1005,
  -1.3543,  -0.3178,  -0.7302,   0.4033,  -0.6911,  -0.5662,  -0.1492,   0.3326,  -0.0628,  -0.1465,  -0.9910,
  -0.0178,   0.5133,   0.6984,  -0.4467,   1.0540,   0.3702,   1.1263,  -2.4637,  -2.2111,  -0.1617,   0.3076,
   0.0333,   1.1584,   0.6252,   0.0554,   2.0072,   1.5966,   0.5774,  -0.7472,  -0.3037,   0.6415,  -1.1290,
   4.9820,   5.4641,   3.7739,  -2.5295,  -2.0181,  -1.6803,  -1.4870,  -3.0716,  -2.4885,  -2.1574,   0.4149,
   0.5719,   0.3265,   0.2980,   1.4210,  -0.1152,   1.0532,   1.0421,   0.4244,  -0.2068,   0.8060,   1.5668,
  -1.1391,  -0.7721,  -1.4458,  -1.2063,  -0.2896,  -0.4426,  -1.1631,   0.0755,  -0.6627,   0.2277,  -0.5685,
   0.4287,   0.8835,   0.1672,  -0.3071,   0.3713,   0.0773,   1.1732,   1.5702,   0.3562,   0.0168,   0.7436,
   0.1977,   0.5592,   0.0578,   0.5562,   2.0961,   0.5553,   0.5643,   0.3424,   1.0790,   0.2006,   1.1279,
   2.6260,   1.9497,   2.2594,   2.0532,   0.3292,   1.4827,   0.8378,  -3.1067,  -2.5550,  -2.5104,  -1.2598,
   0.2786,   1.2019,   1.0018,  -2.3158,  -1.4929,  -1.3173,  -0.9878,   1.5030,   1.7108,   1.0066,  -1.0624,
  -0.1228,   0.7849,   0.0041,  -2.2508,  -0.7506,  -1.0953,   1.8173,  -0.3238,   0.0108,   0.5337,   0.6044,
   1.9071,   2.4105,   1.0337,   1.8766,   0.5230,   0.4317,  -0.4494,   1.1985,   0.3420,   0.9546,  -0.4798,
   2.1205,   1.5225,   1.5960,   0.4727,  -0.3363,  -1.0379,  -0.1469,  -1.6202,  -1.6551,  -1.2630,   0.6876,
   1.7825,   1.3202,  -0.1522,  -1.0741,  -0.3867,  -1.9978,  -2.9137,   0.1629,   1.2671,  -0.0228,   0.6456,
  -0.7466,   0.3733,  -0.2637,  -1.1865,  -0.2709,  -1.6403,   1.2004,   0.1920,  -0.0214,   0.7204,   0.5310,
   1.5495,   0.4005,   0.0651,  -0.6794,   0.4527,  -1.0908,  -1.2931,  -1.6751,   0.0319,  -1.3746,   1.6872,
   2.4960,   2.6701,   3.0170,  -2.4332,  -0.8053,  -0.6715,  -0.7988,   1.1186,   1.3667,   1.4490,   0.5419,
   3.6714,   3.0165,   2.4707,  -1.8275,  -1.1174,  -0.4922,  -0.9867,   0.8243,   2.0066,   0.9698,   1.3578,
   0.5440,   0.4432,   1.1158,  -0.3783,   0.6495,  -0.1839,   0.3961,   0.2221,   0.5964,   0.7937,  -1.4544,
   0.2009,   0.4213,  -0.0011,  -1.1355,  -2.0653,  -1.4283,  -1.5274,  -0.2650,  -0.5080,  -0.3165,  -0.0179,
   2.3595,   1.8461,   1.1928,   0.7582,   1.8451,   2.7993,   0.9140,   1.5715,   3.0061,  -0.0976,  -0.1263,
  -0.7651,  -1.2906,  -1.0740,   0.8841,   0.4938,   1.0534,  -0.0081,   0.1093,  -0.0415,  -0.1697,  -2.1202,
  -1.3571,  -1.8923,  -0.7173,   0.8208,   0.1092,  -1.2875,  -0.6410,  -1.3554,   0.0570,  -0.7733,   0.5147,
  -2.3510,  -1.3737,  -1.6797,   0.2860,  -1.5019,   1.1738,  -1.2441,  -1.0749,   0.5327,   0.0353,  -1.1545,
   3.4198,   2.3193,   0.8386,  -1.2857,  -0.2207,   0.8934,  -0.6104,   0.1043,   0.6866,   1.2332,   1.2735,
  -0.3676,   0.9531,   0.5284,  -1.4131,  -1.6348,  -1.5292,   0.9019,   0.2041,  -0.9366,   0.7938,  -0.8408,
   1.5870,  -0.1986,  -0.2247,  -0.1485,  -0.3155,   0.2630,   0.8396,   0.6459,   1.2439,   0.7518,   0.3592,
   1.1062,   0.2294,   0.2692,   0.4730,   1.0126,   0.3591,   0.5169,  -0.3327,  -0.3963,   0.3165,   0.2648,
   0.2584,   1.9819,   1.0589,   1.5554,   2.0361,  -0.4855,   0.7034,   0.3061,  -0.7761,   1.2003,  -0.7725,
  -0.2229,  -0.2501,   0.1270,  -0.0772,   0.7084,  -0.4712,   0.2122,   0.2658,   0.7735,   0.1186,  -3.1271,
   0.6444,   1.1112,  -0.2158,  -0.2035,   0.5150,   0.6490,   0.5738,  -0.4334,  -0.5839,   0.9463,  -0.1054,
   2.2626,   1.2327,   1.6587,   2.9766,   2.6147,   0.9950,  -0.3874,   0.7348,   0.9628,   1.3154,  -0.8792,
   5.5668,   4.4938,   3.0549,   2.1181,   3.6215,   1.2807,   0.5391,   1.5517,   1.4439,   1.4338,   1.1652,
   1.9956,   0.5414,   0.4149,  -0.1287,  -0.8260,  -0.1077,   2.2783,  -1.7418,  -1.3395,  -0.9846,   0.9204,
   6.1793,   4.8663,   4.1679,   3.6495,   1.8759,   1.6908,   0.6765,   1.1542,   2.3964,   1.3721,   2.2677,
  -0.9186,  -0.3774,  -1.0918,   0.5709,  -0.9574,  -0.8156,   0.3985,  -1.1708,  -1.5259,   0.7684,   1.1768,
   0.1940,  -0.4860,  -1.0638,   0.4270,  -0.9818,   0.0365,  -1.2762,   0.2270,  -1.2784,   0.1391,  -0.5782,
   2.8195,   2.0236,   1.9133,  -0.3375,  -0.0972,   1.3361,   0.3977,   0.2684,   1.2548,  -0.6019,   0.4503,
  -0.9785,  -0.6259,  -0.9093,  -1.5589,  -0.7572,   0.4394,   0.8064,  -0.1442,   1.2093,   0.4367,  -1.8233,
   3.4329,   2.7400,   2.9557,   1.4439,   2.1768,   0.6815,   0.2112,   1.5533,   1.1077,   0.9850,  -0.0294,
   2.5909,   2.3128,   1.4451,   0.1454,   1.3392,   0.7023,  -0.3089,   1.3351,   1.2099,   0.4174,  -0.0757,
   0.8397,  -0.2173,   0.9301,  -1.5228,  -2.1016,  -2.0507,  -0.5578,   0.5198,   0.9401,   1.0413,   0.0000,
   1.3680,   2.2222,   2.2825,  -2.9500,  -2.7829,  -0.7828,  -2.1777,  -1.1463,  -0.4798,  -0.6840,  -1.1191,
   0.3459,   0.8993,  -0.4089,   0.7981,   1.4950,  -0.0227,  -0.5803,  -0.9239,  -0.0729,  -0.9793,   1.5203,
  -2.1068,  -1.7231,  -2.2549,  -1.8151,  -0.6712,  -0.7389,  -0.7719,  -1.9911,  -0.8364,  -1.1725,  -3.5513,
   0.7427,  -0.1702,   0.8528,   1.5547,   1.7767,  -0.2898,  -0.0024,  -0.1584,  -0.1940,   0.0037,   0.4129,
   5.4420,   3.5716,   2.6629,   1.7552,   0.2801,   2.0207,   1.3273,   2.2047,   1.2881,   0.5522,   0.7951,
   2.4912,   1.0961,   1.3606,  -0.8922,  -0.6031,  -0.2742,  -1.1108,  -2.1187,  -2.4440,  -1.2523,   0.7475,
   1.8339,   0.9511,   1.6935,   0.4209,   1.3195,   0.1686,   1.5082,  -0.5780,  -1.1579,  -0.3660,   0.6427,
   0.4297,   0.0572,   0.4481,   0.9366,  -0.3994,   1.8292,  -1.2159,   0.8812,   0.6866,   0.3260,   0.1691,
   0.3911,   0.0234,  -0.2242,  -0.5960,   0.5896,  -1.1122,  -0.2871,   0.0499,   1.4822,   0.0562,   0.7204,
   2.4221,   2.8898,   1.5946,   1.5303,   1.7658,   2.3945,   1.4909,  -1.0684,  -0.9326,  -0.2503,   0.8516,
   0.2243,   0.5516,   0.2400,  -0.3404,  -2.0217,  -0.1632,  -0.4642,  -0.7044,  -1.3105,  -0.8686,  -0.3014,
   1.4336,   1.3233,   0.6625,   1.0951,   0.1076,   1.7163,   0.1757,  -0.6172,   0.1014,   1.2796,  -0.4552,
   0.9896,   0.6386,   0.4345,   1.6518,   2.2997,   1.7145,  -0.2715,   0.3304,   0.4824,   0.8566,  -0.5016,
   0.2371,  -0.8060,   0.0424,  -2.1378,  -1.8574,  -1.7595,  -1.4583,   1.1671,  -0.8890,   0.8487,  -1.3168,
   4.9861,   4.6096,   3.9596,   2.9225,   3.5117,   2.4017,   2.9396,   0.7809,   0.7968,   0.9198,  -0.2322,
   0.9988,   1.6160,   0.6238,   2.2187,   1.1488,   1.1736,   0.2175,   0.1503,   0.0334,   0.0141,   0.1441,
   0.7500,   0.9899,   0.5066,   1.2677,   1.2625,   0.0810,   0.8468,   0.0810,  -0.0609,  -0.2563,   0.2566,
  -1.2333,  -0.6376,   0.2708,  -1.9676,  -1.6771,  -1.5870,  -0.9157,   1.0189,   0.3922,  -0.3163,   0.9804,
   0.9302,   1.5634,   0.1332,   0.7408,  -0.6182,   0.0872,   0.8338,   2.0911,   1.3027,   1.3670,  -0.5815,
   1.9272,   1.1156,   0.8911,  -1.4161,  -1.4696,  -1.5280,  -0.9652,  -0.1880,   1.0716,  -0.0612,   0.6754,
   0.8139,   0.3160,   0.6734,  -0.2820,  -0.3393,  -0.4731,  -0.6999,  -0.5278,  -0.4898,   0.0697,   0.6782,
   0.8955,   1.2935,   0.9669,  -1.3505,  -1.1339,  -0.9590,  -0.0229,   0.3159,  -1.3544,  -0.0317,   0.8604,
   0.3000,   0.1261,   0.4055,  -1.1632,   0.6128,   0.2434,   0.0227,   0.3408,  -0.1667,   1.4363,  -1.2847,
   5.8580,   5.7132,   4.3149,   2.1259,   1.6681,   1.5610,  -0.0639,   1.9653,   2.3592,   1.5489,   0.2791,
   1.7656,   1.5742,   0.7099,   1.0305,   0.7541,   1.6375,   1.2673,   1.1860,   0.7529,  -0.1322,   0.3383,
   0.6813,   0.6454,  -0.3425,  -1.0240,   0.3708,  -1.5126,  -0.7439,   0.5388,   1.3945,  -0.4570,  -0.8137,
  -0.4302,   0.2051,  -0.4334,  -2.6989,  -0.9647,  -1.9428,  -0.6997,   0.2373,  -0.4342,   0.2281,  -0.8694,
   0.8047,   0.8438,   0.8515,  -0.5042,   0.4224,   0.3927,   1.3059,   0.3724,   2.0792,   0.4146,   1.2244,
   0.6598,   0.3822,  -0.4452,  -0.2807,  -0.2545,   0.7162,  -0.3345,  -0.2779,   0.9404,   0.6216,  -0.2336,
   1.6396,   0.5550,   1.3607,  -1.2312,  -1.0908,  -0.3919,  -0.6138,   0.4801,   1.0077,  -0.5257,   0.3780,
   0.7897,   0.2189,  -0.2016,  -0.3434,  -0.4963,   0.4481,   0.5336,  -1.5296,  -0.0239,  -2.3147,   0.0463,
  -0.2603,   0.5777,  -0.7553,  -0.0927,   1.4077,   0.5443,   0.0084,  -0.3883,  -1.1583,  -0.1763,  -0.6205,
   0.2391,   0.4443,   0.2745,   0.6935,  -0.6316,   0.5531,   0.0491,   0.4909,   0.3273,  -0.3584,  -1.0772,
   1.3678,   1.4917,   1.3025,  -0.8578,  -0.9511,   0.3519,  -1.0931,   1.3273,   0.2244,   0.8316,   0.4392,
  -0.1594,   0.0856,   0.6948,  -1.6033,  -0.7885,  -0.3347,  -0.2678,   0.0115,   0.3072,  -1.0946,  -1.8405,
   0.5562,  -0.2372,  -0.1720,   0.3042,   0.0938,  -0.8536,  -0.2970,  -1.0311,   1.0875,  -0.4084,   0.7985,
   1.4466,   0.6194,   1.6133,   0.3005,   0.0766,  -0.5052,   0.2417,   1.1774,   1.4425,   1.2450,   1.2623,
  -0.2342,  -1.1961,  -0.7430,   0.2403,  -0.2183,   0.0841,  -0.2923,   0.3425,  -0.7745,  -1.2014,  -0.7039,
   2.7025,   2.6705,   2.0493,   2.2948,   0.5785,  -0.7159,   0.9238,   1.1736,   1.3501,   2.4121,  -0.2021,
   3.1563,   2.3840,   1.7279,  -0.2121,   0.5058,  -0.8797,  -1.4852,   1.4944,   1.5411,   0.8021,  -0.8121,
   0.6784,  -0.4255,   0.4311,   0.7868,   0.1315,   0.0942,   0.1284,   1.0056,  -0.7437,   1.8900,  -1.5718,
   2.2825,   2.5569,   1.7641,   2.4274,   2.3021,   1.5715,   0.9941,   0.1693,  -0.7858,  -2.2093,   1.4054,
   2.8960,   1.9955,   3.3305,  -0.1503,   0.0600,  -1.1659,  -0.5922,   3.2687,   2.0125,   2.7460,  -0.4827,
   1.6691,   1.4799,   1.4718,   0.1081,   1.5401,  -0.5207,   0.6187,  -0.7538,   0.8658,  -0.2253,   0.2654,
   0.5835,   1.0061,   1.2293,  -0.2261,  -0.5093,   1.3228,  -0.8311,   0.3220,  -0.1862,   0.2322,   0.3819,
   0.6369,  -1.1087,  -0.5861,  -1.1234,  -1.3115,  -1.0262,  -1.1884,   0.1906,   0.3436,   1.1165,   0.0216,
   0.2935,   1.1554,   0.2905,  -3.0286,  -2.0227,  -3.1591,  -2.0219,  -0.7957,  -0.1694,   1.1664,  -0.8491,
   1.5714,   0.8371,   0.3667,  -3.4896,  -2.9311,  -0.5682,  -1.6704,  -0.0552,  -1.0974,  -0.8513,  -1.7068,
   1.2422,   1.5191,   0.3838,   0.1879,  -0.7850,  -0.1957,   0.6398,   1.6163,  -0.2739,  -0.2391,  -0.5792,
   1.1389,   0.8029,  -0.0074,  -0.2369,  -0.6100,  -0.1022,   0.0086,  -1.4695,  -0.8264,  -1.8444,  -0.9986,
   0.2267,   0.4136,   0.1074,  -0.8312,  -0.5727,  -0.2225,   0.6311,  -0.0751,   0.0785,   0.0698,  -1.1367,
   2.0428,   1.0484,   1.5438,  -0.3676,  -0.7349,  -1.0188,  -1.9313,  -1.7670,  -1.9325,  -1.5055,   1.3366,
   0.5293,   0.8539,   0.9134,   0.1864,  -0.2935,   0.5100,   0.1977,  -1.9138,  -0.9848,  -1.4992,   0.0400,
   1.5279,   1.3647,   1.5408,   1.1245,   0.5468,  -0.4660,   1.3787,   1.2413,   1.2427,   1.2955,  -1.1194,
   1.1005,   0.3011,   0.5787,   0.0363,  -1.0701,   0.2456,  -0.0333,   0.9264,   0.7683,   0.0333,  -0.0594,
   0.7411,  -0.3192,   0.5345,   0.5176,  -0.0014,   0.1511,   1.0950,   0.0835,  -0.0356,  -0.2371,  -0.9574,
  -0.5686,   0.7975,   0.7585,  -2.0159,  -0.3044,  -1.9646,  -1.9634,  -1.5589,  -2.0895,  -2.1138,  -1.5356,
   1.1801,   1.7917,   1.5562,  -0.3091,  -1.0184,  -0.6262,  -0.2387,   3.0456,   2.3464,   1.1841,  -0.3811,
   0.2909,  -0.9809,   0.1468,   0.1601,  -0.3408,  -0.2949,   0.7638,   0.2456,  -0.2385,  -0.4523,   0.5722,
   1.2472,   0.6976,   2.0194,  -1.8164,  -1.6070,  -0.0876,   0.1507,   1.5774,   0.2958,   0.5169,   0.1345,
   0.1727,   0.8273,   1.1857,   0.6785,   0.8222,  -0.0804,   0.6668,   0.2958,   0.9257,  -0.0039,   1.0086,
   4.0179,   3.4350,   1.9914,   2.2683,   2.0891,   0.5826,   0.5852,   1.6663,  -0.0207,   1.7913,  -1.0252,
  -0.1583,   0.9727,   0.0820,  -0.1162,  -0.2974,   0.5636,   0.4898,   1.4513,   0.7992,   0.8608,  -0.3049,
  -1.3278,  -0.6902,  -1.0852,  -1.8694,  -1.8988,  -0.6072,  -0.6043,  -0.3618,  -1.0965,  -1.2679,  -0.2333,
   1.3092,   0.5673,   0.5009,   0.6339,   0.3053,   0.8003,   1.5574,  -0.3795,   0.2501,   0.4072,  -1.0180,
   1.7709,   0.9964,   1.0671,  -2.0171,  -3.4240,  -2.2009,  -1.1978,   0.0924,  -0.7147,  -1.5858,  -1.3681,
   0.8538,   1.3596,  -0.0425,  -0.7188,  -0.2605,  -0.7557,  -0.9967,   1.1669,   1.1399,   0.7448,   1.0567,
   5.8124,   5.6240,   4.3859,   3.8214,   2.4111,   2.9354,   1.3264,   1.8100,   1.3804,   1.0802,   0.0092,
   0.1399,  -0.1075,  -0.3686,   0.2221,   1.9782,   1.1036,   0.0619,   1.2121,  -0.0857,   0.1901,  -0.7415,
   1.6351,   0.8973,   0.5750,  -1.4780,  -0.4579,   0.4097,  -0.0578,  -2.5197,  -0.1692,  -0.4636,   0.8438,
   1.3550,   0.5380,   0.5425,   0.5746,   0.0701,   1.0949,   0.4747,  -0.9151,  -0.9293,  -0.5709,   0.3010,
   0.0561,  -1.1429,  -0.6984,  -1.6846,   1.1627,  -1.0121,   0.1686,  -0.6706,   1.1710,   0.8739,  -1.3693,
   5.2394,   4.2236,   3.4238,   1.7394,   0.9466,   0.5015,   2.3488,   1.9013,   1.5843,   1.1659,   1.5809,
   0.3482,  -0.3224,  -0.6671,  -0.4332,  -0.7828,  -0.1177,   0.6101,  -1.2939,   0.2363,  -1.1255,   0.4977,
   1.2053,   0.8311,   1.0466,   1.2576,   0.6738,   1.5862,   1.2218,  -1.3755,  -1.2197,  -0.6445,   1.4633,
   3.6810,   3.2745,   2.0294,   0.3637,   0.9999,   0.3057,   1.4934,   1.5279,   0.3403,   1.5148,   1.1811,
   1.1999,  -0.1703,   0.9611,   0.1939,   0.1416,   0.3275,   1.2334,  -0.3154,  -0.7689,   0.6015,  -0.7452,
  -1.3724,  -1.7295,  -1.4844,  -0.0497,   0.3606,  -0.7378,   0.3182,  -1.4401,  -1.2775,  -0.9483,  -4.0333,
  -0.9008,  -0.2919,  -0.4458,   2.2458,   0.2866,   0.1663,  -0.4259,  -0.2461,  -0.6495,  -1.7102,  -0.0942,
  -0.9198,  -0.7968,  -0.5613,   0.7285,  -0.0725,  -0.4245,  -0.5879,   2.4896,   0.6664,   1.6643,  -0.3270,
   1.9181,   0.7603,   0.7956,   0.2818,  -0.9439,   0.1796,   0.2589,   1.4201,   0.1181,  -0.0627,  -0.8034,
   4.3086,   2.9110,   2.8668,   0.4637,   0.0553,  -0.6231,   0.9451,   2.3668,   1.5040,   1.8656,   0.5037,
   1.0658,   0.9107,   1.3429,  -2.3297,  -1.0332,  -1.0314,  -0.7311,   0.2674,  -0.8004,  -0.3972,   1.6194,
  -1.3787,  -1.0776,  -1.4194,   0.5029,   0.4368,  -0.1902,  -0.6102,   0.8547,  -0.4378,   0.2461,  -1.1548,
   2.4988,   1.6834,   1.9165,  -0.8234,  -1.2608,   0.0798,   0.1688,   3.0010,   0.7883,   0.4630,  -0.8140,
   0.4582,   0.7552,  -0.1918,  -0.3797,  -1.3902,  -1.0857,  -0.5321,   0.3620,   0.8946,   0.7003,  -0.2768,
   2.7768,   2.7326,   1.5190,  -0.9497,  -1.6312,  -0.8813,  -1.2811,  -1.2013,  -2.4014,  -2.2164,   0.6091,
  -0.8751,   0.7217,   0.8245,  -0.0258,   0.6023,   0.7604,   0.4318,   0.5119,  -0.0135,  -0.0338,  -0.7582,
   3.6508,   2.9739,   2.8684,  -1.6863,  -0.4988,  -0.0296,  -1.5399,   2.9110,   1.5665,   1.6372,  -1.3291,
  -0.8778,  -0.0294,   0.2387,  -0.8310,  -2.3770,  -0.8945,   0.7550,  -0.3810,  -0.2353,  -0.8637,  -0.1157,
  -0.9522,   0.3954,  -1.4284,  -0.4959,   1.4103,   0.3654,  -0.5160,   0.3207,   0.3434,  -0.2658,  -0.0790,
   0.1677,   0.3582,   2.0225,   0.5768,   0.6000,  -0.2755,   0.6692,  -0.0947,   0.6540,   0.4102,   0.5841,
  -1.2338,  -1.3190,  -0.5217,  -2.9255,  -3.5005,  -1.8194,  -1.9857,   0.5121,  -0.6552,   0.4518,  -0.7327,
  -0.4160,   0.7790,   0.0383,  -1.1147,  -1.3030,  -1.7138,  -0.8719,  -0.7080,  -1.0978,  -0.5913,  -0.2315,
   0.3577,   0.5414,   0.4561,  -2.0101,  -0.3586,  -0.8226,  -0.3424,  -0.9832,  -0.3618,  -0.0375,  -0.4323,
   1.0768,   0.3032,   1.0557,   1.1519,   1.3611,  -0.1456,  -0.1421,  -1.0831,   0.4522,  -1.4207,  -0.0589,
  -0.2760,   0.6489,   0.1315,   0.4135,   0.1252,  -1.0298,  -0.1762,  -0.2686,   0.2850,  -0.0113,   2.0357,
   1.9030,   2.9945,   2.3615,   1.1988,   1.3830,   1.9393,   0.5531,   1.0078,   0.2985,   0.9958,  -0.7806,
  -0.4491,  -0.0919,   0.3518,  -0.4275,   0.4184,   0.3702,   0.4816,   0.2727,   0.9701,   0.8177,  -1.1529,
   2.0260,   1.0143,   0.5833,   0.0297,  -0.2520,   0.3520,   0.0755,   0.3645,   0.4065,   0.3763,   0.4975,
  -1.0658,   0.8978,  -0.4751,   0.6245,  -0.0683,  -1.0080,  -0.6013,  -0.7076,  -0.8166,  -1.5604,  -0.6194,
  -0.1582,  -0.3805,  -0.1194,   0.1801,   1.9077,   0.2447,  -0.2100,  -2.1104,  -1.9578,  -1.0082,   0.0800,
  -0.9850,  -1.7454,   0.1213,  -1.4653,  -2.2190,  -0.6256,  -0.7649,   0.0221,  -0.6667,  -0.3042,  -1.0057,
   0.5093,   0.9064,   0.8654,  -0.6141,  -0.4372,   0.4684,  -0.7539,   0.1016,   0.2027,   0.5337,   0.7646,
  -0.7083,  -1.3833,  -0.7613,   0.6474,  -0.1853,  -0.0297,  -1.6906,  -0.5820,   0.3464,  -0.1570,   0.3256,
   1.5271,   0.8856,   0.8517,  -1.4131,   0.8890,   0.2327,   0.8170,  -1.5752,  -0.6651,  -1.2704,  -0.1902,
  -1.1877,  -0.8125,  -0.3441,  -2.2658,  -1.5383,  -1.2608,  -0.5703,   0.6101,   0.5352,  -0.3585,  -2.5866,
  -0.5486,  -0.1159,   0.0437,  -2.6422,  -0.7579,  -0.1346,   0.2143,   0.6023,  -0.2112,  -0.0969,   0.1410,
   1.9176,   2.5580,   1.5124,   0.2385,   1.6703,   0.4882,  -0.0592,   2.4193,   1.2853,   0.9918,   1.9125,
   1.9516,   2.4708,   2.0012,   1.1382,   1.4234,   1.4070,   1.0530,   0.4777,   0.3078,   0.8170,   0.8104,
  -0.5688,  -1.1010,   0.0382,   1.0105,  -0.6576,  -0.0913,  -0.6207,   0.7532,  -0.1550,   0.1664,  -1.6871,
  -0.4819,  -0.7909,  -0.2874,  -0.7830,  -1.6177,  -0.8487,  -0.8200,  -0.4784,  -0.7966,  -0.8315,  -0.0655,
  -0.2142,   1.3925,   0.6234,   0.1555,  -0.6060,  -0.3099,  -0.2845,  -0.4369,  -1.2956,  -0.1397,  -0.5868,
  -2.1410,  -0.5805,  -1.4437,  -0.1340,   0.5300,   0.0239,   0.6523,  -0.0547,   0.3929,   0.9458,  -1.1930,
   3.8748,   2.8605,   3.4316,   1.5068,   2.2203,  -0.8264,   0.5420,   2.4506,   1.8067,   1.6115,  -1.3788,
   3.3335,   3.1014,   2.2832,   0.2215,   0.4886,   0.6383,  -0.1832,   2.2476,   2.2596,   1.1239,   0.2972,
   0.9672,   0.4837,  -0.1649,   2.5428,   0.5679,   2.0076,   0.9745,  -0.4798,  -2.3422,   0.1516,  -0.6222,
   1.2642,   0.6502,   1.0958,   0.2255,  -1.2230,  -0.2537,   0.7136,   1.0125,   0.5956,  -0.2145,   0.0651,
  -0.3766,   0.2861,  -0.7152,  -2.5412,   0.0135,  -0.1109,  -0.3095,   0.0769,  -0.6208,  -0.7150,  -0.4075,
  -1.0976,  -0.9151,  -0.6689,  -0.6492,   0.4318,   0.0814,   0.0173,   0.4945,   0.3437,  -0.0284,  -0.7417,
   3.9105,   2.7646,   2.5204,  -0.0824,   0.6031,   1.3792,   0.4715,   1.4860,   0.4712,  -0.5615,   0.2985,
   0.2940,   0.6736,   1.2130,  -0.5005,  -0.8504,  -0.4464,  -1.1975,  -0.8240,  -1.7372,  -0.7810,   1.2197,
   2.1862,   1.4494,   1.9412,  -0.9692,  -0.5298,  -0.4274,  -1.2541,  -1.2364,  -1.0160,  -0.7383,   2.9520,
  -1.5521,  -1.5441,  -1.5123,   0.3570,  -0.5741,   0.1547,   0.4704,  -0.0306,   1.6075,  -0.7691,  -2.3130,
  -0.4458,  -1.3555,   0.0978,  -0.2066,   0.8217,   1.3507,  -1.8341,  -0.5252,   0.0585,   0.0508,  -0.7943,
   1.2943,  -0.4958,   0.1070,  -0.9767,  -0.6415,  -1.5359,  -0.4200,  -1.1779,  -0.1119,   0.1501,   1.4329,
  -0.8134,   0.0680,  -1.2889,  -0.9631,  -0.5904,  -0.7304,   0.2324,  -0.2641,  -0.5818,  -0.4929,  -0.8806,
   1.1636,   0.0439,   0.6122,  -0.1724,  -0.9537,   0.6429,   0.0851,   2.0260,   0.8777,   1.1757,  -1.1514,
   1.2074,   0.1256,  -0.2004,  -2.4702,  -1.9235,   0.2615,  -1.3621,  -0.2003,  -2.2123,  -1.1535,   0.2219,
   3.1199,   1.3357,   0.6304,   0.6471,   0.5187,   1.0172,   0.3073,   0.5184,  -0.9320,   0.2915,   1.3490,
   1.4149,   1.2823,   1.1003,   1.0511,   1.5696,   1.3669,   0.6673,   0.5960,   1.3575,   0.7101,   0.7259,
   0.6638,   0.4793,   1.3142,  -0.0816,  -0.5086,   0.6535,   0.5961,   0.9717,  -0.6285,  -0.0594,   2.9092,
   3.6670,   4.5346,   2.6427,   0.2332,   0.7427,   0.3301,   0.2215,   0.1502,   2.1684,   1.3906,   0.7172,
   0.4402,   1.3150,   1.9240,   0.0306,   0.6353,   0.1165,   0.9154,   0.5493,   0.7191,   0.2132,   1.3855,
  -0.1284,  -0.9807,   0.0742,  -0.0708,  -0.6206,   0.1976,   1.2778,   0.3752,   0.6833,  -0.8681,  -0.2579,
  -1.8690,   0.2058,  -0.0149,   1.6940,   1.1931,   2.0586,   0.3533,  -0.0848,  -0.0972,   0.1319,  -1.5290,
   0.2260,  -0.0849,   0.1072,   0.7933,   0.5774,   0.7306,  -0.5731,  -0.4217,   0.7219,  -0.2517,  -0.1764,
   2.4743,   2.1017,   2.4797,  -0.8007,  -0.4597,   0.4455,  -0.4370,   1.1453,   0.9623,   0.6115,   1.1897,
  -0.2229,   0.4546,  -0.1988,  -0.1378,  -0.6299,   1.1259,   0.6755,  -0.8664,  -0.0899,  -0.7960,  -1.3689,
   0.7258,   1.2963,   0.9267,  -1.5992,  -1.4440,   0.4321,  -1.2958,  -0.8612,  -0.7338,   0.0891,   0.9333,
   1.9915,   2.4077,   1.8283,  -0.3113,  -0.8528,   0.2012,   0.0867,  -2.4142,  -3.0299,  -2.9245,  -0.5878,
   1.5904,   1.2617,   2.1099,  -0.2045,   0.6500,  -0.0789,  -1.1747,   1.9516,   0.4461,   1.3925,   1.3128,
   0.0280,  -0.4385,  -0.2253,   1.0732,   1.0542,   1.6918,   1.0534,   1.4027,   1.2009,   0.9580,  -2.2872,
   0.3093,   0.1806,  -0.5188,  -0.7791,  -1.5086,  -0.3016,  -0.2985,   0.4135,   0.2823,   0.0622,   0.0526,
   1.3495,   0.9388,   1.0354,   2.0648,   1.3770,   0.7296,   0.5209,   0.0966,  -0.5239,   0.8315,  -2.2070,
  -1.5723,  -1.2978,  -0.5205,  -1.1263,   0.0304,  -3.2559,  -1.1242,  -0.2155,  -0.6981,  -0.3213,  -0.2629,
   1.1169,   0.4989,  -0.3773,   0.5993,   0.7881,  -0.0428,   0.3438,   0.9070,   0.4874,  -0.0299,   0.5404,
   1.4166,   0.6569,   0.2780,  -2.0289,  -0.7816,  -1.1696,  -1.6583,  -2.5672,  -1.9702,  -1.3714,  -0.3255,
   1.3495,   2.1820,   1.2932,  -1.0238,   0.0534,  -2.4606,  -0.2982,  -2.9576,  -2.2703,  -2.0728,   0.9991,
  -1.6841,  -0.0803,   0.4779,  -0.6357,  -0.7012,  -0.2147,  -0.8031,  -1.0930,  -0.6520,  -0.4520,  -0.7214,
  -0.1662,   0.8920,   0.5177,  -0.6990,   0.0801,  -0.3476,  -1.0519,   0.6473,   1.5219,   1.8689,  -3.0161,
   7.0124,   6.9421,   5.0307,   3.0956,   1.5569,   1.7547,   1.5805,   2.3268,   2.1262,   1.3245,  -0.8681,
   0.3521,   0.3035,   0.8482,  -1.2926,   0.1063,   1.2150,   0.9891,   0.1521,   0.3173,  -0.8441,   1.5760,
  -0.4207,   0.2835,   0.7417,  -1.2334,  -0.4568,   0.2213,  -1.1650,  -0.1595,  -1.6492,  -2.2114,  -0.0945,
   1.2013,   0.5293,   0.8809,   1.0784,   0.5190,   0.2212,   0.5156,   0.5369,   0.9809,   0.0187,   0.4898,
   0.2182,  -0.2312,  -1.1462,  -1.8662,  -0.2439,  -2.0689,  -0.8614,  -0.4046,   0.2593,   0.1397,   0.8031,
  -1.0707,  -0.3011,  -1.0893,   0.5678,  -0.9676,  -0.9648,  -1.1922,   0.1104,   0.2428,  -1.0639,  -1.7502,
   0.2904,   0.2947,   0.1841,   0.2754,  -0.1524,  -0.4644,  -0.7003,   0.1887,   0.8842,   0.8305,  -0.9463,
   2.7051,   1.7355,   1.6932,  -1.1856,  -0.6721,   0.9855,   0.3426,  -1.2988,  -1.7247,  -2.5061,  -0.6377,
   0.1662,   1.0284,  -0.1469,  -1.2885,  -0.4209,  -0.7029,   1.5131,  -0.4869,  -2.4043,   0.0803,  -0.7979,
   0.7512,   0.8023,   0.4962,   0.9508,  -0.4289,   0.0264,  -0.4403,   1.9667,  -0.0394,   0.5728,  -0.2942,
   0.5976,   1.0144,  -0.2224,   0.8586,  -0.6399,   0.1268,  -0.4365,  -0.4116,  -0.6506,  -2.0309,   1.4517,
   0.8716,   0.1865,  -0.0224,   1.9949,   1.3871,   1.8055,   1.1284,  -0.4623,  -0.7294,  -0.7347,  -0.0418,
   2.0034,   1.8731,   0.9622,   2.1217,   1.4356,   1.6259,   2.9749,   0.8441,   0.7675,   0.1911,   2.1492,
   0.2082,   0.1562,   1.0482,  -0.2626,   0.6462,  -0.5675,   0.3263,  -0.2332,  -0.3687,  -0.1781,  -0.8236,
  -0.1776,  -1.4878,  -0.2141,  -0.5225,  -1.5463,  -0.0270,  -1.6076,   0.5999,   0.0786,  -0.8723,   0.0085,
  -0.1860,  -1.1194,  -0.3737,   0.8068,   0.5365,  -0.9436,   0.5431,  -1.0379,  -0.2782,   0.2568,  -1.2829,
   0.9501,   0.5460,   0.6540,  -1.3662,  -1.1230,   0.3536,  -2.1785,  -0.5523,   1.2679,  -0.7285,   1.5148,
   0.6161,  -0.3230,  -0.5503,  -1.5076,  -1.7950,  -0.9542,   0.0299,  -0.1403,  -0.3972,   0.9539,  -0.3814,
   1.6553,   1.3293,   1.1104,   0.4408,   0.6197,   0.2365,  -1.0493,  -1.9459,  -0.6802,  -0.3157,   0.5167,
   1.1855,   0.6727,   0.3915,   0.0804,   1.2806,   0.0124,  -0.1092,   0.2676,   0.1355,   0.2005,   1.5075,
  -0.1362,   0.4581,   0.5247,  -1.3620,  -0.8631,   1.0008,  -0.4751,  -0.5342,   0.3974,  -0.0669,  -0.0577,
   0.9447,   0.9662,   1.2551,  -2.0668,  -0.3937,   0.5695,  -0.2353,  -0.2124,   0.3519,  -0.5975,   1.1892,
   4.8757,   3.5583,   3.3705,  -1.1607,  -0.2318,  -0.9817,   0.4872,   1.1203,   1.6656,   0.2040,   6.3817,
   0.0527,   0.1973,  -0.2742,  -3.0962,  -1.8820,  -1.4431,   0.1231,  -1.1278,  -0.9040,   0.5123,   0.5430,
   0.9230,   0.8416,   1.5255,  -1.8225,  -0.8520,  -2.2315,  -1.7886,  -0.9613,  -1.6056,  -0.3628,  -0.0082,
   0.7550,  -0.1538,   0.6790,   0.3133,  -1.1786,  -1.1847,  -1.5236,  -0.3812,   0.1065,   0.2763,   0.9635,
  -0.5885,  -0.0112,   0.0591,  -0.7881,   0.6182,   0.3094,  -0.4447,  -0.3283,  -0.8574,  -1.4687,   0.0569,
  -0.8975,  -0.4032,  -0.5390,   0.9294,  -1.4037,   0.3347,  -0.9933,  -0.8882,  -1.2853,  -1.1597,  -1.2001,
   0.0776,   0.9694,   1.1833,   0.6080,  -0.7419,  -0.4063,   0.1467,   0.8253,   0.2731,   0.2705,   0.4922,
  -0.0003,  -1.1502,  -0.7589,  -1.6519,  -1.3225,  -0.5093,  -2.1182,  -0.9073,  -1.1013,  -1.3861,  -0.0041,
   0.1967,   0.9461,  -0.7324,   1.3698,   0.9749,  -0.5563,   0.0428,   0.9411,   1.2314,  -0.1528,  -0.2792,
   1.5915,   1.8236,   0.6394,   0.6808,   1.0758,   0.5179,   0.4643,   0.4838,   0.8333,   0.2370,   1.0820,
   2.4470,   1.4053,   1.3340,   1.4492,   2.0419,   0.8202,  -0.4663,   0.4941,   1.0264,   0.4151,   1.7000,
  -1.4717,  -0.5842,  -1.0680,   0.3917,   0.4376,  -1.5458,  -0.0933,   0.2177,   0.5442,  -1.2087,  -0.5371,
  -0.5419,   0.4627,  -0.3296,   0.4104,   0.9520,  -0.8079,   0.1008,   0.1897,   0.5313,   0.9911,   0.1013,
  -2.4147,  -0.7259,  -1.0397,   1.5861,   0.1090,  -0.1125,  -0.9390,   0.0105,   0.3564,  -0.2358,  -1.2656,
   2.9700,   1.7500,   1.9224,   0.4629,   0.8754,   0.2304,  -0.2693,   0.3783,  -0.2202,  -0.0682,   1.0485,
  -1.6224,  -0.6981,  -0.4314,   0.9124,   0.4136,   1.0130,   0.7212,  -1.6085,  -0.6636,  -0.2591,  -2.5513,
   2.4504,   1.0729,   1.6597,   1.0577,   0.9606,   0.9411,  -0.2162,   1.5764,   1.0303,   0.7486,   0.9473,
   8.2716,   8.1864,   5.8445,   2.0579,   2.9983,   2.5603,   1.5390,   2.2924,   0.9613,   1.5947,   0.3302,
   3.0953,   2.0229,   1.2170,   0.2200,  -1.3140,   0.2741,  -0.4541,  -2.3331,  -0.8455,  -1.9771,   0.2182,
   1.5679,   1.6385,   1.4914,   1.0734,   0.3476,   0.3478,  -0.3492,  -2.4136,  -1.8323,  -1.4914,   1.2564,
   1.3273,   1.6288,   0.0848,  -2.2404,  -1.5269,  -0.6302,  -1.9052,   1.2820,  -0.7529,  -0.0938,  -0.1433,
  -0.0321,   0.3697,   0.5570,   0.3050,  -0.1849,  -1.2652,   0.9830,  -1.9322,  -0.9666,  -0.6312,  -0.1251,
   1.0655,   0.2628,   0.7162,  -0.4936,  -2.4610,  -2.3320,  -0.9051,  -1.5937,  -2.0086,  -1.0814,  -2.3101,
   2.9449,   2.7208,   1.7450,  -1.0438,  -0.4236,   0.6331,   0.4800,   2.0659,   2.6244,   1.3862,  -1.5770,
  -0.7946,  -0.6114,   0.6255,  -0.9638,  -0.7744,  -0.7108,  -1.0413,  -1.2658,  -0.8746,  -1.2961,  -0.6435,
  -0.1134,   0.1851,   0.0115,  -0.2847,  -0.4037,  -1.2336,   0.1634,  -2.7266,  -1.9018,  -0.6533,   0.3628,
  -0.5234,  -0.1732,   0.3385,  -0.8373,  -1.0001,  -0.6705,  -0.2082,   0.7662,  -0.4002,   0.0859,  -0.5379,
  -1.7709,  -1.5972,  -2.1389,  -0.8424,  -0.2285,   0.8044,   0.3177,   0.3676,   0.1402,  -0.0990,  -1.7817,
   1.7803,   2.3989,   0.6629,   2.1494,   0.8546,   0.1699,  -0.0688,  -0.8351,   0.2674,  -0.0662,   1.1442,
   0.9990,   1.9625,   1.3022,   2.3597,   0.1060,   1.3165,   1.5041,  -0.4543,  -0.3615,  -1.1582,  -0.6676,
   0.9557,   1.6515,   0.5967,   1.0385,   0.6383,  -0.6195,   0.1372,  -0.5604,  -0.3813,  -1.1379,  -0.0085,
  -0.0769,   0.6790,   1.2154,   0.3306,   0.4330,  -0.3913,  -0.6756,   1.0142,   1.6779,   1.3137,  -0.0007,
   1.2392,   0.0028,   0.5323,   1.3322,  -1.2931,  -0.2789,  -0.6573,  -0.8732,  -1.6106,  -1.1149,  -1.0544,
  -0.9244,  -1.2834,  -0.7812,  -1.8304,  -0.6258,  -1.1061,  -0.0126,  -0.7611,  -0.6135,  -1.5199,   0.3878,
   0.1104,  -0.3749,  -0.4466,  -1.4126,  -0.8547,  -1.0615,  -0.5920,  -0.6036,  -0.2203,  -0.0242,  -0.2193,
  -0.6638,   0.4555,   0.7450,  -1.8889,  -0.7319,  -1.1999,  -1.4266,   0.4893,   0.0895,  -0.4345,  -1.7924,
  -0.4424,  -0.0383,  -0.8210,  -2.4504,  -2.1187,  -2.0389,  -0.6225,   0.9139,  -0.3692,  -0.5156,  -0.8468,
   0.3706,   0.7657,   0.9542,  -0.8183,  -0.2452,  -0.2522,   0.4636,   1.1337,   0.8762,  -0.6899,   0.2049,
   5.8480,   4.9441,   3.4271,   0.4273,   0.8955,   0.0505,  -0.5817,   2.9201,   2.5013,   2.1515,  -0.9151,
  -0.0985,   0.7683,  -0.2881,  -0.2552,   0.1453,  -0.4592,   0.8561,  -0.2313,  -1.4333,  -1.4110,  -0.2579,
  -1.6683,  -0.5531,  -1.0954,   0.9210,   0.7776,  -1.7041,  -0.6652,   1.5974,   0.8329,   0.9980,  -0.7531,
  -1.2656,  -1.2495,  -0.9807,   0.0991,   0.9644,   0.5590,  -0.0272,  -0.8533,   0.6820,   0.2882,  -2.5515,
  -1.0409,  -0.6270,  -0.6838,  -0.0631,  -0.7836,  -1.4675,   0.0821,  -0.1811,  -1.1730,  -0.4699,  -1.6055,
   1.8289,   2.6919,   0.2637,   3.3946,   2.0401,   0.7221,   0.8445,   0.9923,   1.2793,   1.2418,  -0.3475,
   0.0887,   0.5598,   0.9506,  -0.9539,  -0.5501,   0.1214,  -1.0898,   1.7062,   1.8689,   0.7192,   0.2712,
   0.3678,  -1.5789,   0.0168,  -1.0798,  -0.3891,  -1.3362,  -0.1424,   0.7392,   0.5424,  -0.0405,  -0.1557,
   0.8082,   1.2360,   0.2265,  -0.6926,  -1.5661,  -0.0640,   0.3472,   0.7927,  -0.4969,   0.7831,   0.9202,
  -0.7704,  -2.6750,  -1.2328,   0.0403,  -1.0007,  -0.9714,   0.1959,   0.4834,  -1.2350,  -1.6534,  -0.2618,
   0.6628,   0.0405,  -0.1383,  -1.2187,   2.0437,  -0.5777,  -0.6581,  -0.0763,  -0.0553,   0.2208,  -1.1793,
  -1.0325,  -0.3634,   0.1616,  -0.0040,   0.0701,  -1.4471,  -0.0791,  -1.4521,  -0.7102,  -0.4287,   0.0180,
   0.5573,   0.1990,  -0.2434,  -1.4713,  -0.1836,  -0.0808,  -0.8461,  -0.2957,  -0.8417,   0.4507,   0.0657,
   2.0451,   2.0737,   2.6395,  -1.9288,  -0.9199,  -0.2905,  -1.1059,  -1.9044,   0.0089,  -0.7423,   0.6800,
   1.1717,   1.5266,   0.4899,  -0.1333,  -0.5907,  -1.2027,  -0.3593,  -0.1951,  -0.8867,   0.4834,   0.9718,
   1.5451,   2.0380,   0.4679,  -0.4262,  -1.6571,  -0.8673,   0.5768,  -0.9285,   0.5668,  -0.2626,   1.2464,
  -1.5755,  -0.4210,  -0.6272,  -0.2206,   0.0929,  -0.2007,   0.1452,  -0.4615,   0.0312,  -1.4272,  -0.6177,
   0.6830,   1.4985,   0.7885,   1.2195,   1.0519,   1.3823,   1.1596,   0.4798,   0.3446,   0.0761,   0.4365,
   2.9159,   2.4272,   2.1583,   2.8261,   2.0523,   2.5631,   1.8602,  -0.2071,   0.2627,  -0.0456,  -0.0157,
   0.1810,   0.6629,  -1.4370,  -0.6368,  -0.8965,  -0.1996,   0.7993,  -1.5424,  -1.5697,  -0.1363,  -0.7707,
   3.6261,   3.1318,   1.8095,  -1.3552,   1.0476,   0.8925,   0.3208,   1.4221,   0.6322,  -0.4353,   3.2251,
   1.3504,   0.9620,   1.4087,   0.4334,   0.5406,   0.1500,  -0.5183,   2.0593,   1.0597,   1.0100,  -0.2549,
  -0.9975,  -0.9825,  -1.1085,   0.9016,   1.0597,   0.9564,   0.0682,  -1.4924,   0.5539,  -0.3176,  -2.8068,
   6.1027,   5.5221,   4.1489,   1.1492,   1.1425,   0.4166,   1.1888,   2.6656,   1.8898,   0.6415,   1.7155,
   2.1681,   0.9674,   1.0237,   0.9739,  -0.1791,   0.0030,  -0.3247,  -0.1127,  -0.0036,  -0.6326,   0.8778,
   0.2283,   0.1920,  -0.3207,  -0.4208,  -0.2838,  -0.7765,  -0.1932,   0.2487,   0.3653,   0.9779,  -1.0144,
   0.0581,  -0.4006,  -0.8218,  -0.9013,  -1.7170,  -1.5694,  -1.7037,  -0.7970,   0.9905,   0.7313,   0.5955,
   0.2058,   0.1012,   0.7991,   0.1532,  -0.9747,  -2.2483,   0.3862,  -1.3056,  -0.3861,  -0.9565,   1.0754,
  -1.8174,  -1.2588,  -0.5264,  -0.0007,   0.1196,  -1.2410,   0.2691,  -1.1859,  -0.5852,  -0.3240,  -1.2429,
   0.2623,   0.1819,   0.0792,   0.4393,  -0.5512,   0.7015,   0.3157,  -0.3390,  -1.0356,  -0.8667,   0.1171,
  -0.0128,   0.1022,   0.6520,  -0.2920,   0.6338,   0.1166,  -0.7770,  -0.3494,  -1.1495,   0.6198,  -0.2267,
  -0.0149,   0.6782,   0.1474,  -1.5985,  -1.5337,  -0.2811,  -0.3660,   0.3397,   0.2954,   0.4741,  -0.9462,
   7.8334,   7.2935,   5.6670,   1.8101,   1.2855,   1.5763,   0.3733,   1.9483,   2.3969,   2.0135,   3.3986,
   1.7629,   0.8076,   1.7177,   0.1860,   1.0050,   1.1916,   1.3034,  -0.1672,  -0.8472,   0.7223,  -0.0151,
   1.9116,   1.3900,   0.9970,  -2.3689,  -1.9059,  -0.8242,  -0.1727,   0.5287,   2.1291,   1.6502,   0.7563,
   0.7867,   0.4079,   1.5749,  -1.0065,  -0.9814,  -1.3902,  -1.4289,  -1.1903,   0.0882,   0.5211,  -1.0272,
   0.2168,  -0.2917,  -0.6987,  -0.7802,   0.0341,   0.0946,  -1.2935,  -0.6884,  -0.2525,  -0.2731,  -0.6694,
   1.7641,   0.9366,   1.3144,  -0.4779,  -0.3570,  -1.6272,   2.2214,  -1.1030,  -0.7521,   0.5020,   0.3804,
  -1.1889,  -0.2652,  -1.9081,  -1.0734,   0.0444,  -0.8645,  -0.2908,   0.0571,  -0.0247,  -0.6034,   0.0852,
   2.1588,   0.4731,   1.6818,  -0.4967,   0.5846,   0.8143,   0.4420,   0.3003,  -0.4094,   0.6647,   2.0599,
   1.5121,   1.2108,   2.5388,   2.1367,   2.1576,   1.0817,   0.7930,  -0.9048,  -0.8417,   0.2022,  -0.2168,
   2.7105,   0.8305,   1.0261,   0.1200,  -0.4433,  -0.3264,  -1.0758,  -0.5880,  -0.9439,  -0.8488,   2.8194,
   2.1510,   1.7475,   1.8480,   0.5927,   0.4272,  -0.7067,  -0.6384,  -2.2025,  -1.7839,  -1.3107,   1.5832,
   1.6753,   1.1127,   0.9355,  -1.0981,   1.2832,  -0.8318,   0.7919,  -3.0568,  -3.5949,  -2.3955,  -1.8353,
   0.9583,   0.9950,   0.1400,  -0.8232,  -1.0240,   0.4050,   0.5250,  -0.2379,  -0.4640,  -0.1758,  -1.2874,
   1.7619,   0.1103,   0.2038,   2.2753,   0.7161,   1.1944,   1.1670,   0.0674,  -1.3005,  -0.3080,  -0.5058,
   6.0575,   5.4787,   3.6433,   0.9166,   1.7243,   0.1750,   1.6242,   1.8826,  -0.0523,   0.3872,  -0.2208,
  -1.2479,   0.1012,  -0.5902,   0.8823,   1.7220,   0.4625,   1.2256,  -0.6125,   0.0438,  -0.7436,   0.0168,
   0.8136,   1.5091,   0.4712,   1.6101,   1.3059,   1.0900,   0.1209,   1.3192,   0.8694,   1.9540,   1.1581,
  -0.5038,   0.9607,  -0.1556,   0.1813,   0.9946,   0.9856,  -0.5451,   1.2199,   0.1813,   0.8460,  -0.6960,
   1.6297,   2.8180,   1.6230,  -1.0294,   0.2891,   0.8265,  -0.2802,   1.3519,   2.4644,   1.5000,  -1.1380,
   0.2894,   0.2710,   0.1425,  -0.9916,  -1.2399,   0.8507,  -0.7351,  -0.7188,   0.3307,   0.3296,  -0.1963,
  -0.3269,  -1.1986,  -0.9010,   1.2704,   0.1841,   0.5034,   0.0825,  -1.0233,  -2.0761,  -0.9541,  -0.0157,
   3.7027,   2.4494,   2.1523,   1.4703,   0.9509,  -0.0638,   1.0953,   1.2811,   1.9556,  -0.3120,   0.2763,
   0.6491,   0.9255,   1.1038,   1.3905,   0.7894,   1.0355,   0.2081,  -0.2148,  -0.2993,  -1.2316,   1.0759,
   0.3931,  -0.6320,   0.8783,  -0.5416,  -0.4649,  -1.0988,  -0.9362,  -0.6847,  -0.2074,  -0.9595,   0.5852,
  -0.1027,  -0.6438,  -1.7680,   0.3598,   0.1696,  -0.9154,   0.3162,  -0.4735,   0.7667,   1.5436,  -1.3056,
   1.8119,   2.1500,   1.9433,   1.6479,  -0.1682,   0.4166,   0.7517,   1.3239,   0.1630,   0.1532,   0.4895,
  -0.7068,   0.7228,   0.3041,  -0.5195,   0.2509,  -0.3964,   0.9376,  -0.4708,   0.4166,   0.8265,   1.2955,
   2.0405,   2.0811,   1.3249,   1.3213,   0.4759,   0.0904,   2.0796,   1.5682,   1.9368,   0.0733,   0.6385,
   1.9023,   1.4885,   1.6895,   0.8267,   0.1180,   0.6509,   0.6237,  -0.4205,   1.0070,   1.0651,   1.1663,
   0.8627,  -0.0594,   0.6915,   0.8913,   0.2162,   0.7533,  -0.2324,  -1.5044,  -0.6796,  -1.0493,   0.3854,
   0.9774,   1.3660,  -0.1856,  -0.9750,  -0.7199,  -0.3373,  -0.5742,  -1.0773,  -0.1765,  -0.1018,  -0.3692,
  -0.7177,   0.3772,  -0.3356,   0.7508,   1.3483,   0.0724,   2.0229,   0.9193,  -0.4643,  -1.1741,  -0.1230,
   1.0902,   2.1995,   1.0946,   0.8036,   1.3709,   1.8460,   1.0157,  -0.1851,   0.8929,  -0.3459,  -3.6267,
   1.1089,   0.8047,   1.2755,  -2.3820,  -2.1736,  -1.0006,  -1.5037,  -1.5995,  -0.7024,  -0.4995,   0.3947,
   0.3643,   0.3005,   1.0527,  -0.4197,  -1.2323,  -1.5775,   0.1524,  -0.9420,  -0.2754,   0.3633,   0.1007,
   0.1472,  -0.4601,   0.8413,   0.6849,  -0.7436,   1.6267,   0.7064,  -1.0547,  -0.9444,   0.1965,  -0.5004,
  -0.4062,   0.2370,  -0.4362,  -2.2130,  -2.1737,   0.2712,  -0.1881,   0.5387,   0.5846,  -1.1777,  -1.4685,
   2.5391,   1.6222,   0.9345,   0.5453,   1.7895,   1.1373,   0.6290,   1.0620,   0.2383,   1.9260,  -0.7416,
   0.1963,   1.0352,   0.5777,  -0.5048,   0.9992,  -0.2524,  -0.2928,   1.0585,   0.7894,   0.2041,  -0.1012,
  -0.1280,   1.4755,  -0.3007,   2.0444,   1.4498,  -0.2426,  -0.0508,  -0.0318,   0.0623,  -0.1273,   0.2911,
   1.5663,   2.0527,   1.5232,  -1.6222,  -1.4801,  -1.7657,  -0.0827,  -1.4185,  -2.2421,  -1.1921,  -0.5478,
  -0.5376,   0.1268,   0.3189,  -0.8717,  -0.8631,   0.0764,   0.0634,  -0.4340,  -0.1137,  -0.3390,  -0.4736,
   1.0538,   1.6596,   1.3569,   1.5541,   2.4570,   0.6499,   0.3691,   0.1190,   0.0629,  -0.3648,  -0.0287,
   0.9176,   0.9942,   0.0514,   0.7628,   0.6786,  -0.1102,   1.9564,   0.2940,  -0.1430,   0.3380,  -0.1455,
   1.7911,   0.9499,   1.3536,   0.7331,   1.5752,   0.2235,   0.5308,   0.9670,   2.1392,   1.4989,  -1.0155,
   5.3826,   4.6577,   3.5902,  -1.0532,   1.0445,   0.1559,   0.4270,   2.7556,   1.6565,   1.7296,   1.9762,
   0.7308,   0.4957,   1.1018,  -0.8060,   0.7164,  -1.1947,   1.2363,   0.8904,  -0.3177,  -0.1962,   0.4922,
   0.1602,   0.6638,   1.2928,  -1.2313,  -0.7921,  -1.3724,   1.8426,  -0.1370,  -1.1665,  -0.3572,   1.8593,
   2.3748,   1.7897,   1.5808,   0.6776,   1.5014,   2.9698,   1.7950,  -0.2585,  -0.6222,   1.3114,  -1.0874,
   0.9337,   0.5668,   1.3784,  -0.2554,  -3.7456,   0.3685,  -1.1143,  -1.5232,  -1.6814,  -1.1033,  -1.6925,
   1.0141,   0.7829,   0.5721,  -0.5216,  -0.0451,   0.2666,  -0.3662,   0.8464,   0.7899,   0.3880,   0.7191,
   0.4569,   0.8085,   0.6952,  -0.0600,   0.2862,  -1.5011,   0.9266,   0.2560,  -0.0409,   0.7193,   0.0371,
   3.9458,   3.8656,   2.3951,   1.5696,   0.8922,  -0.0955,   0.4308,   1.7390,   0.3707,   1.2005,  -0.9420,
  -0.9517,  -0.0364,  -0.5646,   0.3710,  -0.7021,   0.1451,  -0.2569,   0.6775,   0.3018,   1.4778,  -0.0938,
   0.1477,   0.9843,   0.0737,   1.8630,   0.9363,   0.4249,   1.3827,  -0.7953,  -0.1934,  -1.5947,  -1.8613,
   2.2145,   2.1581,   0.8132,  -0.5774,  -0.1365,  -0.5716,  -1.2170,   0.8220,   0.9134,   0.8073,   1.0898,
  -1.0275,  -1.5124,  -0.3656,  -0.1238,   0.1313,   1.2806,  -0.6841,   0.0795,  -0.6259,   0.0648,  -0.9681,
  -0.2963,   0.7997,  -0.6125,   0.8016,   2.2457,   0.9944,   0.9524,   0.1224,  -0.7488,  -0.4052,  -0.4144,
   1.3885,   2.1807,   0.3786,  -0.0105,  -0.2709,  -0.1877,  -1.6696,  -0.5369,  -1.4537,  -1.0529,   4.2690,
  -0.3825,  -1.2087,  -0.2900,   0.8655,   0.1085,  -0.1150,   0.6131,  -0.5038,  -0.5076,  -0.8546,  -0.8741,
   1.8412,   1.1351,   1.1078,   1.3795,   1.1077,   1.9797,   1.0386,  -1.7281,  -1.7920,  -0.7084,  -0.4031,
  -1.4075,  -0.4593,  -0.7587,   0.8885,   0.4875,   0.2220,   0.4821,   0.2684,   0.7588,   0.9125,  -0.4409,
   2.5720,   2.9545,   1.9107,   2.2934,   2.3768,   2.2207,   0.7468,  -0.0206,   0.6006,   0.6305,   2.1498,
  -1.1891,  -0.3060,  -0.8978,  -1.0243,  -0.0844,  -0.8454,  -0.5163,   0.8998,   0.2395,   0.9638,   0.0660,
   9.6258,   7.7762,   6.1083,   2.7872,   3.0100,   2.3577,   1.4858,   2.8795,   2.8659,   1.0909,  -1.0966,
   0.8150,   0.6269,   0.8999,   1.8426,  -0.6174,   0.6336,   1.5320,   0.1822,   1.3111,   0.6065,  -0.9279,
   0.3040,   0.6208,   0.2449,   2.1320,   0.5400,   0.0781,   0.3172,   0.1326,   0.4963,  -0.2523,   1.3866,
   0.5567,   0.7195,  -0.0915,  -0.8273,  -0.3981,  -0.1671,  -0.0010,   0.0301,   0.2550,   0.4809,   1.4051,
   1.8936,   2.8637,   1.7641,  -1.2877,  -2.5861,  -1.9740,  -1.0242,  -2.3427,  -2.5363,  -1.3082,   1.7954,
   0.7025,   0.9167,   1.3954,  -0.2980,  -0.3419,   0.5982,   0.7166,   1.0739,   0.2760,  -0.8393,  -0.9120,
   1.6427,   0.5198,   0.6531,   0.6012,   0.4635,   0.4615,   0.4053,  -0.6374,  -0.0984,   0.3806,  -0.2127,
   0.4047,   1.3057,  -0.2313,   0.6196,  -1.3508,   0.2150,  -0.2505,   1.3829,   1.1816,   1.5401,  -0.3843,
   1.4698,   1.1646,   1.3696,  -2.6601,  -1.9141,  -1.8696,  -1.0629,  -1.3717,  -0.5448,  -0.8819,   0.3478,
   0.3874,   0.2512,   0.4419,  -3.1540,  -1.0625,  -1.1582,  -0.7693,  -1.1844,  -1.3593,   0.2748,  -0.7376,
  -2.8137,  -2.4636,  -1.3565,  -1.2261,  -1.6181,  -0.2707,  -0.3376,  -0.5138,  -0.3143,  -0.9631,  -2.2128,
  -1.5428,  -0.0366,  -0.5390,   0.4677,   0.0154,   0.3584,   0.3881,  -0.1675,   1.8390,   0.9388,  -0.5570,
   3.6425,   3.9309,   3.2443,   3.5452,   1.9620,   1.3681,   1.3301,   0.5392,  -0.2376,   0.2407,   1.4556,
   1.0579,   1.3117,   0.9740,   0.0927,  -0.6626,   0.0406,   0.3451,  -1.3423,  -2.2455,  -0.4508,   2.0315,
  -0.2800,   0.8453,   0.3125,  -1.0471,  -0.9725,   1.0118,  -0.0673,   0.3586,  -0.1658,   0.5872,   0.2204,
   1.4143,   1.0511,   1.5117,   0.7353,   1.0085,   1.4390,   0.7578,   1.7447,   0.5805,   0.3803,  -0.2179,
   1.0269,   0.0385,   0.3847,  -1.6514,  -0.0343,  -1.3036,   0.4223,  -1.0723,  -2.2546,  -1.0904,   0.6864,
   3.8677,   4.1471,   2.5764,  -0.1146,  -0.2492,  -0.4223,  -0.3611,  -3.7306,  -2.1522,  -2.4568,  -0.5508,
   0.6848,   0.8589,   0.1729,  -1.8023,  -1.6849,  -0.2571,  -1.7683,   0.6903,   0.3534,  -0.3296,   2.0631,
   2.0881,   1.7302,   1.3607,   0.3531,   1.6374,   0.2283,   0.5257,   0.3376,  -0.0121,   0.9872,   1.0810,
   0.6455,   1.0307,  -0.2257,   1.0079,   0.7907,   0.3423,   0.3428,  -1.3364,  -2.0917,  -2.1379,  -0.9281,
   0.7000,  -0.4048,   0.7604,   1.7187,   1.3079,   1.3282,   0.8950,  -0.2631,  -0.3364,   0.0091,  -0.5596,
   1.6045,   0.4025,   0.8614,   0.3307,   0.2065,  -0.8429,   0.3333,   1.2169,   0.6199,   0.4397,   2.4967,
   0.1369,   0.2978,   0.0595,   1.4586,   1.3632,   0.5810,  -0.1077,  -0.5221,  -1.3482,  -0.3047,   0.4003,
   2.4203,   2.0906,   2.5677,   1.5318,   1.7210,   1.8696,   1.4281,   0.2876,   0.0139,  -0.9990,   0.4562,
   0.9675,   0.2200,   1.0375,   0.2137,  -1.1311,   0.3174,  -0.0716,  -0.6076,  -0.5473,   0.3792,  -1.5278,
  -0.7206,   0.2325,  -0.2397,  -0.7639,   1.1728,  -0.1863,  -0.2419,   0.3536,   1.0459,   0.1480,   0.2720,
   0.7628,   0.5359,  -0.4814,  -0.9364,  -0.7878,  -2.5515,  -0.3401,  -0.1229,  -1.6156,  -1.1605,   0.5227,
   0.5070,   0.4204,   0.3885,   2.2268,   1.6171,   0.7221,   0.1361,  -0.9378,  -0.2280,  -0.3687,  -0.7279,
   2.2210,  -0.0325,   1.0412,  -0.0421,   0.2752,   0.5349,  -0.2122,   0.5022,   1.9166,   0.2853,  -1.9736,
   0.8489,  -0.4099,   0.0003,  -0.8278,  -1.0246,  -0.4039,  -0.0404,  -0.1713,  -0.3697,   0.6300,  -0.1321,
   2.4322,   2.0665,   1.7584,  -0.0897,   1.2058,   0.6284,  -0.1087,   0.5028,   1.4904,   0.5928,  -0.9816,
   8.7063,   8.6020,   6.2077,   1.2143,   2.9425,   1.4642,  -0.2364,   1.8709,   2.7071,   1.2516,  -0.0641,
   1.5566,   0.3365,   1.1634,  -0.0090,   0.4081,   0.1874,  -0.8456,   0.1505,   0.8590,   0.3955,   0.3875,
   1.3007,   0.9942,   0.6115,   1.1112,   0.9038,  -0.4787,   0.9172,  -0.9914,   0.3491,   0.4289,   1.1380,
   3.0357,   4.2527,   2.8998,   2.8330,   2.2325,  -0.6497,   1.2637,   2.1539,   0.1349,   0.4179,   0.5575,
  -0.1030,   0.0164,   0.7591,   0.7332,   0.6957,  -1.5201,   0.5078,   0.4914,   0.1042,   0.3043,  -0.4173,
   0.2387,   1.4398,   2.4189,  -1.6102,  -0.6216,  -0.8552,  -0.0600,   0.2920,  -0.2054,   0.6252,   1.7564,
   1.6463,   0.9006,   1.0153,  -0.9446,  -1.6427,  -1.0780,  -0.1153,   2.5197,   2.4246,   1.4782,   1.7544,
  -0.0011,   1.9712,   0.6301,   0.7861,   1.6539,   0.7064,  -1.1286,   0.5194,   1.9340,   0.7972,   0.4043,
   0.0247,   0.3667,   0.1123,  -1.2259,  -1.3155,  -1.3956,  -1.3584,   0.4860,   0.5527,   0.8305,   0.6735,
   1.1436,   2.3189,   0.3013,   2.2022,   1.3189,   1.7917,   0.2967,   0.8391,   1.1650,   1.0146,  -0.5072,
   0.2963,   0.5117,   1.0629,  -0.3749,  -0.0269,   0.0818,   0.8021,   0.2026,  -0.1072,   1.1693,   1.3557,
   2.1173,   1.4705,   1.2619,   0.5662,   0.0464,  -0.6604,   1.1653,  -1.1572,  -1.8520,   0.0163,   0.3393,
   1.4634,   0.2222,   0.7502,  -1.0264,  -0.8485,  -0.7155,  -0.2905,  -0.1335,  -0.4918,   0.0169,   0.4442,
  -0.8683,  -0.6282,  -1.5430,  -0.2850,  -0.7250,  -0.3653,   0.1111,  -1.0044,  -0.3046,   0.1539,  -1.3278,
   3.5953,   2.3673,   2.3337,   0.5647,  -0.5801,  -1.0085,  -0.6685,   1.5757,   0.6561,   1.0146,   1.6314,
  -0.1978,  -0.2042,  -0.4811,   0.1389,   0.9738,   0.7272,   0.4008,   0.5569,  -0.3295,   0.8396,   0.3636,
   0.9790,   1.0032,   1.8225,   1.1522,   2.0176,   1.2765,   0.5566,  -0.9241,  -1.4760,  -1.6198,  -1.5606,
   1.2638,   2.1351,   1.1219,   1.3506,   0.8707,   0.5035,  -1.4123,   0.1992,  -2.0879,   0.6876,   0.4820,
   1.9553,   2.1801,   0.6050,  -1.6840,  -0.5187,   0.8801,  -0.7594,   1.1954,  -0.6675,   0.3762,   2.7159,
   2.4406,   3.3624,   0.3593,   1.3156,   1.4740,  -0.7874,   1.3081,   1.4583,   1.0504,  -0.4772,   1.3811,
   0.5435,   1.0318,   0.2963,  -1.1374,  -0.9940,  -1.0948,  -0.4020,   0.0866,   0.8542,  -0.0656,   1.2907,
   4.8094,   4.2589,   3.2941,   0.9845,   1.6555,  -0.2210,   1.4178,   0.3739,   1.6814,   0.8832,   1.8646,
   0.3061,   0.0027,   0.7187,   1.2726,  -0.6967,   1.9233,  -0.0286,  -0.7929,  -0.7796,   0.0068,  -0.8155,
  -1.8224,  -1.7410,  -0.6482,  -1.0283,  -0.1937,  -1.2247,   1.4399,   2.1464,   0.9271,   0.6273,  -4.3536,
   3.8189,   3.5684,   3.0215,   2.4256,   2.3687,   0.3469,   1.0551,   0.5746,   1.7447,   0.9521,   1.6559,
  -0.1219,  -0.1493,  -0.8890,  -0.8938,  -3.2486,  -2.1553,  -1.9664,   0.7252,  -0.5184,   0.0520,   0.3437,
   0.6933,   0.3600,   1.2676,   0.0001,  -0.1823,   0.4298,  -0.7362,  -2.1644,  -1.4375,  -1.5537,   0.0193,
  -0.7053,  -1.0525,  -1.1284,  -1.7061,  -0.9326,  -0.2988,   0.3563,  -0.4395,  -0.1629,  -0.0173,  -0.6448,
  -0.5676,  -0.7591,  -0.0131,  -0.3555,  -2.8074,   0.4115,  -1.1426,  -0.7636,   0.3798,  -1.2983,  -1.8643,
   0.1913,   0.5498,   0.3221,  -0.0373,   1.2777,   0.5706,   0.4402,   0.0323,  -0.7487,  -1.4279,   0.2061,
   1.7711,  -0.8591,   0.6654,  -0.2296,  -0.2043,   0.2641,   0.3655,  -0.8425,  -1.7013,  -0.9811,  -2.8844,
   0.7984,  -0.2172,   0.0962,  -1.0940,   0.2629,  -0.7177,  -0.6423,  -2.2977,  -1.2211,  -2.3330,  -1.1686,
  -0.8802,  -0.7863,  -1.2675,   1.3805,  -0.1023,  -0.3488,   1.4283,  -0.1527,   0.8024,   0.0778,  -0.3410,
   0.3918,   0.7995,   0.1920,  -0.3038,   0.2655,  -1.5154,  -0.4132,   0.4241,   0.0338,   0.4012,   0.5974,
  -0.3172,   0.0627,   0.2640,  -0.1469,  -0.4979,  -0.0134,   0.0019,  -1.7263,  -2.3254,  -0.5457,   0.2458,
   0.9996,   0.6383,  -0.6910,   0.6691,   0.0566,   1.1633,   1.0502,   0.4312,  -0.8709,  -0.9972,  -1.1559,
   1.8147,   1.1795,   1.1380,   0.3924,  -1.3622,  -1.5961,  -0.3424,   0.3860,   0.4435,  -0.0406,   2.1027,
   0.8662,   0.1768,  -0.1846,   0.0537,   0.3883,   0.0143,   0.2874,  -1.1140,   0.9981,  -0.1868,   0.0326,
   0.5561,   0.6419,   0.7073,   0.5246,   0.9037,   0.4542,   0.3626,   1.1383,  -0.1232,   0.1183,   2.1720,
  -1.1185,  -1.9205,  -0.6028,  -0.7173,  -0.6467,  -1.7886,   0.5426,   0.9949,   0.8267,   0.2983,  -1.7921,
   0.4563,   0.8320,   0.3898,  -0.3808,  -0.0196,   0.1430,   0.5702,   2.0270,   0.4761,   1.6529,  -0.7508,
  -1.0758,   0.3784,  -0.2282,   0.8170,   0.4324,   0.7781,  -0.4385,  -1.1500,  -0.3960,  -1.7157,  -0.7944,
   2.3861,   1.6094,   1.0125,  -0.0770,  -0.3095,  -1.0714,   1.1657,   1.9997,   2.1543,   0.1873,  -0.1796,
   3.1104,   3.0810,   1.3132,   2.6853,   3.3065,   2.0877,   1.3847,   0.0297,   0.5349,   0.6816,  -1.3504,
  -0.1929,  -0.5689,  -0.4929,   1.0515,  -0.6921,  -1.2849,  -1.4130,  -0.9102,  -0.5345,  -1.7288,  -1.1415,
   3.9903,   3.6022,   2.9898,   0.6524,  -0.0526,   0.0631,   0.7931,   0.8863,   2.0174,   1.9006,  -2.0770,
  -0.5916,   1.5036,   1.2390,   0.2517,  -0.4140,   1.1596,   0.6712,   0.0216,   0.1256,   0.7786,  -1.4821,
  -1.0278,  -0.9413,  -0.6095,  -0.1919,  -0.0921,  -0.8552,  -0.9211,  -0.2850,  -1.0266,   0.0057,   0.3438,
   0.9542,   0.5922,   0.2581,  -0.9446,  -0.4854,  -1.1549,  -1.2139,  -0.0332,  -0.7599,   0.0821,  -0.2348,
   0.0894,  -0.0111,   0.1183,  -0.1886,  -0.2008,  -0.6846,  -0.1055,   0.0924,  -1.7988,  -1.2295,  -0.1332,
  -0.1714,   1.0345,   0.6980,  -1.7907,   0.3633,   1.6640,  -0.9221,  -0.5910,  -1.9851,  -0.6198,  -0.0759,
   0.3108,   1.5835,   1.5580,   0.3779,  -1.3986,  -1.0364,   1.0634,   1.6825,   1.1374,   0.0057,   0.1189,
  -0.6101,  -0.7871,  -0.8491,  -2.4918,  -1.5556,   0.7606,  -1.4886,   0.8140,  -0.2289,   0.2001,  -0.4063,
   1.7105,   0.8437,   1.5810,   2.0094,   1.9736,   1.5436,   0.4391,  -2.1841,  -1.7581,  -2.4174,  -0.6805,
  -0.0334,  -0.4320,  -0.2507,  -0.0477,  -1.8922,  -1.0243,  -1.1332,  -0.2566,  -0.6834,  -0.5503,   0.5332,
   0.3697,   1.1279,   1.2565,   0.6280,   0.1763,   0.5390,  -0.6780,   1.5478,   1.9017,   1.7748,  -0.8425,
   0.6737,   0.4412,   0.8633,   0.1201,   0.1541,   0.7825,   1.0656,   1.0866,   0.2285,   0.2989,   0.2857,
   0.4189,   0.4647,   0.4000,   0.2576,  -0.1219,  -0.0608,  -0.0289,   0.0729,   0.7925,   0.2799,  -1.0381,
  -0.8709,  -0.1817,   0.0782,   0.8436,  -0.4444,   0.8122,   0.8444,  -0.2132,  -0.4195,  -1.4036,  -0.1454,
   0.2530,   0.7369,   1.7165,   1.0489,   1.4918,   0.1617,   1.3901,  -1.1344,   1.1961,   0.4238,   1.1798,
  -1.7306,  -1.5660,  -0.5313,  -2.2691,  -2.0131,  -0.6930,  -0.2867,   0.2818,  -1.2655,  -1.5193,  -1.2217,
   1.0123,   1.1380,   0.7553,  -0.3015,   1.3531,   0.8134,   0.0847,   1.3639,  -0.6342,   0.7590,   0.1250,
   2.0409,   2.4235,   0.9956,   0.8109,   1.9475,   0.6772,   0.7213,  -1.8998,  -1.3626,  -0.6263,  -0.4060,
   1.0030,   0.5391,   1.6473,  -1.9617,  -0.2019,  -2.2568,  -1.4049,   0.3413,   0.4694,   0.3693,  -0.1083,
  -0.3694,  -0.0246,   0.5922,  -0.3849,  -1.9911,  -0.8220,   0.7930,   1.1412,   1.3388,   0.3433,  -0.3522,
  -0.4879,  -0.4188,  -0.0238,  -2.1003,  -0.6545,   0.0394,  -0.3725,   1.6666,  -0.1585,   1.0161,  -1.4266,
  -0.1641,  -0.0172,   0.9958,  -0.0796,  -1.3188,  -0.5634,   0.2759,   0.8868,   0.3127,   0.2144,  -0.2319,
   0.3139,   1.7334,   1.0917,  -1.0710,  -1.6626,  -0.6264,  -2.1059,  -0.0684,  -0.0372,  -0.9953,   1.2269,
   0.6778,   1.2089,  -0.4605,  -0.9714,  -0.8620,  -0.6834,  -0.1053,  -1.0998,  -0.0063,  -0.0824,   0.9440,
   1.4552,   0.8344,   1.5623,  -0.5596,   0.2456,  -0.5385,  -0.0200,   0.8711,  -0.1957,   1.8993,  -0.4524,
  -1.1579,  -0.1468,  -0.3949,  -1.9539,  -0.7342,  -0.1135,  -0.8471,  -0.6849,  -0.6968,  -1.2635,  -0.8853,
  -0.6621,  -0.3521,   0.7594,   1.6388,   0.2519,   0.5420,   0.5965,  -1.5143,  -0.7751,  -0.9140,   0.1836,
   0.4450,  -0.6455,  -0.2730,   0.3734,  -0.3312,   0.2591,   0.1590,  -0.9515,  -1.5048,  -1.1191,  -0.3156,
  -0.3595,   0.6924,  -0.2121,  -0.4295,  -0.8335,   0.3282,  -0.4619,  -0.2684,   2.2531,   0.5526,  -1.4998,
   1.3637,   1.6995,   0.7702,   1.1119,   1.9995,   2.2500,   0.2870,  -0.4239,   0.8638,  -0.1812,   0.0676,
   0.8676,   1.0037,   0.5700,  -1.2637,  -0.2021,  -0.3177,  -0.3769,   0.2552,  -0.2578,  -1.0410,   1.1281,
   1.2167,  -0.0800,  -0.6812,   2.0621,   1.5646,   2.0868,   0.2553,   1.6381,   0.7375,  -0.0445,  -5.1948,
   4.4068,   4.8197,   3.0449,   1.0045,   1.7140,   2.0281,   0.1940,   3.6025,   1.8262,   1.8880,   0.6751,
  -0.0966,  -0.7358,   0.0655,   0.0003,  -0.0287,  -0.1379,  -0.4326,   0.5394,   0.4600,  -1.1151,  -1.2606,
   2.4730,   2.1785,   1.7308,  -0.1362,   1.7564,   1.3008,  -0.2462,  -2.0660,  -0.8056,  -1.9891,   0.8652,
   2.0860,   1.9209,   1.6997,   0.7457,   1.5358,   1.4218,  -0.5539,   2.1946,   1.1631,   0.9902,  -3.6200,
   1.7563,   2.2521,   1.6110,   1.1455,   1.3753,   0.3827,  -0.8013,   2.2120,   1.3870,   1.0083,  -0.2341,
   0.8689,  -0.3364,   1.6401,   0.3235,   1.2961,  -0.3428,  -0.2146,   0.0235,   0.0326,  -0.9561,   0.0753,
   1.1515,  -0.6416,   1.5140,   1.1219,   2.4085,   1.5595,   1.1464,  -0.1268,  -1.1003,   0.1313,  -0.8137,
   0.1847,   0.3124,   0.9161,   0.2406,  -1.8855,   0.5130,   0.1914,  -0.2727,   0.9983,   1.3952,  -0.2499,
   1.1643,   1.5154,   1.1058,   0.7572,   0.4586,   1.1447,   0.6881,   1.4676,  -0.3785,  -0.5576,  -1.9154,
  -0.0702,  -0.7002,   0.3113,   1.9045,   1.9995,   1.5461,   1.5399,   0.1290,   0.1054,  -0.2119,  -1.3404,
   5.1610,   4.1897,   2.9999,   1.8404,   2.7525,   1.6759,   1.0973,   1.2348,   1.8929,   1.7863,  -0.9733,
  -0.5400,   0.8798,   0.2697,   0.1155,  -0.5442,  -0.8665,   0.1770,   0.4383,  -0.8492,   0.1231,   0.7687,
   2.9331,   2.7388,   1.8352,  -0.0559,  -1.8646,   0.8130,  -0.1274,   1.9006,   1.0010,   1.0894,  -0.4517,
   2.0497,   1.4297,   1.4361,   0.6407,   0.4035,   0.7612,   0.8213,  -0.7183,   0.8942,   0.1642,   1.1143,
   0.2214,  -0.0288,   0.4856,   0.4502,   1.1818,   0.4974,  -0.5860,  -0.2073,  -0.0256,  -0.7211,   0.1572,
   2.8579,   2.8590,   1.5209,   1.4458,   1.0352,   1.2151,   1.0432,   2.2116,   1.9421,   1.4381,  -2.6316,
  -0.3780,   1.2693,  -0.6605,   0.5672,   1.7475,   0.0279,  -0.4847,   0.3045,  -0.9988,  -1.3415,  -0.4545,
   1.7119,   1.3521,  -0.8143,  -1.7703,  -0.1627,   0.0104,   0.1795,  -2.3081,  -1.8715,  -2.3437,  -0.8078,
   0.9407,   0.5101,  -0.0995,   0.1234,  -1.0294,   0.5346,  -1.0567,  -1.5870,  -0.1144,  -1.0962,   0.1086,
  -0.8277,  -0.1497,  -0.0734,  -1.1952,  -1.7692,  -1.4954,  -1.1479,  -0.1022,  -0.3083,  -0.2622,  -0.5075,
   0.5236,  -0.2273,   0.4872,  -0.1095,   0.9872,   0.3824,  -0.1484,   1.1873,   0.8612,   0.5342,  -0.1845,
  -0.9411,  -1.5430,  -1.3711,  -0.7662,   0.3231,   0.1729,  -0.0290,   0.5068,  -0.1159,   0.6233,  -0.7079,
   1.6490,   0.2248,   0.7624,  -1.4803,  -2.1451,  -0.2846,  -0.6908,  -1.1604,  -1.3661,  -1.2180,  -0.0553