1001	8484.0
1002	8366.0
1003	8369.0
1004	8456.0
1005	8376.0
1006	8324.0
1007	8282.0
1008	8325.0
1009	8350.0
1010	8376.0
1011	8442.0
1012	8485.0
1013	8432.0
1014	8368.0
1015	8260.0
1016	8379.0
1017	8284.0
1018	8295.0
1019	8338.0
1020	8395.0
1021	8357.0
1022	8313.0
1023	8318.0
1024	8343.0
1025	8318.0
1026	8247.0
1027	8228.0
1028	8305.0
1029	8257.0
1030	8313.0
1031	8378.0
1032	8273.0
1033	8289.0
1034	8290.0
1035	8426.0
1036	8476.0
1037	8520.0
1038	8453.0
1039	8449.0
1040	8392.0
1041	8350.0
1042	8219.0
1043	8304.0
1044	8357.0
1045	8363.0
1046	8399.0
1047	8444.0
1048	8459.0
1049	8343.0
1050	8383.0
1051	8202.0
1052	8248.0
1053	8152.0
1054	8208.0
1055	8249.0
1056	8304.0
1057	8230.0
1058	8256.0
1059	8316.0
1060	8273.0
1061	8312.0
1062	8299.0
1063	8326.0
1064	8408.0
1065	8283.0
1066	8195.0
1067	8207.0
1068	8262.0
1069	8298.0
1070	8255.0
1071	8214.0
1072	8281.0
1073	8228.0
1074	8309.0
1075	8207.0
1076	8264.0
1077	8316.0
1078	8393.0
1079	8321.0
1080	8248.0
1081	8306.0
1082	8308.0
1083	8409.0
1084	8380.0
1085	8445.0
1086	8353.0
1087	8415.0
1088	8466.0
1089	8340.0
1090	8367.0
1091	8312.0
1092	8331.0
1093	8322.0
1094	8307.0
1095	8356.0
1096	8367.0
1097	8425.0
1098	8410.0
1099	8411.0
1100	8393.0
1101	8302.0
1102	8356.0
1103	8365.0
1104	8478.0
1105	8400.0
1106	8381.0
1107	8428.0
1108	8393.0
1109	8268.0
1110	8246.0
1111	8311.0
1112	8382.0
1113	8401.0
1114	8369.0
1115	8379.0
1116	8438.0
1117	8492.0
1118	8492.0
1119	8407.0
1120	8378.0
1121	8365.0
1122	8402.0
1123	8331.0
1124	8449.0
1125	8496.0
1126	8479.0
1127	8415.0
1128	8405.0
1129	8462.0
1130	8477.0
1131	8514.0
1132	8498.0
1133	8335.0
1134	8273.0
1135	8372.0
1136	8421.0
1137	8425.0
1138	8275.0
1139	8390.0
1140	8423.0
1141	8370.0
1142	8370.0
1143	8338.0
1144	8373.0
1145	8346.0
1146	8434.0
1147	8389.0
1148	8520.0
1149	8364.0
1150	8327.0
1151	8414.0
1152	8505.0
1153	8443.0
1154	8420.0
1155	8493.0
1156	8447.0
1157	8490.0
1158	8517.0
1159	8495.0
1160	8511.0
1161	8481.0
1162	8415.0
1163	8482.0
1164	8513.0
1165	8541.0
1166	8482.0
1167	8428.0
1168	8408.0
1169	8403.0
1170	8350.0
1171	8399.0
1172	8397.0
1173	8420.0
1174	8408.0
1175	8324.0
1176	8313.0
1177	8339.0
1178	8301.0
1179	8333.0
1180	8343.0
1181	8253.0
1182	8271.0
1183	8293.0
1184	8279.0
1185	8230.0
1186	8376.0
1187	8262.0
1188	8281.0
1189	8310.0
1190	8325.0
1191	8330.0
1192	8316.0
1193	8343.0
1194	8411.0
1195	8382.0
1196	8367.0
1197	8444.0
1198	8439.0
1199	8377.0
1200	8338.0
1201	8386.0
1202	8431.0
1203	8455.0
1204	8404.0
1205	8469.0
1206	8457.0
1207	8455.0
1208	8394.0
1209	8348.0
1210	8371.0
1211	8231.0
1212	8215.0
1213	8283.0
1214	8281.0
1215	8256.0
1216	8269.0
1217	8302.0
1218	8339.0
1219	8332.0
1220	8326.0
1221	8282.0
1222	8315.0
1223	8342.0
1224	8313.0
1225	8303.0
1226	8379.0
1227	8506.0
1228	8501.0
1229	8435.0
1230	8392.0
1231	8451.0
1232	8469.0
1233	8369.0
1234	8419.0
1235	8401.0
1236	8299.0
1237	8384.0
1238	8463.0
1239	8447.0
1240	8387.0
1241	8431.0
1242	8358.0
1243	8295.0
1244	8232.0
1245	8212.0
1246	8175.0
1247	8252.0
1248	8344.0
1249	8290.0
1250	8292.0
1251	8370.0
1252	8219.0
1253	8308.0
1254	8367.0
1255	8249.0
1256	8236.0
1257	8324.0
1258	8304.0
1259	8339.0
1260	8243.0
1261	8290.0
1262	8269.0
1263	8178.0
1264	8139.0
1265	8164.0
1266	8196.0
1267	8197.0
1268	8176.0
1269	8196.0
1270	8200.0
1271	8205.0
1272	8202.0
1273	8242.0
1274	8235.0
1275	8281.0
1276	8331.0
1277	8387.0
1278	8323.0
1279	8374.0
1280	8364.0
1281	8438.0
1282	8329.0
1283	8304.0
1284	8348.0
1285	8339.0
1286	8364.0
1287	8343.0
1288	8331.0
1289	8365.0
1290	8439.0
1291	8383.0
1292	8334.0
1293	8268.0
1294	8288.0
1295	8313.0
1296	8167.0
1297	8128.0
1298	8132.0
1299	8135.0
1300	8280.0
1301	8248.0
1302	8243.0
1303	8255.0
1304	8281.0
1305	8284.0
1306	8292.0
1307	8305.0
1308	8306.0
1309	8322.0
1310	8303.0
1311	8360.0
1312	8430.0
1313	8458.0
1314	8461.0
1315	8494.0
1316	8402.0
1317	8360.0
1318	8427.0
1319	8482.0
1320	8416.0
1321	8361.0
1322	8301.0
1323	8271.0
1324	8157.0
1325	8181.0
1326	8189.0
1327	8147.0
1328	8201.0
1329	8343.0
1330	8360.0
1331	8302.0
1332	8378.0
1333	8327.0
1334	8232.0
1335	8232.0
1336	8210.0
1337	8249.0
1338	8281.0
1339	8320.0
1340	8350.0
1341	8429.0
1342	8435.0
1343	8528.0
1344	8380.0
1345	8280.0
1346	8396.0
1347	8414.0
1348	8406.0
1349	8398.0
1350	8514.0
1351	8536.0
1352	8547.0
1353	8365.0
1354	8290.0
1355	8309.0
1356	8339.0
1357	8349.0
1358	8357.0
1359	8373.0
1360	8302.0
1361	8297.0
1362	8301.0
1363	8331.0
1364	8370.0
1365	8325.0
1366	8423.0
1367	8380.0
1368	8311.0
1369	8323.0
1370	8323.0
1371	8351.0
1372	8330.0
1373	8398.0
1374	8383.0
1375	8435.0
1376	8354.0
1377	8278.0
1378	8296.0
1379	8235.0
1380	8238.0
1381	8251.0
1382	8285.0
1383	8270.0
1384	8351.0
1385	8353.0
1386	8317.0
1387	8265.0
1388	8255.0
1389	8323.0
1390	8294.0
1391	8339.0
1392	8285.0
1393	8243.0
1394	8220.0
1395	8270.0
1396	8342.0
1397	8266.0
1398	8280.0
1399	8237.0
1400	8161.0
1401	8194.0
1402	8238.0
1403	8341.0
1404	8349.0
1405	8177.0
1406	8290.0
1407	8279.0
1408	8334.0
1409	8298.0
1410	8268.0
1411	8345.0
1412	8323.0
1413	8276.0
1414	8253.0
1415	8290.0
1416	8269.0
1417	8245.0
1418	8292.0
1419	8318.0
1420	8351.0
1421	8306.0
1422	8270.0
1423	8272.0
1424	8274.0
1425	8304.0
1426	8338.0
1427	8320.0
1428	8388.0
1429	8376.0
1430	8310.0
1431	8313.0
1432	8387.0
1433	8423.0
1434	8379.0
1435	8450.0
1436	8350.0
1437	8317.0
1438	8347.0
1439	8368.0
1440	8427.0
1441	8432.0
1442	8465.0
1443	8484.0
1444	8528.0
1445	8417.0
1446	8390.0
1447	8351.0
1448	8384.0
1449	8384.0
1450	8341.0
1451	8313.0
1452	8384.0
1453	8383.0
1454	8346.0
1455	8305.0
1456	8389.0
1457	8503.0
1458	8495.0
1459	8347.0
1460	8408.0
1461	8396.0
1462	8394.0
1463	8354.0
1464	8382.0
1465	8311.0
1466	8311.0
1467	8261.0
1468	8246.0
1469	8325.0
1470	8408.0
1471	8387.0
1472	8251.0
1473	8280.0
1474	8318.0
1475	8285.0
1476	8261.0
1477	8347.0
1478	8335.0
1479	8394.0
1480	8382.0
1481	8328.0
1482	8297.0
1483	8270.0
1484	8335.0
1485	8264.0
1486	8332.0
1487	8365.0
1488	8333.0
1489	8313.0
1490	8337.0
1491	8445.0
1492	8421.0
1493	8455.0
1494	8357.0
1495	8403.0
1496	8320.0
1497	8304.0
1498	8302.0
1499	8293.0
1500	8315.0
1501	8368.0
1502	8437.0
1503	8407.0
1504	8396.0
1505	8392.0
1506	8438.0
1507	8470.0
1508	8402.0
1509	8402.0
1510	8432.0
1511	8538.0
1512	8453.0
1513	8415.0
1514	8386.0
1515	8337.0
1516	8296.0
1517	8355.0
1518	8384.0
1519	8331.0
1520	8322.0
1521	8267.0
1522	8355.0
1523	8333.0
1524	8269.0
1525	8346.0
1526	8398.0
1527	8391.0
1528	8318.0
1529	8279.0
1530	8287.0
1531	8258.0
1532	8227.0
1533	8169.0
1534	8210.0
1535	8213.0
1536	8177.0
1537	8240.0
1538	8233.0
1539	8212.0
1540	8260.0
1541	8132.0
1542	8271.0
1543	8265.0
1544	8230.0
1545	8249.0
1546	8190.0
1547	8183.0
1548	8255.0
1549	8325.0
1550	8344.0
1551	8295.0
1552	8429.0
1553	8415.0
1554	8570.0
1555	8507.0
1556	8448.0
1557	8450.0
1558	8404.0
1559	8414.0
1560	8490.0
1561	8471.0
1562	8459.0
1563	8498.0
1564	8480.0
1565	8497.0
1566	8386.0
1567	8370.0
1568	8409.0
1569	8297.0
1570	8273.0
1571	8337.0
1572	8326.0
1573	8387.0
1574	8331.0
1575	8286.0
1576	8255.0
1577	8258.0
1578	8209.0
1579	8235.0
1580	8321.0
1581	8266.0
1582	8299.0
1583	8186.0
1584	8310.0
1585	8269.0
1586	8262.0
1587	8321.0
1588	8296.0
1589	8301.0
1590	8351.0
1591	8320.0
1592	8282.0
1593	8392.0
1594	8350.0
1595	8266.0
1596	8202.0
1597	8195.0
1598	8172.0
1599	8191.0
1600	8172.0
1601	8155.0
1602	8205.0
1603	8201.0
1604	8266.0
1605	8240.0
1606	8213.0
1607	8237.0
1608	8286.0
1609	8199.0
1610	8275.0
1611	8303.0
1612	8270.0
1613	8272.0
1614	8291.0
1615	8342.0
1616	8267.0
1617	8300.0
1618	8349.0
1619	8346.0
1620	8361.0
1621	8361.0
1622	8364.0
1623	8304.0
1624	8288.0
1625	8295.0
1626	8281.0
1627	8225.0
1628	8243.0
1629	8304.0
1630	8229.0
1631	8373.0
1632	8348.0
1633	8279.0
1634	8304.0
1635	8373.0
1636	8413.0
1637	8427.0
1638	8396.0
1639	8332.0
1640	8417.0
1641	8287.0
1642	8319.0
1643	8341.0
1644	8312.0
1645	8331.0
1646	8190.0
1647	8284.0
1648	8238.0
1649	8317.0
1650	8280.0
1651	8270.0
1652	8236.0
1653	8307.0
1654	8345.0
1655	8330.0
1656	8321.0
1657	8383.0
1658	8412.0
1659	8414.0
1660	8379.0
1661	8448.0
1662	8448.0
1663	8419.0
1664	8256.0
1665	8311.0
1666	8311.0
1667	8365.0
1668	8320.0
1669	8291.0
1670	8266.0
1671	8344.0
1672	8286.0
1673	8396.0
1674	8248.0
1675	8231.0
1676	8237.0
1677	8283.0
1678	8308.0
1679	8363.0
1680	8375.0
1681	8303.0
1682	8309.0
1683	8345.0
1684	8356.0
1685	8387.0
1686	8336.0
1687	8297.0
1688	8255.0
1689	8358.0
1690	8341.0
1691	8340.0
1692	8442.0
1693	8353.0
1694	8342.0
1695	8309.0
1696	8356.0
1697	8300.0
1698	8258.0
1699	8317.0
1700	8267.0
1701	8370.0
1702	8390.0
1703	8324.0
1704	8377.0
1705	8393.0
1706	8387.0
1707	8342.0
1708	8374.0
1709	8371.0
1710	8275.0
1711	8297.0
1712	8275.0
1713	8253.0
1714	8363.0
1715	8364.0
1716	8336.0
1717	8319.0
1718	8218.0
1719	8287.0
1720	8262.0
1721	8252.0
1722	8231.0
1723	8260.0
1724	8268.0
1725	8274.0
1726	8277.0
1727	8202.0
1728	8260.0
1729	8291.0
1730	8346.0
1731	8356.0
1732	8329.0
1733	8353.0
1734	8323.0
1735	8387.0
1736	8390.0
1737	8356.0
1738	8369.0
1739	8329.0
1740	8347.0
1741	8387.0
1742	8336.0
1743	8374.0
1744	8384.0
1745	8371.0
1746	8405.0
1747	8305.0
1748	8227.0
1749	8229.0
1750	8179.0
1751	8142.0
1752	8182.0
1753	8315.0
1754	8379.0
1755	8414.0
1756	8374.0
1757	8284.0
1758	8357.0
1759	8309.0
1760	8345.0
1761	8439.0
1762	8380.0
1763	8377.0
1764	8303.0
1765	8309.0
1766	8326.0
1767	8384.0
1768	8301.0
1769	8337.0
1770	8313.0
1771	8380.0
1772	8337.0
1773	8354.0
1774	8375.0
1775	8305.0
1776	8316.0
1777	8320.0
1778	8371.0
1779	8343.0
1780	8334.0
1781	8238.0
1782	8330.0
1783	8364.0
1784	8334.0
1785	8413.0
1786	8385.0
1787	8360.0
1788	8318.0
1789	8401.0
1790	8354.0
1791	8428.0
1792	8353.0
1793	8348.0
1794	8238.0
1795	8299.0
1796	8277.0
1797	8277.0
1798	8224.0
1799	8307.0
1800	8352.0
1801	8352.0
1802	8300.0
1803	8334.0
1804	8303.0
1805	8370.0
1806	8388.0
1807	8479.0
1808	8470.0
1809	8378.0
1810	8381.0
1811	8397.0
1812	8439.0
1813	8458.0
1814	8460.0
1815	8412.0
1816	8454.0
1817	8407.0
1818	8320.0
1819	8326.0
1820	8382.0
1821	8391.0
1822	8352.0
1823	8313.0
1824	8321.0
1825	8297.0
1826	8258.0
1827	8250.0
1828	8278.0
1829	8251.0
1830	8322.0
1831	8329.0
1832	8310.0
1833	8338.0
1834	8407.0
1835	8492.0
1836	8463.0
1837	8423.0
1838	8411.0
1839	8313.0
1840	8377.0
1841	8440.0
1842	8342.0
1843	8317.0
1844	8344.0
1845	8324.0
1846	8278.0
1847	8361.0
1848	8406.0
1849	8373.0
1850	8369.0
1851	8394.0
1852	8427.0
1853	8375.0
1854	8422.0
1855	8305.0
1856	8220.0
1857	8280.0
1858	8262.0
1859	8173.0
1860	8298.0
1861	8401.0
1862	8290.0
1863	8324.0
1864	8264.0
1865	8205.0
1866	8285.0
1867	8308.0
1868	8284.0
1869	8336.0
1870	8335.0
1871	8370.0
1872	8460.0
1873	8475.0
1874	8464.0
1875	8395.0
1876	8393.0
1877	8295.0
1878	8325.0
1879	8409.0
1880	8350.0
1881	8383.0
1882	8430.0
1883	8380.0
1884	8310.0
1885	8220.0
1886	8199.0
1887	8231.0
1888	8185.0
1889	8198.0
1890	8275.0
1891	8249.0
1892	8280.0
1893	8355.0
1894	8265.0
1895	8295.0
1896	8346.0
1897	8375.0
1898	8230.0
1899	8286.0
1900	8258.0
1901	8203.0
1902	8234.0
1903	8256.0
1904	8284.0
1905	8298.0
1906	8294.0
1907	8236.0
1908	8346.0
1909	8244.0
1910	8223.0
1911	8243.0
1912	8194.0
1913	8105.0
1914	8182.0
1915	8227.0
1916	8227.0
1917	8260.0
1918	8381.0
1919	8431.0
1920	8406.0
1921	8363.0
1922	8405.0
1923	8413.0
1924	8374.0
1925	8300.0
1926	8353.0
1927	8425.0
1928	8474.0
1929	8418.0
1930	8473.0
1931	8419.0
1932	8355.0
1933	8348.0
1934	8335.0
1935	8435.0
1936	8373.0
1937	8376.0
1938	8392.0
1939	8269.0
1940	8384.0
1941	8294.0
1942	8348.0
1943	8304.0
1944	8365.0
1945	8405.0
1946	8340.0
1947	8316.0
1948	8396.0
1949	8327.0
1950	8366.0
1951	8461.0
1952	8355.0
1953	8354.0
1954	8308.0
1955	8331.0
1956	8410.0
1957	8265.0
1958	8269.0
1959	8369.0
1960	8438.0
1961	8416.0
1962	8409.0
1963	8397.0
1964	8360.0
1965	8377.0
1966	8370.0
1967	8256.0
1968	8251.0
1969	8252.0
1970	8278.0
1971	8283.0
1972	8341.0
1973	8422.0
1974	8357.0
1975	8407.0
1976	8347.0
1977	8329.0
1978	8380.0
1979	8394.0
1980	8494.0
1981	8470.0
1982	8468.0
1983	8398.0
1984	8397.0
1985	8405.0
1986	8448.0
1987	8398.0
1988	8351.0
1989	8338.0
1990	8271.0
1991	8341.0
1992	8304.0
1993	8288.0
1994	8279.0
1995	8319.0
1996	8374.0
1997	8255.0
1998	8342.0
1999	8442.0
2000	8378.0
2001	8396.0
2002	8431.0
2003	8426.0
2004	8441.0
2005	8493.0
2006	8497.0
2007	8472.0
2008	8449.0
2009	8520.0
2010	8504.0
2011	8391.0
2012	8382.0
2013	8438.0
2014	8357.0
2015	8338.0
2016	8412.0
2017	8355.0
2018	8310.0
2019	8326.0
2020	8426.0
2021	8408.0
2022	8379.0
2023	8443.0
2024	8399.0
2025	8481.0
2026	8448.0
2027	8326.0
2028	8387.0
2029	8488.0
2030	8472.0
2031	8392.0
2032	8486.0
2033	8411.0
2034	8320.0
2035	8324.0
2036	8417.0
2037	8357.0
2038	8456.0
2039	8469.0
2040	8430.0
2041	8449.0
2042	8358.0
2043	8403.0
2044	8290.0
2045	8345.0
2046	8304.0
2047	8327.0
2048	8381.0
2049	8301.0
2050	8238.0
2051	8309.0
2052	8327.0
2053	8327.0
2054	8263.0
2055	8307.0
2056	8350.0
2057	8393.0
2058	8312.0
2059	8360.0
2060	8304.0
2061	8270.0
2062	8258.0
2063	8285.0
2064	8243.0
2065	8303.0
2066	8386.0
2067	8308.0
2068	8268.0
2069	8290.0
2070	8310.0
2071	8299.0
2072	8329.0
2073	8212.0
2074	8263.0
2075	8300.0
2076	8329.0
2077	8225.0
2078	8203.0
2079	8183.0
2080	8270.0
2081	8247.0
2082	8299.0
2083	8320.0
2084	8292.0
2085	8327.0
2086	8357.0
2087	8314.0
2088	8319.0
2089	8348.0
2090	8302.0
2091	8260.0
2092	8346.0
2093	8285.0
2094	8249.0
2095	8209.0
2096	8377.0
2097	8409.0
2098	8328.0
2099	8345.0
2100	8436.0
2101	8367.0
2102	8464.0
2103	8484.0
2104	8405.0
2105	8318.0
2106	8405.0
2107	8351.0
2108	8364.0
2109	8268.0
2110	8396.0
2111	8276.0
2112	8379.0
2113	8330.0
2114	8289.0
2115	8241.0
2116	8221.0
2117	8252.0
2118	8252.0
2119	8258.0
2120	8284.0
2121	8247.0
2122	8201.0
2123	8281.0
2124	8238.0
2125	8344.0
2126	8171.0
2127	8215.0
2128	8165.0
2129	8226.0
2130	8274.0
2131	8314.0
2132	8281.0
2133	8270.0
2134	8230.0
2135	8210.0
2136	8143.0
2137	8251.0
2138	8240.0
2139	8275.0
2140	8420.0
2141	8411.0
2142	8344.0
2143	8364.0
2144	8385.0
2145	8362.0
2146	8426.0
2147	8434.0
2148	8346.0
2149	8359.0
2150	8238.0
2151	8297.0
2152	8316.0
2153	8301.0
2154	8166.0
2155	8236.0
2156	8175.0
2157	8263.0
2158	8270.0
2159	8217.0
2160	8203.0
2161	8205.0
2162	8217.0
2163	8226.0
2164	8264.0
2165	8308.0
2166	8214.0
2167	8214.0
2168	8184.0
2169	8293.0
2170	8389.0
2171	8331.0
2172	8460.0
2173	8368.0
2174	8271.0
2175	8340.0
2176	8317.0
2177	8272.0
2178	8306.0
2179	8290.0
2180	8199.0
2181	8315.0
2182	8413.0
2183	8367.0
2184	8402.0
2185	8476.0
2186	8446.0
2187	8364.0
2188	8407.0
2189	8302.0
2190	8410.0
2191	8494.0
2192	8495.0
2193	8494.0
2194	8500.0
2195	8593.0
2196	8432.0
2197	8449.0
2198	8384.0
2199	8419.0
2200	8401.0
2201	8347.0
2202	8288.0
2203	8321.0
2204	8347.0
2205	8239.0
2206	8292.0
2207	8398.0
2208	8306.0
2209	8330.0
2210	8434.0
2211	8449.0
2212	8498.0
2213	8437.0
2214	8539.0
2215	8513.0
2216	8437.0
2217	8475.0
2218	8437.0
2219	8414.0
2220	8394.0
2221	8359.0
2222	8330.0
2223	8368.0
2224	8358.0
2225	8300.0
2226	8293.0
2227	8382.0
2228	8296.0
2229	8394.0
2230	8366.0
2231	8339.0
2232	8344.0
2233	8309.0
2234	8281.0
2235	8265.0
2236	8235.0
2237	8260.0
2238	8352.0
2239	8376.0
2240	8443.0
2241	8376.0
2242	8373.0
2243	8522.0
2244	8414.0
2245	8421.0
2246	8341.0
2247	8356.0
2248	8337.0
2249	8387.0
2250	8351.0
2251	8373.0
2252	8369.0
2253	8257.0
2254	8328.0
2255	8360.0
2256	8359.0
2257	8307.0
2258	8193.0
2259	8269.0
2260	8308.0
2261	8362.0
2262	8283.0
2263	8344.0
2264	8374.0
2265	8316.0
2266	8308.0
2267	8358.0
2268	8329.0
2269	8384.0
2270	8412.0
2271	8244.0
2272	8242.0
2273	8310.0
2274	8336.0
2275	8358.0
2276	8426.0
2277	8356.0
2278	8396.0
2279	8430.0
2280	8446.0
2281	8356.0
2282	8352.0
2283	8470.0
2284	8344.0
2285	8366.0
2286	8437.0
2287	8345.0
2288	8271.0
2289	8272.0
2290	8243.0
2291	8345.0
2292	8255.0
2293	8228.0
2294	8331.0
2295	8353.0
2296	8353.0
2297	8279.0
2298	8306.0
2299	8265.0
2300	8264.0
2301	8237.0
2302	8334.0
2303	8265.0
2304	8391.0
2305	8354.0
2306	8408.0
2307	8362.0
2308	8355.0
2309	8328.0
2310	8281.0
2311	8266.0
2312	8323.0
2313	8230.0
2314	8250.0
2315	8217.0
2316	8300.0
2317	8237.0
2318	8287.0
2319	8376.0
2320	8335.0
2321	8360.0
2322	8323.0
2323	8478.0
2324	8427.0
2325	8525.0
2326	8556.0
2327	8441.0
2328	8420.0
2329	8374.0
2330	8269.0
2331	8360.0
2332	8439.0
2333	8421.0
2334	8367.0
2335	8314.0
2336	8216.0
2337	8227.0
2338	8256.0
2339	8190.0
2340	8176.0
2341	8167.0
2342	8178.0
2343	8188.0
2344	8208.0
2345	8205.0
2346	8237.0
2347	8271.0
2348	8220.0
2349	8206.0
2350	8267.0
2351	8211.0
2352	8225.0
2353	8218.0
2354	8138.0
2355	8199.0
2356	8202.0
2357	8247.0
2358	8220.0
2359	8298.0
2360	8229.0
2361	8228.0
2362	8280.0
2363	8273.0
2364	8307.0
2365	8424.0
2366	8333.0
2367	8321.0
2368	8396.0
2369	8308.0
2370	8379.0
2371	8433.0
2372	8404.0
2373	8359.0
2374	8407.0
2375	8425.0
2376	8453.0
2377	8388.0
2378	8427.0
2379	8355.0
2380	8435.0
2381	8402.0
2382	8446.0
2383	8411.0
2384	8385.0
2385	8333.0
2386	8352.0
2387	8386.0
2388	8382.0
2389	8341.0
2390	8376.0
2391	8294.0
2392	8266.0
2393	8235.0
2394	8201.0
2395	8182.0
2396	8268.0
2397	8210.0
2398	8266.0
2399	8281.0
2400	8296.0
2401	8348.0
2402	8337.0
2403	8306.0
2404	8286.0
2405	8380.0
2406	8348.0
2407	8354.0
2408	8352.0
2409	8301.0
2410	8249.0
2411	8257.0
2412	8212.0
2413	8242.0
2414	8303.0
2415	8376.0
2416	8354.0
2417	8313.0
2418	8298.0
2419	8269.0
2420	8185.0
2421	8285.0
2422	8305.0
2423	8325.0
2424	8432.0
2425	8423.0
2426	8412.0
2427	8430.0
2428	8430.0
2429	8378.0
2430	8466.0
2431	8442.0
2432	8258.0
2433	8293.0
2434	8392.0
2435	8359.0
2436	8301.0
2437	8266.0
2438	8346.0
2439	8344.0
2440	8388.0
2441	8412.0
2442	8424.0
2443	8313.0
2444	8238.0
2445	8302.0
2446	8334.0
2447	8298.0
2448	8225.0
2449	8249.0
2450	8317.0
2451	8285.0
2452	8290.0
2453	8212.0
2454	8249.0
2455	8228.0
2456	8258.0
2457	8219.0
2458	8345.0
2459	8274.0
2460	8265.0
2461	8311.0
2462	8315.0
2463	8313.0
2464	8271.0
2465	8262.0
2466	8268.0
2467	8283.0
2468	8173.0
2469	8222.0
2470	8241.0
2471	8244.0
2472	8153.0
2473	8169.0
2474	8148.0
2475	8204.0
2476	8170.0
2477	8204.0
2478	8126.0
2479	8176.0
2480	8238.0
2481	8245.0
2482	8180.0
2483	8241.0
2484	8219.0
2485	8268.0
2486	8355.0
2487	8288.0
2488	8371.0
2489	8257.0
2490	8307.0
2491	8340.0
2492	8373.0
2493	8383.0
2494	8353.0
2495	8365.0
2496	8323.0
2497	8369.0
2498	8387.0
2499	8447.0
2500	8349.0
2501	8315.0
2502	8319.0
2503	8466.0
2504	8410.0
2505	8332.0
2506	8372.0
2507	8360.0
2508	8437.0
2509	8566.0
2510	8492.0
2511	8400.0
2512	8472.0
2513	8327.0
2514	8341.0
2515	8332.0
2516	8334.0
2517	8309.0
2518	8358.0
2519	8347.0
2520	8394.0
2521	8345.0
2522	8321.0
2523	8372.0
2524	8412.0
2525	8406.0
2526	8433.0
2527	8448.0
2528	8377.0
2529	8326.0
2530	8370.0
2531	8308.0
2532	8351.0
2533	8319.0
2534	8318.0
2535	8343.0
2536	8417.0
2537	8374.0
2538	8388.0
2539	8425.0
2540	8465.0
2541	8516.0
2542	8537.0
2543	8520.0
2544	8489.0
2545	8427.0
2546	8438.0
2547	8443.0
2548	8445.0
2549	8507.0
2550	8582.0
2551	8556.0
2552	8561.0
2553	8524.0
2554	8472.0
2555	8463.0
2556	8396.0
2557	8374.0
2558	8421.0
2559	8361.0
2560	8339.0
2561	8382.0
2562	8378.0
2563	8293.0
2564	8299.0
2565	8382.0
2566	8403.0
2567	8410.0
2568	8345.0
2569	8315.0
2570	8412.0
2571	8478.0
2572	8512.0
2573	8373.0
2574	8350.0
2575	8368.0
2576	8318.0
2577	8402.0
2578	8353.0
2579	8377.0
2580	8368.0
2581	8210.0
2582	8310.0
2583	8236.0
2584	8370.0
2585	8390.0
2586	8403.0
2587	8470.0
2588	8455.0
2589	8324.0
2590	8400.0
2591	8355.0
2592	8380.0
2593	8445.0
2594	8325.0
2595	8356.0
2596	8349.0
2597	8385.0
2598	8402.0
2599	8398.0
2600	8436.0
2601	8494.0
2602	8502.0
2603	8497.0
2604	8420.0
2605	8366.0
2606	8349.0
2607	8379.0
2608	8395.0
2609	8383.0
2610	8377.0
2611	8281.0
2612	8268.0
2613	8284.0
2614	8267.0
2615	8280.0
2616	8325.0
2617	8354.0
2618	8305.0
2619	8308.0
2620	8263.0
2621	8377.0
2622	8291.0
2623	8317.0
2624	8275.0
2625	8333.0
2626	8402.0
2627	8410.0
2628	8367.0
2629	8226.0
2630	8276.0
2631	8322.0
2632	8237.0
2633	8203.0
2634	8340.0
2635	8499.0
2636	8376.0
2637	8282.0
2638	8279.0
2639	8309.0
2640	8334.0
2641	8353.0
2642	8332.0
2643	8523.0
2644	8577.0
2645	8527.0
2646	8465.0
2647	8420.0
2648	8468.0
2649	8426.0
2650	8507.0
2651	8410.0
2652	8302.0
2653	8350.0
2654	8332.0
2655	8339.0
2656	8302.0
2657	8350.0
2658	8430.0
2659	8433.0
2660	8438.0
2661	8479.0
2662	8465.0
2663	8428.0
2664	8379.0
2665	8412.0
2666	8390.0
2667	8427.0
2668	8425.0
2669	8485.0
2670	8514.0
2671	8544.0
2672	8556.0
2673	8489.0
2674	8487.0
2675	8434.0
2676	8373.0
2677	8386.0
2678	8326.0
2679	8326.0
2680	8322.0
2681	8269.0
2682	8248.0
2683	8259.0
2684	8282.0
2685	8353.0
2686	8339.0
2687	8356.0
2688	8421.0
2689	8398.0
2690	8378.0
2691	8347.0
2692	8316.0
2693	8271.0
2694	8261.0
2695	8298.0
2696	8288.0
2697	8337.0
2698	8345.0
2699	8303.0
2700	8351.0
2701	8370.0
2702	8371.0
2703	8424.0
2704	8369.0
2705	8390.0
2706	8393.0
2707	8350.0
2708	8360.0
2709	8398.0
2710	8329.0
2711	8328.0
2712	8364.0
2713	8389.0
2714	8404.0
2715	8445.0
2716	8469.0
2717	8480.0
2718	8458.0
2719	8469.0
2720	8433.0
2721	8467.0
2722	8468.0
2723	8373.0
2724	8372.0
2725	8378.0
2726	8386.0
2727	8293.0
2728	8365.0
2729	8339.0
2730	8281.0
2731	8229.0
2732	8358.0
2733	8315.0
2734	8339.0
2735	8405.0
2736	8395.0
2737	8392.0
2738	8411.0
2739	8463.0
2740	8453.0
2741	8402.0
2742	8421.0
2743	8371.0
2744	8354.0
2745	8327.0
2746	8397.0
2747	8408.0
2748	8358.0
2749	8349.0
2750	8401.0
2751	8375.0
2752	8320.0
2753	8325.0
2754	8284.0
2755	8263.0
2756	8329.0
2757	8312.0
2758	8290.0
2759	8335.0
2760	8351.0
2761	8269.0
2762	8302.0
2763	8242.0
2764	8194.0
2765	8238.0
2766	8213.0
2767	8177.0
2768	8238.0
2769	8168.0
2770	8206.0
2771	8247.0
2772	8227.0
2773	8280.0
2774	8224.0
2775	8264.0
2776	8202.0
2777	8185.0
2778	8107.0
2779	8171.0
2780	8193.0
2781	8269.0
2782	8419.0
2783	8384.0
2784	8351.0
2785	8368.0
2786	8299.0
2787	8297.0
2788	8271.0
2789	8266.0
2790	8287.0
2791	8378.0
2792	8397.0
2793	8407.0
2794	8361.0
2795	8341.0
2796	8351.0
2797	8253.0
2798	8323.0
2799	8319.0
2800	8353.0
2801	8393.0
2802	8368.0
2803	8300.0
2804	8334.0
2805	8368.0
2806	8289.0
2807	8287.0
2808	8199.0
2809	8240.0
2810	8276.0
2811	8317.0
2812	8374.0
2813	8449.0
2814	8338.0
2815	8274.0
2816	8333.0
2817	8329.0
2818	8431.0
2819	8395.0
2820	8326.0
2821	8338.0
2822	8358.0
2823	8407.0
2824	8432.0
2825	8413.0
2826	8409.0
2827	8523.0
2828	8544.0
2829	8458.0
2830	8380.0
2831	8347.0
2832	8364.0
2833	8357.0
2834	8401.0
2835	8365.0
2836	8403.0
2837	8349.0
2838	8312.0
2839	8413.0
2840	8412.0
2841	8379.0
2842	8440.0
2843	8439.0
2844	8437.0
2845	8315.0
2846	8350.0
2847	8368.0
2848	8326.0
2849	8352.0
2850	8297.0
2851	8304.0
2852	8348.0
2853	8339.0
2854	8388.0
2855	8340.0
2856	8394.0
2857	8338.0
2858	8358.0
2859	8459.0
2860	8474.0
2861	8415.0
2862	8506.0
2863	8453.0
2864	8453.0
2865	8545.0
2866	8428.0
2867	8424.0
2868	8485.0
2869	8487.0
2870	8452.0
2871	8462.0
2872	8457.0
2873	8505.0
2874	8418.0
2875	8381.0
2876	8394.0
2877	8485.0
2878	8470.0
2879	8390.0
2880	8492.0
2881	8347.0
2882	8381.0
2883	8283.0
2884	8321.0
2885	8324.0
2886	8417.0
2887	8320.0
2888	8289.0
2889	8299.0
2890	8449.0
2891	8500.0
2892	8418.0
2893	8424.0
2894	8413.0
2895	8439.0
2896	8331.0
2897	8387.0
2898	8367.0
2899	8349.0
2900	8349.0
2901	8372.0
2902	8344.0
2903	8323.0
2904	8345.0
2905	8456.0
2906	8446.0
2907	8418.0
2908	8440.0
2909	8410.0
2910	8411.0
2911	8320.0
2912	8333.0
2913	8298.0
2914	8473.0
2915	8382.0
2916	8356.0
2917	8364.0
2918	8338.0
2919	8357.0
2920	8466.0
2921	8524.0
2922	8492.0
2923	8418.0
2924	8330.0
2925	8342.0
2926	8410.0
2927	8441.0
2928	8491.0
2929	8503.0
2930	8347.0
2931	8342.0
2932	8407.0
2933	8348.0
2934	8372.0
2935	8356.0
2936	8347.0
2937	8425.0
2938	8332.0
2939	8378.0
2940	8431.0
2941	8425.0
2942	8497.0
2943	8413.0
2944	8430.0
2945	8404.0
2946	8435.0
2947	8422.0
2948	8354.0
2949	8388.0
2950	8373.0
2951	8434.0
2952	8391.0
2953	8276.0
2954	8216.0
2955	8359.0
2956	8366.0
2957	8255.0
2958	8351.0
2959	8303.0
2960	8405.0
2961	8327.0
2962	8346.0
2963	8377.0
2964	8408.0
2965	8388.0
2966	8460.0
2967	8364.0
2968	8373.0
2969	8395.0
2970	8465.0
2971	8332.0
2972	8368.0
2973	8443.0
2974	8445.0
2975	8495.0
2976	8499.0
2977	8496.0
2978	8444.0
2979	8377.0
2980	8335.0
2981	8366.0
2982	8474.0
2983	8467.0
2984	8366.0
2985	8371.0
2986	8326.0
2987	8377.0
2988	8357.0
2989	8432.0
2990	8354.0
2991	8297.0
2992	8235.0
2993	8235.0
2994	8234.0
2995	8258.0
2996	8322.0
2997	8322.0
2998	8359.0
2999	8368.0
3000	8426.0
1001	30.87
1002	2.944
1003	1.692
1004	15.95
1005	20.99
1006	-3.318
1007	4.588
1008	15.02
1009	-5.388
1010	-1.676
1011	5.879
1012	-25.43
1013	-27.53
1014	-13.46
1015	-3.784
1016	31.65
1017	9.366
1018	-19.13
1019	22.18
1020	-0.1247
1021	3.23
1022	-11.35
1023	-17.34
1024	-0.1314
1025	15.1
1026	3.743
1027	4.449
1028	-12.48
1029	-9.024
1030	-20.76
1031	14.37
1032	-34.15
1033	26.48
1034	16.84
1035	-29.18
1036	-3.299
1037	-32.64
1038	0.1365
1039	23.07
1040	0.03956
1041	-8.317
1042	-25.97
1043	-28.72
1044	13.55
1045	15.41
1046	-0.2814
1047	-20.09
1048	-41.16
1049	-18.93
1050	-25.39
1051	-3.91
1052	-3.881
1053	-7.993
1054	-5.923
1055	-31.18
1056	-12.58
1057	-14.5
1058	-41.49
1059	-17.91
1060	23.55
1061	-9.421
1062	10.39
1063	-10.66
1064	-13.04
1065	-2.138
1066	23.51
1067	15.31
1068	-39.74
1069	20.88
1070	9.38
1071	-3.33
1072	1.442
1073	-17.12
1074	-17.01
1075	-3.689
1076	5.533
1077	-6.572
1078	25.21
1079	4.226
1080	-9.37
1081	-1.246
1082	7.562
1083	14.5
1084	-10.64
1085	21.47
1086	5.533
1087	-20.42
1088	-24.48
1089	-1.645
1090	24.35
1091	31.38
1092	-1.775
1093	14.5
1094	-10.33
1095	-12.86
1096	8.165
1097	-27.47
1098	11.26
1099	1.632
1100	-13.75
1101	-2.337
1102	31.53
1103	1.506
1104	-2.045
1105	6.767
1106	-45.59
1107	10.79
1108	17.49
1109	-4.895
1110	-37.39
1111	-21.73
1112	-7.386
1113	-9.407
1114	-8.876
1115	10.97
1116	19.53
1117	-16.97
1118	0.8946
1119	-38.59
1120	5.852
1121	-6.196
1122	-17.45
1123	-51.21
1124	2.935
1125	11.63
1126	-20.59
1127	-2.946
1128	-42.95
1129	-6.952
1130	-45.77
1131	-0.7467
1132	-0.3913
1133	-9.122
1134	24.72
1135	-2.895
1136	3.452
1137	7.441
1138	12.6
1139	-8.557
1140	4.879
1141	4.514
1142	-19.67
1143	-14.16
1144	22.81
1145	-5.183
1146	13.17
1147	1.716
1148	-11.0
1149	5.637
1150	0.8005
1151	21.31
1152	-16.35
1153	-15.94
1154	11.55
1155	-11.07
1156	-19.0
1157	-14.75
1158	14.72
1159	-29.34
1160	12.35
1161	-9.236
1162	15.16
1163	22.09
1164	-9.419
1165	0.8957
1166	-20.88
1167	-2.749
1168	11.38
1169	9.137
1170	7.942
1171	-12.77
1172	-0.1256
1173	14.76
1174	1.569
1175	7.19
1176	-5.872
1177	0.03979
1178	-4.278
1179	9.884
1180	1.94
1181	2.672
1182	-0.012
1183	-20.91
1184	-30.07
1185	16.42
1186	32.98
1187	6.919
1188	4.125
1189	3.569
1190	19.99
1191	15.88
1192	3.521
1193	23.28
1194	21.13
1195	2.305
1196	23.15
1197	-9.972
1198	6.759
1199	10.98
1200	16.56
1201	6.888
1202	37.03
1203	30.85
1204	0.2674
1205	-31.17
1206	-20.27
1207	-8.46
1208	-0.5509
1209	10.35
1210	-18.46
1211	-18.51
1212	15.79
1213	-15.66
1214	-13.71
1215	6.294
1216	1.498
1217	-9.273
1218	9.486
1219	-32.31
1220	-7.576
1221	-46.3
1222	-12.81
1223	-23.68
1224	-10.82
1225	-25.87
1226	23.21
1227	-10.4
1228	-29.36
1229	-41.53
1230	13.12
1231	37.96
1232	13.84
1233	13.84
1234	-7.228
1235	13.44
1236	1.654
1237	-7.402
1238	18.54
1239	24.07
1240	0.554
1241	-10.91
1242	1.107
1243	12.02
1244	-23.83
1245	-3.033
1246	-14.39
1247	8.656
1248	-7.764
1249	-8.038
1250	-5.738
1251	-0.6668
1252	0.6544
1253	5.002
1254	14.74
1255	-17.34
1256	-7.202
1257	-20.05
1258	12.01
1259	-7.693
1260	-2.656
1261	-37.91
1262	-14.28
1263	-9.98
1264	-7.847
1265	2.725
1266	4.141
1267	18.69
1268	14.02
1269	-8.207
1270	1.601
1271	-6.657
1272	-0.1072
1273	23.07
1274	16.2
1275	-24.55
1276	-9.945
1277	-4.199
1278	0.8841
1279	8.21
1280	26.72
1281	3.817
1282	16.08
1283	9.681
1284	19.0
1285	1.248
1286	-8.145
1287	-2.091
1288	12.46
1289	16.31
1290	-4.562
1291	6.235
1292	18.51
1293	-14.14
1294	12.32
1295	-18.47
1296	-57.31
1297	-7.788
1298	-27.49
1299	-14.66
1300	15.88
1301	-25.85
1302	-7.651
1303	12.55
1304	-8.805
1305	4.986
1306	9.636
1307	-12.57
1308	-14.65
1309	22.1
1310	4.001
1311	-9.517
1312	26.47
1313	-8.367
1314	-23.44
1315	-50.26
1316	-51.54
1317	-11.68
1318	3.156
1319	-4.094
1320	-17.83
1321	-2.831
1322	2.82
1323	-2.822
1324	-6.612
1325	10.21
1326	24.92
1327	-5.221
1328	-14.57
1329	22.22
1330	7.496
1331	11.8
1332	35.58
1333	-9.065
1334	14.16
1335	0.9601
1336	3.229
1337	14.52
1338	13.89
1339	22.2
1340	-4.301
1341	-53.34
1342	2.937
1343	-5.972
1344	29.23
1345	4.652
1346	3.696
1347	27.3
1348	-10.92
1349	3.593
1350	14.51
1351	7.535
1352	23.89
1353	11.31
1354	14.53
1355	-2.024
1356	-11.7
1357	-30.73
1358	-16.05
1359	7.357
1360	-2.81
1361	15.14
1362	12.32
1363	4.685
1364	4.709
1365	-44.09
1366	9.864
1367	-13.57
1368	-5.232
1369	13.52
1370	22.21
1371	-14.42
1372	28.38
1373	-20.11
1374	2.592
1375	9.47
1376	-33.33
1377	21.53
1378	14.08
1379	-4.668
1380	16.36
1381	-30.25
1382	21.11
1383	19.61
1384	22.8
1385	20.08
1386	11.83
1387	-12.74
1388	1.785
1389	9.899
1390	-21.1
1391	15.81
1392	9.768
1393	6.189
1394	14.5
1395	-16.74
1396	18.73
1397	14.97
1398	-25.39
1399	-12.53
1400	19.69
1401	3.262
1402	-1.174
1403	-27.03
1404	13.72
1405	2.279
1406	-13.24
1407	13.3
1408	5.174
1409	0.174
1410	-13.39
1411	-17.75
1412	-5.93
1413	14.77
1414	-0.1933
1415	4.467
1416	-9.629
1417	13.02
1418	-14.16
1419	-14.98
1420	-1.372
1421	-9.373
1422	-24.82
1423	10.82
1424	-16.75
1425	14.83
1426	14.66
1427	-8.712
1428	-24.03
1429	16.43
1430	10.56
1431	18.67
1432	-1.143
1433	28.83
1434	-2.804
1435	-4.039
1436	-15.44
1437	-28.46
1438	32.09
1439	-10.87
1440	10.03
1441	-0.6792
1442	23.0
1443	24.58
1444	15.22
1445	-10.26
1446	-55.14
1447	-5.602
1448	15.02
1449	-18.64
1450	-8.547
1451	0.6247
1452	-41.02
1453	-15.96
1454	-25.68
1455	-8.952
1456	-2.121
1457	-10.59
1458	-16.88
1459	0.6077
1460	7.878
1461	-14.96
1462	17.5
1463	-1.475
1464	27.71
1465	-23.08
1466	6.451
1467	-7.516
1468	-12.6
1469	-2.635
1470	-0.4445
1471	21.24
1472	16.68
1473	9.5
1474	-12.33
1475	2.488
1476	-8.901
1477	-4.492
1478	22.5
1479	25.38
1480	1.232
1481	-7.885
1482	-14.81
1483	-24.0
1484	17.48
1485	2.616
1486	-14.4
1487	-2.415
1488	-2.769
1489	-17.54
1490	-23.87
1491	8.64
1492	-11.09
1493	-0.9388
1494	4.584
1495	-0.2911
1496	11.97
1497	-10.37
1498	13.25
1499	-0.07086
1500	-3.777
1501	14.99
1502	-49.09
1503	0.6162
1504	-0.1042
1505	-10.86
1506	-4.401
1507	20.82
1508	-17.85
1509	2.456
1510	-12.11
1511	8.099
1512	-0.9549
1513	17.26
1514	-5.015
1515	0.1554
1516	0.4827
1517	-14.4
1518	-13.41
1519	-12.92
1520	-28.6
1521	22.18
1522	26.36
1523	7.669
1524	-41.39
1525	-0.4118
1526	1.612
1527	-8.055
1528	-0.9055
1529	-12.37
1530	-10.39
1531	-41.98
1532	-11.94
1533	-5.242
1534	-3.734
1535	5.829
1536	-2.402
1537	4.071
1538	-6.638
1539	6.973
1540	-3.653
1541	-4.963
1542	3.08
1543	-19.21
1544	4.495
1545	18.8
1546	-4.243
1547	-7.072
1548	9.08
1549	-1.377
1550	-24.95
1551	3.105
1552	-0.1942
1553	10.61
1554	-0.1514
1555	-14.37
1556	-18.25
1557	13.09
1558	17.01
1559	14.55
1560	-8.406
1561	-8.826
1562	11.33
1563	-11.91
1564	10.54
1565	21.85
1566	9.935
1567	-20.06
1568	-1.843
1569	4.075
1570	10.04
1571	-0.5131
1572	-14.82
1573	2.379
1574	1.301
1575	3.96
1576	-20.18
1577	10.33
1578	15.22
1579	16.11
1580	-16.47
1581	-6.789
1582	10.04
1583	15.41
1584	-3.717
1585	-1.393
1586	9.517
1587	-17.75
1588	4.604
1589	33.1
1590	7.851
1591	8.072
1592	-14.49
1593	9.68
1594	2.079
1595	-15.61
1596	13.8
1597	21.69
1598	18.35
1599	16.98
1600	10.75
1601	0.6893
1602	5.859
1603	1.457
1604	-12.97
1605	-18.54
1606	-20.35
1607	-8.251
1608	-14.64
1609	0.9884
1610	-1.132
1611	2.738
1612	10.16
1613	14.54
1614	14.01
1615	-4.258
1616	12.28
1617	-20.14
1618	-9.202
1619	-4.52
1620	1.924
1621	-16.77
1622	-16.54
1623	12.75
1624	-7.317
1625	-17.31
1626	32.76
1627	3.302
1628	30.26
1629	9.034
1630	-5.096
1631	14.6
1632	24.99
1633	3.851
1634	-3.895
1635	14.77
1636	-9.262
1637	10.65
1638	0.2728
1639	-2.035
1640	-16.07
1641	-17.35
1642	19.8
1643	9.947
1644	-0.2963
1645	-2.441
1646	-9.037
1647	7.753
1648	-14.87
1649	11.43
1650	1.988
1651	-1.33
1652	11.73
1653	12.55
1654	6.746
1655	3.159
1656	6.083
1657	19.32
1658	-27.13
1659	4.266
1660	-30.41
1661	2.688
1662	0.4153
1663	-21.97
1664	15.85
1665	20.3
1666	39.77
1667	-17.65
1668	-6.868
1669	-17.52
1670	-17.69
1671	-16.36
1672	6.808
1673	8.807
1674	0.2426
1675	5.987
1676	16.18
1677	-3.367
1678	-16.67
1679	14.77
1680	-12.99
1681	14.82
1682	15.75
1683	-3.32
1684	34.76
1685	-6.53
1686	-3.817
1687	2.574
1688	-29.36
1689	-30.64
1690	-25.22
1691	-17.83
1692	11.72
1693	-7.711
1694	-31.6
1695	26.24
1696	21.83
1697	-11.22
1698	-5.157
1699	-4.793
1700	9.126
1701	-0.9751
1702	22.72
1703	10.41
1704	17.31
1705	-10.63
1706	3.094
1707	6.816
1708	-10.16
1709	-0.2976
1710	-9.896
1711	17.19
1712	-11.01
1713	-3.933
1714	13.56
1715	-22.69
1716	-11.64
1717	16.62
1718	-10.05
1719	-7.476
1720	13.04
1721	2.832
1722	24.06
1723	14.69
1724	14.78
1725	28.83
1726	22.48
1727	19.73
1728	-28.86
1729	17.17
1730	13.11
1731	-22.3
1732	17.54
1733	-17.92
1734	17.69
1735	18.65
1736	17.89
1737	-0.02082
1738	15.69
1739	19.3
1740	-26.61
1741	14.13
1742	-17.49
1743	-24.46
1744	4.972
1745	-6.281
1746	6.805
1747	-16.02
1748	20.2
1749	-18.3
1750	20.24
1751	-8.164
1752	-10.21
1753	-4.532
1754	0.7114
1755	-14.95
1756	21.9
1757	-6.644
1758	-20.46
1759	-3.847
1760	-35.85
1761	10.98
1762	-5.094
1763	-3.511
1764	-52.68
1765	-34.56
1766	-11.45
1767	33.6
1768	-8.447
1769	-2.573
1770	-3.139
1771	10.32
1772	11.28
1773	-28.06
1774	-30.02
1775	19.42
1776	-30.05
1777	12.99
1778	-13.46
1779	0.006346
1780	13.96
1781	-1.135
1782	2.201
1783	0.9863
1784	-13.58
1785	-36.54
1786	-12.12
1787	-17.36
1788	2.859
1789	22.2
1790	1.08
1791	-12.26
1792	28.14
1793	4.739
1794	8.603
1795	34.47
1796	20.74
1797	23.69
1798	14.12
1799	-15.99
1800	-0.5173
1801	-11.15
1802	28.76
1803	6.659
1804	-15.33
1805	-8.996
1806	29.58
1807	24.95
1808	16.66
1809	-16.28
1810	5.053
1811	8.504
1812	-9.052
1813	12.18
1814	3.068
1815	-12.64
1816	1.275
1817	20.35
1818	7.536
1819	0.1987
1820	53.9
1821	2.341
1822	-35.11
1823	-2.143
1824	15.1
1825	13.13
1826	16.6
1827	-17.65
1828	-41.57
1829	14.4
1830	-23.13
1831	5.77
1832	-32.55
1833	-12.85
1834	-35.75
1835	-34.06
1836	-23.52
1837	-36.74
1838	-1.108
1839	-29.61
1840	17.67
1841	-19.59
1842	-0.7485
1843	-4.195
1844	4.615
1845	-11.23
1846	-16.72
1847	-9.35
1848	-5.678
1849	0.6339
1850	21.66
1851	-13.8
1852	-26.69
1853	4.104
1854	6.934
1855	-23.58
1856	-25.04
1857	6.311
1858	-7.621
1859	-16.08
1860	-3.912
1861	0.293
1862	4.091
1863	-24.99
1864	-9.078
1865	-5.683
1866	-9.853
1867	-10.65
1868	11.57
1869	14.49
1870	-8.66
1871	-51.69
1872	0.1687
1873	0.9532
1874	-14.86
1875	5.612
1876	11.56
1877	-14.39
1878	-5.058
1879	14.83
1880	2.315
1881	-11.68
1882	17.22
1883	3.692
1884	14.77
1885	14.77
1886	10.66
1887	-2.516
1888	14.28
1889	-26.29
1890	2.741
1891	-20.5
1892	10.36
1893	24.18
1894	21.02
1895	13.81
1896	1.562
1897	-11.73
1898	-9.6
1899	-6.692
1900	-25.08
1901	-11.97
1902	-12.24
1903	19.26
1904	-1.641
1905	-0.5065
1906	4.667
1907	-21.43
1908	3.241
1909	7.394
1910	-3.493
1911	-14.36
1912	2.148
1913	2.512
1914	-16.35
1915	-0.8585
1916	11.13
1917	12.53
1918	-1.174
1919	-3.068
1920	-23.98
1921	-5.05
1922	-10.28
1923	7.149
1924	8.286
1925	2.659
1926	8.308
1927	1.871
1928	12.41
1929	-4.174
1930	-4.57
1931	2.477
1932	1.559
1933	13.09
1934	-0.9908
1935	16.15
1936	-0.1184
1937	35.96
1938	14.61
1939	-25.51
1940	-8.517
1941	11.15
1942	6.4
1943	-30.02
1944	-23.0
1945	3.892
1946	-35.53
1947	3.137
1948	-35.19
1949	-18.24
1950	3.484
1951	-1.335
1952	27.59
1953	26.35
1954	-12.11
1955	-14.96
1956	-18.67
1957	-17.32
1958	-11.32
1959	-40.8
1960	-2.375
1961	-11.71
1962	-13.91
1963	-20.13
1964	-15.0
1965	-34.31
1966	12.75
1967	-13.14
1968	-26.22
1969	-15.45
1970	-44.35
1971	0.2767
1972	20.33
1973	1.102
1974	-31.51
1975	15.28
1976	-14.47
1977	-33.86
1978	16.32
1979	14.87
1980	-0.8639
1981	8.612
1982	6.206
1983	28.0
1984	21.93
1985	-9.002
1986	3.081
1987	0.3476
1988	-16.97
1989	26.57
1990	10.68
1991	-16.21
1992	14.75
1993	8.138
1994	8.423
1995	-47.33
1996	-5.705
1997	-55.76
1998	3.277
1999	-35.13
2000	-28.04
2001	-18.59
2002	3.149
2003	-14.08
2004	40.46
2005	-1.865
2006	2.276
2007	-13.84
2008	-1.388
2009	-12.51
2010	-4.395
2011	-6.769
2012	-23.67
2013	-18.39
2014	2.966
2015	0.08504
2016	18.91
2017	1.719
2018	27.4
2019	14.41
2020	31.71
2021	14.77
2022	6.724
2023	21.49
2024	15.09
2025	-18.88
2026	32.45
2027	-5.118
2028	-19.66
2029	9.21
2030	13.48
2031	13.45
2032	20.34
2033	-23.14
2034	1.297
2035	16.5
2036	3.522
2037	-1.0
2038	-12.48
2039	22.03
2040	17.22
2041	20.45
2042	-15.34
2043	3.525
2044	-17.79
2045	5.947
2046	4.079
2047	-6.3
2048	-38.78
2049	-5.686
2050	-49.42
2051	14.39
2052	14.2
2053	19.71
2054	-15.31
2055	1.302
2056	10.68
2057	-18.78
2058	-7.308
2059	7.31
2060	6.758
2061	29.91
2062	14.3
2063	-3.045
2064	-17.37
2065	9.219
2066	-8.353
2067	1.916
2068	-8.236
2069	17.86
2070	10.63
2071	-17.95
2072	-11.59
2073	3.316
2074	17.59
2075	-2.737
2076	7.921
2077	9.821
2078	-5.568
2079	14.23
2080	-37.82
2081	-31.63
2082	4.599
2083	-20.26
2084	3.564
2085	11.91
2086	-11.34
2087	0.6622
2088	-2.805
2089	-9.039
2090	-23.91
2091	-30.09
2092	19.13
2093	35.34
2094	10.37
2095	-15.67
2096	-33.29
2097	3.529
2098	19.57
2099	0.9922
2100	37.31
2101	-12.48
2102	-8.24
2103	-3.46
2104	1.03
2105	-3.689
2106	13.1
2107	1.201
2108	-4.193
2109	29.44
2110	16.83
2111	21.15
2112	6.775
2113	-13.29
2114	0.8652
2115	-6.223
2116	3.559
2117	-4.74
2118	6.278
2119	-4.788
2120	-7.541
2121	-19.43
2122	8.231
2123	-1.436
2124	-15.45
2125	3.129
2126	9.497
2127	-18.36
2128	-7.592
2129	-5.818
2130	15.1
2131	5.342
2132	4.475
2133	-9.665
2134	-42.99
2135	1.765
2136	-0.4948
2137	21.22
2138	1.276
2139	-33.38
2140	9.672
2141	10.17
2142	7.364
2143	-36.6
2144	24.38
2145	3.906
2146	-0.004283
2147	-1.935
2148	19.33
2149	8.364
2150	4.116
2151	-24.19
2152	-6.518
2153	-2.861
2154	-9.67
2155	30.85
2156	4.881
2157	-0.01882
2158	-2.873
2159	0.6652
2160	0.8802
2161	-20.07
2162	17.55
2163	4.42
2164	7.86
2165	22.53
2166	21.48
2167	-22.56
2168	-3.561
2169	-9.645
2170	-18.63
2171	-22.26
2172	1.951
2173	-23.18
2174	3.692
2175	11.12
2176	-6.929
2177	2.582
2178	13.78
2179	8.349
2180	22.89
2181	-4.632
2182	-19.56
2183	-8.451
2184	-4.976
2185	-43.58
2186	4.123
2187	24.98
2188	17.29
2189	-21.31
2190	-4.883
2191	6.318
2192	-3.982
2193	-8.047
2194	3.128
2195	20.24
2196	8.985
2197	-18.54
2198	-2.821
2199	7.9
2200	-14.57
2201	-14.44
2202	-9.02
2203	2.152
2204	-19.61
2205	4.23
2206	-21.86
2207	-16.87
2208	-22.56
2209	5.606
2210	-10.32
2211	24.42
2212	6.669
2213	-19.31
2214	13.34
2215	-4.6
2216	-3.965
2217	7.023
2218	-0.3183
2219	-11.43
2220	12.76
2221	-13.1
2222	-23.67
2223	-9.641
2224	11.81
2225	22.73
2226	5.88
2227	-27.96
2228	17.32
2229	3.066
2230	-6.309
2231	24.73
2232	-1.721
2233	-7.522
2234	-1.527
2235	7.523
2236	-10.81
2237	10.43
2238	-15.04
2239	15.82
2240	29.4
2241	2.647
2242	-22.93
2243	18.95
2244	11.26
2245	15.74
2246	16.58
2247	11.54
2248	-11.91
2249	2.864
2250	-29.18
2251	-24.29
2252	-1.614
2253	-1.632
2254	-12.38
2255	-13.4
2256	-16.33
2257	-21.43
2258	9.308
2259	-7.054
2260	-16.84
2261	-12.76
2262	-9.098
2263	-3.822
2264	3.84
2265	-22.14
2266	-24.93
2267	24.3
2268	4.242
2269	-8.815
2270	-9.83
2271	10.05
2272	0.3451
2273	12.94
2274	-11.61
2275	-5.254
2276	15.36
2277	-10.5
2278	-4.534
2279	-11.23
2280	0.04469
2281	-14.82
2282	18.92
2283	-13.44
2284	-1.83
2285	7.526
2286	-20.66
2287	16.89
2288	5.083
2289	-11.19
2290	4.226
2291	-20.68
2292	13.49
2293	-30.2
2294	-16.11
2295	1.921
2296	-19.16
2297	-37.28
2298	10.99
2299	17.28
2300	-14.4
2301	-3.891
2302	1.148
2303	24.29
2304	0.1411
2305	22.8
2306	18.04
2307	-20.02
2308	-4.99
2309	-12.93
2310	-5.13
2311	-22.76
2312	4.731
2313	-17.92
2314	-13.7
2315	8.142
2316	-21.04
2317	-20.63
2318	18.82
2319	-12.36
2320	-12.16
2321	4.742
2322	-2.401
2323	15.42
2324	6.29
2325	-18.99
2326	-10.61
2327	-46.9
2328	-8.03
2329	-32.66
2330	33.02
2331	-15.04
2332	-6.086
2333	-5.188
2334	15.51
2335	-30.22
2336	13.05
2337	-6.761
2338	21.79
2339	2.708
2340	-6.496
2341	1.014
2342	5.124
2343	-16.63
2344	10.26
2345	-9.433
2346	-7.442
2347	-35.28
2348	-4.865
2349	5.804
2350	18.55
2351	-1.059
2352	24.15
2353	-2.719
2354	-28.81
2355	-18.12
2356	-23.8
2357	-19.96
2358	-14.27
2359	13.9
2360	-5.398
2361	-12.28
2362	-6.676
2363	-16.68
2364	-10.94
2365	15.0
2366	-0.4256
2367	-17.14
2368	-9.373
2369	12.0
2370	18.16
2371	7.228
2372	29.86
2373	-13.44
2374	-12.75
2375	10.13
2376	34.19
2377	-12.3
2378	7.667
2379	-4.925
2380	-39.01
2381	-9.424
2382	-12.43
2383	25.27
2384	-19.66
2385	0.6413
2386	-13.75
2387	-24.19
2388	-7.65
2389	-2.329
2390	-10.69
2391	-12.02
2392	31.53
2393	1.868
2394	9.482
2395	20.03
2396	5.68
2397	-4.553
2398	-7.462
2399	1.84
2400	12.29
2401	-8.689
2402	30.38
2403	10.97
2404	24.49
2405	0.4842
2406	13.21
2407	-5.537
2408	16.72
2409	10.81
2410	26.51
2411	20.36
2412	-15.9
2413	6.931
2414	39.11
2415	13.58
2416	-7.219
2417	-3.656
2418	-33.07
2419	8.9
2420	-20.05
2421	16.81
2422	17.53
2423	11.16
2424	7.255
2425	-15.63
2426	-26.52
2427	-0.827
2428	-0.06959
2429	-21.28
2430	15.83
2431	-7.545
2432	6.912
2433	15.81
2434	7.884
2435	-8.632
2436	-7.026
2437	-14.61
2438	-16.9
2439	-6.776
2440	3.56
2441	9.063
2442	1.215
2443	4.797
2444	-9.212
2445	-7.224
2446	2.498
2447	-20.37
2448	7.173
2449	-26.01
2450	-1.23
2451	-8.924
2452	-10.68
2453	10.03
2454	-7.801
2455	-19.42
2456	-0.7195
2457	-20.3
2458	-22.81
2459	-17.95
2460	2.463
2461	15.69
2462	-2.967
2463	-10.38
2464	-19.65
2465	-7.174
2466	-39.99
2467	-10.32
2468	-4.097
2469	12.5
2470	-8.446
2471	-14.43
2472	18.93
2473	-4.709
2474	-41.8
2475	22.14
2476	-12.78
2477	3.789
2478	-15.83
2479	-2.623
2480	-3.975
2481	-3.287
2482	-14.48
2483	-11.62
2484	4.601
2485	10.34
2486	-13.93
2487	-2.909
2488	3.005
2489	-29.11
2490	-0.9417
2491	-19.14
2492	22.66
2493	-2.016
2494	-2.196
2495	-20.57
2496	2.198
2497	-7.21
2498	-1.184
2499	-24.71
2500	11.36
2501	13.86
2502	19.81
2503	28.18
2504	17.25
2505	14.45
2506	9.802
2507	22.01
2508	-4.62
2509	0.3429
2510	4.559
2511	8.258
2512	-6.58
2513	5.95
2514	27.6
2515	-17.81
2516	-7.259
2517	-18.03
2518	-12.5
2519	10.07
2520	-7.885
2521	4.248
2522	5.213
2523	23.27
2524	-10.05
2525	4.677
2526	-12.31
2527	2.536
2528	-16.48
2529	-9.834
2530	-5.614
2531	-29.67
2532	-23.59
2533	-8.952
2534	-8.389
2535	4.161
2536	-25.75
2537	17.8
2538	-5.637
2539	0.4339
2540	-15.22
2541	-31.9
2542	-1.734
2543	13.81
2544	-24.11
2545	-32.61
2546	3.531
2547	11.92
2548	29.11
2549	9.098
2550	-1.619
2551	4.108
2552	-21.26
2553	33.1
2554	-6.899
2555	8.534
2556	15.17
2557	18.86
2558	0.2301
2559	11.59
2560	11.63
2561	-5.845
2562	-46.56
2563	8.587
2564	-10.72
2565	-24.24
2566	-5.233
2567	-18.08
2568	6.917
2569	8.926
2570	-3.188
2571	-10.86
2572	-19.27
2573	-5.236
2574	1.368
2575	-12.94
2576	7.405
2577	14.54
2578	-43.58
2579	8.842
2580	3.856
2581	-10.97
2582	-2.95
2583	-28.53
2584	9.543
2585	9.018
2586	10.07
2587	2.527
2588	-3.491
2589	19.29
2590	5.335
2591	-7.521
2592	14.69
2593	22.14
2594	1.75
2595	18.28
2596	2.284
2597	-1.353
2598	-1.058
2599	-16.23
2600	3.917
2601	-3.762
2602	25.41
2603	-22.84
2604	-38.02
2605	-23.05
2606	-8.022
2607	-13.85
2608	-3.7
2609	-8.496
2610	4.511
2611	9.529
2612	-2.753
2613	9.193
2614	-13.79
2615	-43.47
2616	-13.65
2617	-4.153
2618	-15.89
2619	31.16
2620	10.78
2621	-34.72
2622	19.96
2623	-18.25
2624	-20.13
2625	17.81
2626	-20.84
2627	25.44
2628	-16.75
2629	7.406
2630	3.709
2631	-22.82
2632	22.24
2633	8.743
2634	-6.492
2635	22.81
2636	-21.65
2637	-21.16
2638	24.78
2639	9.158
2640	-13.06
2641	-12.37
2642	1.899
2643	22.09
2644	-35.23
2645	4.377
2646	-8.985
2647	8.903
2648	-0.2572
2649	5.658
2650	3.991
2651	-28.07
2652	-9.276
2653	7.079
2654	15.52
2655	-0.6159
2656	-1.003
2657	23.15
2658	8.338
2659	0.8368
2660	2.404
2661	-19.95
2662	20.3
2663	-21.05
2664	-8.174
2665	-22.7
2666	6.558
2667	16.16
2668	-2.725
2669	6.879
2670	-1.146
2671	-8.684
2672	-20.78
2673	15.22
2674	-29.45
2675	19.95
2676	19.05
2677	-6.394
2678	11.88
2679	8.55
2680	13.11
2681	14.06
2682	5.791
2683	8.216
2684	-1.821
2685	8.54
2686	-20.74
2687	-17.58
2688	0.07719
2689	-3.269
2690	13.08
2691	-9.353
2692	20.0
2693	18.59
2694	3.774
2695	-5.096
2696	9.967
2697	10.84
2698	-28.99
2699	3.508
2700	9.361
2701	1.318
2702	11.71
2703	-13.21
2704	-38.75
2705	18.18
2706	-29.86
2707	-9.194
2708	7.069
2709	36.59
2710	9.573
2711	24.24
2712	-32.44
2713	29.2
2714	-23.97
2715	-30.28
2716	0.3547
2717	-8.949
2718	-30.21
2719	-13.31
2720	19.0
2721	-19.53
2722	-14.68
2723	4.731
2724	-17.29
2725	-1.244
2726	-32.74
2727	11.31
2728	7.329
2729	-14.48
2730	4.485
2731	0.2774
2732	7.503
2733	2.589
2734	8.362
2735	0.9665
2736	-0.387
2737	-15.27
2738	27.9
2739	-1.132
2740	-12.79
2741	-2.077
2742	5.52
2743	-1.561
2744	-10.56
2745	-12.96
2746	10.61
2747	25.88
2748	-2.971
2749	-10.02
2750	-47.11
2751	3.557
2752	-10.3
2753	26.63
2754	17.71
2755	1.92
2756	15.05
2757	-1.123
2758	-8.925
2759	0.6088
2760	22.7
2761	-36.13
2762	4.426
2763	10.51
2764	-13.31
2765	-31.75
2766	10.24
2767	17.79
2768	20.48
2769	-26.17
2770	-4.935
2771	-6.029
2772	33.89
2773	-5.469
2774	7.66
2775	24.93
2776	-7.268
2777	-12.69
2778	11.6
2779	2.526
2780	5.562
2781	10.68
2782	-3.59
2783	8.912
2784	-14.59
2785	-16.98
2786	18.37
2787	15.26
2788	-21.36
2789	3.575
2790	5.29
2791	7.575
2792	-4.326
2793	-34.23
2794	7.786
2795	6.175
2796	15.16
2797	8.108
2798	-4.102
2799	-15.69
2800	12.12
2801	-19.01
2802	13.42
2803	-0.1243
2804	-3.169
2805	-11.09
2806	-14.42
2807	-7.163
2808	3.517
2809	21.03
2810	-11.06
2811	16.8
2812	14.98
2813	1.239
2814	3.894
2815	10.89
2816	3.093
2817	-12.92
2818	15.24
2819	-18.62
2820	-4.251
2821	6.216
2822	-17.16
2823	15.93
2824	9.414
2825	20.02
2826	-15.6
2827	-8.396
2828	-3.791
2829	-21.13
2830	-20.2
2831	5.051
2832	-15.58
2833	18.35
2834	5.758
2835	7.036
2836	12.33
2837	-58.18
2838	-12.76
2839	3.983
2840	-8.782
2841	-11.38
2842	9.843
2843	2.065
2844	-17.05
2845	15.4
2846	-24.42
2847	-8.232
2848	-4.813
2849	-40.89
2850	-9.496
2851	17.26
2852	-15.13
2853	10.26
2854	-16.67
2855	16.79
2856	-22.78
2857	6.381
2858	12.09
2859	-12.87
2860	-3.023
2861	-4.58
2862	35.15
2863	-1.658
2864	-7.917
2865	2.703
2866	-9.328
2867	-9.862
2868	1.763
2869	7.247
2870	4.53
2871	13.22
2872	-7.348
2873	10.93
2874	-28.6
2875	-15.84
2876	5.331
2877	-3.023
2878	-1.252
2879	6.889
2880	3.194
2881	-15.58
2882	-21.48
2883	-1.101
2884	-7.27
2885	-28.82
2886	10.81
2887	17.27
2888	-15.88
2889	-7.512
2890	-7.73
2891	-14.99
2892	-25.54
2893	-11.44
2894	-5.063
2895	14.67
2896	-5.589
2897	17.42
2898	-12.24
2899	10.69
2900	12.31
2901	-23.22
2902	15.88
2903	8.655
2904	-15.29
2905	-2.874
2906	-10.65
2907	-3.671
2908	0.7555
2909	27.72
2910	-19.18
2911	-25.68
2912	-5.446
2913	8.578
2914	-7.509
2915	15.75
2916	-22.67
2917	-7.314
2918	-2.033
2919	-25.73
2920	-26.25
2921	-37.99
2922	10.96
2923	-6.316
2924	-14.74
2925	-10.9
2926	-4.279
2927	5.227
2928	-23.38
2929	2.968
2930	9.593
2931	5.339
2932	12.31
2933	-0.09883
2934	-27.98
2935	-43.15
2936	23.68
2937	17.16
2938	-0.09432
2939	9.412
2940	0.04825
2941	2.66
2942	4.718
2943	4.19
2944	-10.96
2945	-12.37
2946	2.794
2947	0.5676
2948	-18.44
2949	-36.62
2950	11.55
2951	-8.95
2952	20.5
2953	-28.76
2954	12.24
2955	6.284
2956	3.411
2957	20.44
2958	2.312
2959	6.789
2960	36.1
2961	-9.74
2962	-8.012
2963	0.4888
2964	-5.265
2965	12.82
2966	12.41
2967	-24.81
2968	-13.73
2969	-2.333
2970	0.2187
2971	17.3
2972	19.15
2973	8.423
2974	-6.614
2975	-5.771
2976	5.543
2977	18.42
2978	22.23
2979	-0.3115
2980	-20.33
2981	-16.77
2982	-17.46
2983	8.807
2984	-20.13
2985	-20.19
2986	18.55
2987	12.5
2988	-3.39
2989	-1.416
2990	-4.566
2991	12.25
2992	-3.458
2993	7.809
2994	7.306
2995	-45.6
2996	-13.92
2997	12.57
2998	-1.452
2999	13.73
3000	6.271
