1001	8687.0
1002	8621.0
1003	8583.0
1004	8514.0
1005	8497.0
1006	8526.0
1007	8539.0
1008	8548.0
1009	8524.0
1010	8552.0
1011	8680.0
1012	8679.0
1013	8675.0
1014	8618.0
1015	8614.0
1016	8652.0
1017	8561.0
1018	8660.0
1019	8635.0
1020	8705.0
1021	8648.0
1022	8592.0
1023	8588.0
1024	8679.0
1025	8621.0
1026	8549.0
1027	8628.0
1028	8658.0
1029	8656.0
1030	8736.0
1031	8742.0
1032	8706.0
1033	8693.0
1034	8606.0
1035	8579.0
1036	8663.0
1037	8657.0
1038	8586.0
1039	8620.0
1040	8630.0
1041	8660.0
1042	8555.0
1043	8668.0
1044	8693.0
1045	8729.0
1046	8761.0
1047	8797.0
1048	8800.0
1049	8699.0
1050	8750.0
1051	8649.0
1052	8693.0
1053	8647.0
1054	8763.0
1055	8698.0
1056	8743.0
1057	8744.0
1058	8757.0
1059	8739.0
1060	8703.0
1061	8709.0
1062	8671.0
1063	8666.0
1064	8675.0
1065	8664.0
1066	8553.0
1067	8559.0
1068	8555.0
1069	8544.0
1070	8501.0
1071	8582.0
1072	8659.0
1073	8570.0
1074	8584.0
1075	8514.0
1076	8573.0
1077	8627.0
1078	8678.0
1079	8705.0
1080	8689.0
1081	8630.0
1082	8572.0
1083	8640.0
1084	8610.0
1085	8632.0
1086	8520.0
1087	8578.0
1088	8553.0
1089	8628.0
1090	8650.0
1091	8529.0
1092	8536.0
1093	8635.0
1094	8589.0
1095	8614.0
1096	8597.0
1097	8631.0
1098	8719.0
1099	8656.0
1100	8567.0
1101	8599.0
1102	8583.0
1103	8574.0
1104	8648.0
1105	8600.0
1106	8622.0
1107	8694.0
1108	8702.0
1109	8675.0
1110	8639.0
1111	8715.0
1112	8758.0
1113	8694.0
1114	8571.0
1115	8542.0
1116	8539.0
1117	8535.0
1118	8606.0
1119	8628.0
1120	8576.0
1121	8498.0
1122	8579.0
1123	8581.0
1124	8657.0
1125	8674.0
1126	8702.0
1127	8603.0
1128	8615.0
1129	8673.0
1130	8678.0
1131	8710.0
1132	8695.0
1133	8617.0
1134	8575.0
1135	8704.0
1136	8758.0
1137	8680.0
1138	8544.0
1139	8653.0
1140	8692.0
1141	8583.0
1142	8603.0
1143	8579.0
1144	8561.0
1145	8553.0
1146	8599.0
1147	8587.0
1148	8605.0
1149	8492.0
1150	8487.0
1151	8546.0
1152	8668.0
1153	8573.0
1154	8541.0
1155	8652.0
1156	8632.0
1157	8626.0
1158	8670.0
1159	8605.0
1160	8630.0
1161	8643.0
1162	8555.0
1163	8630.0
1164	8678.0
1165	8676.0
1166	8700.0
1167	8610.0
1168	8623.0
1169	8561.0
1170	8567.0
1171	8543.0
1172	8597.0
1173	8639.0
1174	8606.0
1175	8549.0
1176	8483.0
1177	8526.0
1178	8565.0
1179	8533.0
1180	8509.0
1181	8467.0
1182	8506.0
1183	8535.0
1184	8503.0
1185	8484.0
1186	8528.0
1187	8514.0
1188	8434.0
1189	8515.0
1190	8523.0
1191	8584.0
1192	8537.0
1193	8554.0
1194	8553.0
1195	8589.0
1196	8564.0
1197	8500.0
1198	8546.0
1199	8550.0
1200	8587.0
1201	8672.0
1202	8710.0
1203	8655.0
1204	8612.0
1205	8628.0
1206	8620.0
1207	8620.0
1208	8553.0
1209	8487.0
1210	8549.0
1211	8421.0
1212	8418.0
1213	8492.0
1214	8447.0
1215	8435.0
1216	8457.0
1217	8510.0
1218	8627.0
1219	8629.0
1220	8627.0
1221	8525.0
1222	8594.0
1223	8622.0
1224	8641.0
1225	8628.0
1226	8633.0
1227	8684.0
1228	8691.0
1229	8634.0
1230	8622.0
1231	8608.0
1232	8645.0
1233	8501.0
1234	8555.0
1235	8488.0
1236	8477.0
1237	8529.0
1238	8641.0
1239	8739.0
1240	8739.0
1241	8664.0
1242	8655.0
1243	8587.0
1244	8548.0
1245	8568.0
1246	8546.0
1247	8583.0
1248	8588.0
1249	8545.0
1250	8626.0
1251	8624.0
1252	8509.0
1253	8495.0
1254	8555.0
1255	8460.0
1256	8446.0
1257	8452.0
1258	8459.0
1259	8575.0
1260	8475.0
1261	8513.0
1262	8562.0
1263	8511.0
1264	8450.0
1265	8464.0
1266	8448.0
1267	8430.0
1268	8397.0
1269	8334.0
1270	8384.0
1271	8372.0
1272	8407.0
1273	8443.0
1274	8479.0
1275	8483.0
1276	8567.0
1277	8554.0
1278	8585.0
1279	8622.0
1280	8627.0
1281	8645.0
1282	8568.0
1283	8567.0
1284	8567.0
1285	8551.0
1286	8605.0
1287	8541.0
1288	8507.0
1289	8518.0
1290	8609.0
1291	8629.0
1292	8534.0
1293	8564.0
1294	8560.0
1295	8607.0
1296	8499.0
1297	8448.0
1298	8467.0
1299	8399.0
1300	8464.0
1301	8430.0
1302	8491.0
1303	8507.0
1304	8494.0
1305	8453.0
1306	8516.0
1307	8575.0
1308	8558.0
1309	8566.0
1310	8619.0
1311	8641.0
1312	8658.0
1313	8641.0
1314	8605.0
1315	8694.0
1316	8680.0
1317	8551.0
1318	8604.0
1319	8617.0
1320	8639.0
1321	8676.0
1322	8611.0
1323	8590.0
1324	8550.0
1325	8513.0
1326	8554.0
1327	8614.0
1328	8543.0
1329	8602.0
1330	8616.0
1331	8609.0
1332	8640.0
1333	8559.0
1334	8475.0
1335	8541.0
1336	8523.0
1337	8648.0
1338	8642.0
1339	8678.0
1340	8681.0
1341	8770.0
1342	8759.0
1343	8843.0
1344	8680.0
1345	8543.0
1346	8587.0
1347	8614.0
1348	8582.0
1349	8554.0
1350	8546.0
1351	8586.0
1352	8650.0
1353	8555.0
1354	8570.0
1355	8546.0
1356	8590.0
1357	8630.0
1358	8680.0
1359	8672.0
1360	8639.0
1361	8570.0
1362	8570.0
1363	8594.0
1364	8602.0
1365	8541.0
1366	8670.0
1367	8636.0
1368	8566.0
1369	8575.0
1370	8676.0
1371	8670.0
1372	8656.0
1373	8680.0
1374	8696.0
1375	8706.0
1376	8644.0
1377	8628.0
1378	8530.0
1379	8537.0
1380	8598.0
1381	8515.0
1382	8490.0
1383	8449.0
1384	8499.0
1385	8594.0
1386	8594.0
1387	8593.0
1388	8555.0
1389	8582.0
1390	8586.0
1391	8612.0
1392	8523.0
1393	8554.0
1394	8515.0
1395	8556.0
1396	8505.0
1397	8473.0
1398	8514.0
1399	8503.0
1400	8512.0
1401	8539.0
1402	8578.0
1403	8596.0
1404	8589.0
1405	8527.0
1406	8612.0
1407	8616.0
1408	8641.0
1409	8609.0
1410	8477.0
1411	8544.0
1412	8562.0
1413	8545.0
1414	8549.0
1415	8583.0
1416	8507.0
1417	8545.0
1418	8509.0
1419	8570.0
1420	8583.0
1421	8506.0
1422	8518.0
1423	8533.0
1424	8473.0
1425	8536.0
1426	8532.0
1427	8551.0
1428	8577.0
1429	8617.0
1430	8502.0
1431	8530.0
1432	8540.0
1433	8556.0
1434	8523.0
1435	8628.0
1436	8524.0
1437	8596.0
1438	8622.0
1439	8567.0
1440	8622.0
1441	8552.0
1442	8630.0
1443	8568.0
1444	8639.0
1445	8579.0
1446	8531.0
1447	8561.0
1448	8546.0
1449	8572.0
1450	8585.0
1451	8572.0
1452	8593.0
1453	8640.0
1454	8531.0
1455	8532.0
1456	8572.0
1457	8586.0
1458	8624.0
1459	8556.0
1460	8587.0
1461	8497.0
1462	8539.0
1463	8565.0
1464	8571.0
1465	8520.0
1466	8542.0
1467	8586.0
1468	8543.0
1469	8543.0
1470	8623.0
1471	8560.0
1472	8497.0
1473	8566.0
1474	8626.0
1475	8626.0
1476	8609.0
1477	8567.0
1478	8564.0
1479	8510.0
1480	8552.0
1481	8574.0
1482	8489.0
1483	8448.0
1484	8508.0
1485	8504.0
1486	8512.0
1487	8576.0
1488	8590.0
1489	8540.0
1490	8587.0
1491	8657.0
1492	8565.0
1493	8644.0
1494	8604.0
1495	8597.0
1496	8555.0
1497	8580.0
1498	8555.0
1499	8528.0
1500	8522.0
1501	8596.0
1502	8700.0
1503	8650.0
1504	8669.0
1505	8649.0
1506	8610.0
1507	8707.0
1508	8654.0
1509	8587.0
1510	8571.0
1511	8661.0
1512	8663.0
1513	8588.0
1514	8556.0
1515	8523.0
1516	8484.0
1517	8458.0
1518	8580.0
1519	8594.0
1520	8606.0
1521	8517.0
1522	8552.0
1523	8535.0
1524	8482.0
1525	8522.0
1526	8569.0
1527	8678.0
1528	8621.0
1529	8544.0
1530	8509.0
1531	8549.0
1532	8568.0
1533	8513.0
1534	8593.0
1535	8611.0
1536	8520.0
1537	8570.0
1538	8570.0
1539	8604.0
1540	8649.0
1541	8567.0
1542	8618.0
1543	8581.0
1544	8527.0
1545	8515.0
1546	8485.0
1547	8526.0
1548	8566.0
1549	8573.0
1550	8525.0
1551	8567.0
1552	8572.0
1553	8559.0
1554	8652.0
1555	8672.0
1556	8683.0
1557	8541.0
1558	8553.0
1559	8564.0
1560	8601.0
1561	8606.0
1562	8713.0
1563	8716.0
1564	8677.0
1565	8674.0
1566	8710.0
1567	8733.0
1568	8778.0
1569	8682.0
1570	8665.0
1571	8745.0
1572	8604.0
1573	8622.0
1574	8644.0
1575	8642.0
1576	8557.0
1577	8639.0
1578	8593.0
1579	8562.0
1580	8573.0
1581	8546.0
1582	8536.0
1583	8486.0
1584	8548.0
1585	8515.0
1586	8472.0
1587	8569.0
1588	8567.0
1589	8580.0
1590	8612.0
1591	8609.0
1592	8563.0
1593	8621.0
1594	8575.0
1595	8514.0
1596	8495.0
1597	8574.0
1598	8495.0
1599	8523.0
1600	8543.0
1601	8525.0
1602	8553.0
1603	8569.0
1604	8563.0
1605	8541.0
1606	8594.0
1607	8516.0
1608	8543.0
1609	8577.0
1610	8696.0
1611	8677.0
1612	8631.0
1613	8598.0
1614	8625.0
1615	8605.0
1616	8552.0
1617	8549.0
1618	8540.0
1619	8589.0
1620	8488.0
1621	8503.0
1622	8541.0
1623	8552.0
1624	8590.0
1625	8617.0
1626	8611.0
1627	8573.0
1628	8559.0
1629	8554.0
1630	8498.0
1631	8607.0
1632	8588.0
1633	8484.0
1634	8493.0
1635	8543.0
1636	8555.0
1637	8573.0
1638	8563.0
1639	8548.0
1640	8583.0
1641	8550.0
1642	8587.0
1643	8674.0
1644	8617.0
1645	8583.0
1646	8611.0
1647	8623.0
1648	8507.0
1649	8629.0
1650	8598.0
1651	8551.0
1652	8557.0
1653	8581.0
1654	8560.0
1655	8573.0
1656	8603.0
1657	8659.0
1658	8656.0
1659	8643.0
1660	8589.0
1661	8653.0
1662	8659.0
1663	8626.0
1664	8508.0
1665	8574.0
1666	8584.0
1667	8560.0
1668	8612.0
1669	8557.0
1670	8496.0
1671	8489.0
1672	8528.0
1673	8554.0
1674	8524.0
1675	8515.0
1676	8522.0
1677	8504.0
1678	8602.0
1679	8649.0
1680	8641.0
1681	8569.0
1682	8653.0
1683	8661.0
1684	8604.0
1685	8596.0
1686	8612.0
1687	8586.0
1688	8557.0
1689	8548.0
1690	8494.0
1691	8538.0
1692	8622.0
1693	8661.0
1694	8623.0
1695	8647.0
1696	8632.0
1697	8541.0
1698	8494.0
1699	8590.0
1700	8578.0
1701	8667.0
1702	8575.0
1703	8556.0
1704	8607.0
1705	8604.0
1706	8632.0
1707	8576.0
1708	8637.0
1709	8589.0
1710	8591.0
1711	8638.0
1712	8588.0
1713	8559.0
1714	8708.0
1715	8573.0
1716	8586.0
1717	8648.0
1718	8559.0
1719	8560.0
1720	8619.0
1721	8622.0
1722	8646.0
1723	8661.0
1724	8664.0
1725	8706.0
1726	8651.0
1727	8509.0
1728	8625.0
1729	8645.0
1730	8641.0
1731	8638.0
1732	8689.0
1733	8597.0
1734	8541.0
1735	8533.0
1736	8607.0
1737	8674.0
1738	8661.0
1739	8624.0
1740	8647.0
1741	8658.0
1742	8706.0
1743	8714.0
1744	8679.0
1745	8646.0
1746	8683.0
1747	8620.0
1748	8584.0
1749	8633.0
1750	8485.0
1751	8480.0
1752	8490.0
1753	8607.0
1754	8617.0
1755	8677.0
1756	8702.0
1757	8562.0
1758	8598.0
1759	8654.0
1760	8630.0
1761	8636.0
1762	8624.0
1763	8665.0
1764	8593.0
1765	8484.0
1766	8513.0
1767	8584.0
1768	8576.0
1769	8593.0
1770	8488.0
1771	8553.0
1772	8543.0
1773	8629.0
1774	8651.0
1775	8597.0
1776	8542.0
1777	8547.0
1778	8518.0
1779	8538.0
1780	8498.0
1781	8531.0
1782	8602.0
1783	8612.0
1784	8654.0
1785	8649.0
1786	8700.0
1787	8649.0
1788	8590.0
1789	8592.0
1790	8567.0
1791	8565.0
1792	8602.0
1793	8562.0
1794	8524.0
1795	8526.0
1796	8560.0
1797	8612.0
1798	8473.0
1799	8471.0
1800	8545.0
1801	8542.0
1802	8528.0
1803	8550.0
1804	8493.0
1805	8509.0
1806	8548.0
1807	8596.0
1808	8575.0
1809	8524.0
1810	8552.0
1811	8546.0
1812	8590.0
1813	8637.0
1814	8627.0
1815	8537.0
1816	8501.0
1817	8598.0
1818	8552.0
1819	8512.0
1820	8530.0
1821	8573.0
1822	8616.0
1823	8515.0
1824	8531.0
1825	8462.0
1826	8463.0
1827	8455.0
1828	8493.0
1829	8449.0
1830	8522.0
1831	8569.0
1832	8591.0
1833	8646.0
1834	8638.0
1835	8705.0
1836	8694.0
1837	8695.0
1838	8679.0
1839	8626.0
1840	8644.0
1841	8752.0
1842	8663.0
1843	8612.0
1844	8593.0
1845	8619.0
1846	8656.0
1847	8702.0
1848	8733.0
1849	8666.0
1850	8740.0
1851	8769.0
1852	8848.0
1853	8831.0
1854	8779.0
1855	8735.0
1856	8693.0
1857	8783.0
1858	8713.0
1859	8612.0
1860	8594.0
1861	8641.0
1862	8554.0
1863	8628.0
1864	8540.0
1865	8483.0
1866	8619.0
1867	8624.0
1868	8609.0
1869	8638.0
1870	8622.0
1871	8588.0
1872	8636.0
1873	8696.0
1874	8731.0
1875	8735.0
1876	8692.0
1877	8563.0
1878	8689.0
1879	8716.0
1880	8698.0
1881	8708.0
1882	8767.0
1883	8668.0
1884	8592.0
1885	8471.0
1886	8410.0
1887	8441.0
1888	8418.0
1889	8438.0
1890	8488.0
1891	8476.0
1892	8516.0
1893	8548.0
1894	8464.0
1895	8421.0
1896	8492.0
1897	8464.0
1898	8452.0
1899	8526.0
1900	8455.0
1901	8428.0
1902	8551.0
1903	8585.0
1904	8623.0
1905	8631.0
1906	8638.0
1907	8535.0
1908	8609.0
1909	8600.0
1910	8589.0
1911	8547.0
1912	8492.0
1913	8429.0
1914	8540.0
1915	8571.0
1916	8592.0
1917	8550.0
1918	8718.0
1919	8672.0
1920	8715.0
1921	8618.0
1922	8641.0
1923	8718.0
1924	8651.0
1925	8556.0
1926	8620.0
1927	8661.0
1928	8696.0
1929	8689.0
1930	8667.0
1931	8596.0
1932	8597.0
1933	8635.0
1934	8605.0
1935	8602.0
1936	8555.0
1937	8543.0
1938	8568.0
1939	8564.0
1940	8584.0
1941	8502.0
1942	8621.0
1943	8555.0
1944	8608.0
1945	8599.0
1946	8537.0
1947	8555.0
1948	8579.0
1949	8520.0
1950	8607.0
1951	8611.0
1952	8449.0
1953	8600.0
1954	8570.0
1955	8606.0
1956	8689.0
1957	8600.0
1958	8588.0
1959	8606.0
1960	8689.0
1961	8627.0
1962	8536.0
1963	8561.0
1964	8564.0
1965	8498.0
1966	8558.0
1967	8492.0
1968	8520.0
1969	8496.0
1970	8479.0
1971	8498.0
1972	8535.0
1973	8555.0
1974	8527.0
1975	8628.0
1976	8492.0
1977	8463.0
1978	8520.0
1979	8503.0
1980	8609.0
1981	8637.0
1982	8603.0
1983	8588.0
1984	8572.0
1985	8634.0
1986	8672.0
1987	8592.0
1988	8631.0
1989	8570.0
1990	8520.0
1991	8620.0
1992	8467.0
1993	8473.0
1994	8524.0
1995	8552.0
1996	8562.0
1997	8544.0
1998	8668.0
1999	8702.0
2000	8607.0
2001	8680.0
2002	8662.0
2003	8690.0
2004	8691.0
2005	8719.0
2006	8726.0
2007	8747.0
2008	8703.0
2009	8726.0
2010	8747.0
2011	8723.0
2012	8639.0
2013	8626.0
2014	8609.0
2015	8641.0
2016	8657.0
2017	8606.0
2018	8556.0
2019	8594.0
2020	8570.0
2021	8583.0
2022	8531.0
2023	8557.0
2024	8574.0
2025	8640.0
2026	8582.0
2027	8530.0
2028	8601.0
2029	8678.0
2030	8665.0
2031	8563.0
2032	8730.0
2033	8656.0
2034	8592.0
2035	8546.0
2036	8608.0
2037	8572.0
2038	8702.0
2039	8672.0
2040	8605.0
2041	8536.0
2042	8460.0
2043	8544.0
2044	8458.0
2045	8550.0
2046	8556.0
2047	8533.0
2048	8601.0
2049	8604.0
2050	8564.0
2051	8565.0
2052	8669.0
2053	8655.0
2054	8599.0
2055	8624.0
2056	8631.0
2057	8637.0
2058	8586.0
2059	8531.0
2060	8530.0
2061	8523.0
2062	8542.0
2063	8482.0
2064	8466.0
2065	8572.0
2066	8591.0
2067	8611.0
2068	8603.0
2069	8675.0
2070	8612.0
2071	8606.0
2072	8604.0
2073	8537.0
2074	8629.0
2075	8665.0
2076	8729.0
2077	8568.0
2078	8556.0
2079	8543.0
2080	8664.0
2081	8627.0
2082	8613.0
2083	8648.0
2084	8564.0
2085	8610.0
2086	8689.0
2087	8652.0
2088	8635.0
2089	8676.0
2090	8641.0
2091	8553.0
2092	8586.0
2093	8563.0
2094	8546.0
2095	8578.0
2096	8700.0
2097	8714.0
2098	8647.0
2099	8617.0
2100	8713.0
2101	8721.0
2102	8644.0
2103	8697.0
2104	8659.0
2105	8570.0
2106	8570.0
2107	8554.0
2108	8630.0
2109	8584.0
2110	8643.0
2111	8519.0
2112	8586.0
2113	8576.0
2114	8612.0
2115	8592.0
2116	8548.0
2117	8581.0
2118	8585.0
2119	8535.0
2120	8588.0
2121	8570.0
2122	8496.0
2123	8461.0
2124	8502.0
2125	8593.0
2126	8570.0
2127	8530.0
2128	8618.0
2129	8599.0
2130	8570.0
2131	8604.0
2132	8585.0
2133	8593.0
2134	8555.0
2135	8532.0
2136	8534.0
2137	8618.0
2138	8634.0
2139	8638.0
2140	8764.0
2141	8724.0
2142	8642.0
2143	8600.0
2144	8639.0
2145	8583.0
2146	8619.0
2147	8642.0
2148	8609.0
2149	8649.0
2150	8615.0
2151	8630.0
2152	8568.0
2153	8608.0
2154	8525.0
2155	8521.0
2156	8503.0
2157	8541.0
2158	8552.0
2159	8510.0
2160	8469.0
2161	8491.0
2162	8591.0
2163	8553.0
2164	8576.0
2165	8690.0
2166	8624.0
2167	8631.0
2168	8604.0
2169	8626.0
2170	8735.0
2171	8697.0
2172	8771.0
2173	8650.0
2174	8637.0
2175	8679.0
2176	8696.0
2177	8702.0
2178	8724.0
2179	8650.0
2180	8560.0
2181	8602.0
2182	8695.0
2183	8725.0
2184	8693.0
2185	8745.0
2186	8653.0
2187	8658.0
2188	8562.0
2189	8584.0
2190	8673.0
2191	8725.0
2192	8729.0
2193	8716.0
2194	8695.0
2195	8742.0
2196	8728.0
2197	8743.0
2198	8679.0
2199	8682.0
2200	8663.0
2201	8622.0
2202	8578.0
2203	8517.0
2204	8584.0
2205	8544.0
2206	8568.0
2207	8619.0
2208	8610.0
2209	8564.0
2210	8668.0
2211	8720.0
2212	8710.0
2213	8643.0
2214	8658.0
2215	8635.0
2216	8613.0
2217	8659.0
2218	8634.0
2219	8595.0
2220	8580.0
2221	8634.0
2222	8624.0
2223	8597.0
2224	8595.0
2225	8568.0
2226	8598.0
2227	8625.0
2228	8515.0
2229	8549.0
2230	8541.0
2231	8589.0
2232	8604.0
2233	8528.0
2234	8508.0
2235	8529.0
2236	8487.0
2237	8550.0
2238	8608.0
2239	8584.0
2240	8626.0
2241	8512.0
2242	8496.0
2243	8591.0
2244	8492.0
2245	8583.0
2246	8522.0
2247	8557.0
2248	8522.0
2249	8545.0
2250	8556.0
2251	8590.0
2252	8588.0
2253	8610.0
2254	8632.0
2255	8609.0
2256	8617.0
2257	8597.0
2258	8483.0
2259	8536.0
2260	8494.0
2261	8499.0
2262	8461.0
2263	8489.0
2264	8493.0
2265	8468.0
2266	8529.0
2267	8507.0
2268	8527.0
2269	8550.0
2270	8588.0
2271	8523.0
2272	8499.0
2273	8582.0
2274	8533.0
2275	8522.0
2276	8551.0
2277	8495.0
2278	8627.0
2279	8599.0
2280	8570.0
2281	8521.0
2282	8514.0
2283	8587.0
2284	8507.0
2285	8529.0
2286	8520.0
2287	8566.0
2288	8522.0
2289	8496.0
2290	8447.0
2291	8623.0
2292	8532.0
2293	8540.0
2294	8566.0
2295	8595.0
2296	8570.0
2297	8598.0
2298	8647.0
2299	8653.0
2300	8536.0
2301	8538.0
2302	8470.0
2303	8469.0
2304	8551.0
2305	8551.0
2306	8567.0
2307	8592.0
2308	8600.0
2309	8547.0
2310	8569.0
2311	8580.0
2312	8584.0
2313	8602.0
2314	8610.0
2315	8602.0
2316	8745.0
2317	8639.0
2318	8671.0
2319	8649.0
2320	8636.0
2321	8739.0
2322	8708.0
2323	8790.0
2324	8674.0
2325	8726.0
2326	8663.0
2327	8648.0
2328	8574.0
2329	8560.0
2330	8542.0
2331	8662.0
2332	8628.0
2333	8625.0
2334	8644.0
2335	8615.0
2336	8560.0
2337	8561.0
2338	8581.0
2339	8536.0
2340	8516.0
2341	8532.0
2342	8569.0
2343	8542.0
2344	8604.0
2345	8604.0
2346	8544.0
2347	8563.0
2348	8505.0
2349	8556.0
2350	8562.0
2351	8518.0
2352	8453.0
2353	8491.0
2354	8425.0
2355	8471.0
2356	8518.0
2357	8554.0
2358	8532.0
2359	8601.0
2360	8559.0
2361	8527.0
2362	8565.0
2363	8525.0
2364	8530.0
2365	8627.0
2366	8555.0
2367	8574.0
2368	8642.0
2369	8551.0
2370	8557.0
2371	8611.0
2372	8543.0
2373	8562.0
2374	8540.0
2375	8564.0
2376	8588.0
2377	8576.0
2378	8613.0
2379	8547.0
2380	8545.0
2381	8575.0
2382	8587.0
2383	8603.0
2384	8609.0
2385	8513.0
2386	8535.0
2387	8542.0
2388	8557.0
2389	8600.0
2390	8650.0
2391	8526.0
2392	8539.0
2393	8515.0
2394	8469.0
2395	8465.0
2396	8467.0
2397	8467.0
2398	8520.0
2399	8508.0
2400	8469.0
2401	8488.0
2402	8495.0
2403	8500.0
2404	8489.0
2405	8510.0
2406	8538.0
2407	8595.0
2408	8505.0
2409	8499.0
2410	8491.0
2411	8531.0
2412	8467.0
2413	8572.0
2414	8595.0
2415	8630.0
2416	8597.0
2417	8558.0
2418	8596.0
2419	8635.0
2420	8569.0
2421	8604.0
2422	8565.0
2423	8613.0
2424	8630.0
2425	8689.0
2426	8603.0
2427	8619.0
2428	8581.0
2429	8547.0
2430	8638.0
2431	8646.0
2432	8536.0
2433	8537.0
2434	8609.0
2435	8542.0
2436	8494.0
2437	8413.0
2438	8498.0
2439	8510.0
2440	8486.0
2441	8515.0
2442	8572.0
2443	8503.0
2444	8342.0
2445	8406.0
2446	8383.0
2447	8373.0
2448	8429.0
2449	8550.0
2450	8556.0
2451	8565.0
2452	8467.0
2453	8393.0
2454	8477.0
2455	8523.0
2456	8533.0
2457	8550.0
2458	8635.0
2459	8560.0
2460	8570.0
2461	8600.0
2462	8623.0
2463	8580.0
2464	8566.0
2465	8522.0
2466	8534.0
2467	8501.0
2468	8508.0
2469	8471.0
2470	8529.0
2471	8522.0
2472	8470.0
2473	8515.0
2474	8434.0
2475	8392.0
2476	8417.0
2477	8506.0
2478	8491.0
2479	8499.0
2480	8456.0
2481	8447.0
2482	8427.0
2483	8506.0
2484	8465.0
2485	8567.0
2486	8571.0
2487	8523.0
2488	8575.0
2489	8510.0
2490	8665.0
2491	8599.0
2492	8601.0
2493	8537.0
2494	8526.0
2495	8562.0
2496	8509.0
2497	8565.0
2498	8546.0
2499	8605.0
2500	8561.0
2501	8548.0
2502	8523.0
2503	8578.0
2504	8497.0
2505	8495.0
2506	8539.0
2507	8516.0
2508	8557.0
2509	8626.0
2510	8509.0
2511	8473.0
2512	8627.0
2513	8520.0
2514	8495.0
2515	8500.0
2516	8497.0
2517	8524.0
2518	8528.0
2519	8514.0
2520	8579.0
2521	8611.0
2522	8478.0
2523	8525.0
2524	8629.0
2525	8589.0
2526	8602.0
2527	8597.0
2528	8488.0
2529	8515.0
2530	8617.0
2531	8534.0
2532	8533.0
2533	8522.0
2534	8529.0
2535	8542.0
2536	8558.0
2537	8472.0
2538	8480.0
2539	8501.0
2540	8545.0
2541	8579.0
2542	8560.0
2543	8556.0
2544	8560.0
2545	8542.0
2546	8568.0
2547	8594.0
2548	8600.0
2549	8610.0
2550	8659.0
2551	8629.0
2552	8572.0
2553	8628.0
2554	8508.0
2555	8580.0
2556	8617.0
2557	8589.0
2558	8561.0
2559	8502.0
2560	8502.0
2561	8508.0
2562	8531.0
2563	8511.0
2564	8585.0
2565	8580.0
2566	8522.0
2567	8634.0
2568	8619.0
2569	8588.0
2570	8643.0
2571	8696.0
2572	8665.0
2573	8637.0
2574	8629.0
2575	8636.0
2576	8644.0
2577	8676.0
2578	8566.0
2579	8575.0
2580	8602.0
2581	8524.0
2582	8538.0
2583	8535.0
2584	8574.0
2585	8583.0
2586	8581.0
2587	8668.0
2588	8676.0
2589	8558.0
2590	8610.0
2591	8527.0
2592	8603.0
2593	8573.0
2594	8555.0
2595	8521.0
2596	8484.0
2597	8588.0
2598	8580.0
2599	8570.0
2600	8574.0
2601	8599.0
2602	8599.0
2603	8739.0
2604	8751.0
2605	8685.0
2606	8662.0
2607	8652.0
2608	8585.0
2609	8571.0
2610	8559.0
2611	8541.0
2612	8522.0
2613	8500.0
2614	8555.0
2615	8559.0
2616	8630.0
2617	8611.0
2618	8537.0
2619	8561.0
2620	8569.0
2621	8666.0
2622	8617.0
2623	8565.0
2624	8668.0
2625	8610.0
2626	8569.0
2627	8604.0
2628	8614.0
2629	8443.0
2630	8524.0
2631	8546.0
2632	8566.0
2633	8580.0
2634	8652.0
2635	8649.0
2636	8583.0
2637	8483.0
2638	8405.0
2639	8498.0
2640	8409.0
2641	8453.0
2642	8502.0
2643	8545.0
2644	8530.0
2645	8519.0
2646	8552.0
2647	8551.0
2648	8549.0
2649	8591.0
2650	8689.0
2651	8580.0
2652	8473.0
2653	8528.0
2654	8599.0
2655	8610.0
2656	8528.0
2657	8503.0
2658	8593.0
2659	8590.0
2660	8527.0
2661	8655.0
2662	8697.0
2663	8584.0
2664	8565.0
2665	8549.0
2666	8603.0
2667	8638.0
2668	8521.0
2669	8606.0
2670	8654.0
2671	8649.0
2672	8765.0
2673	8647.0
2674	8678.0
2675	8647.0
2676	8650.0
2677	8625.0
2678	8573.0
2679	8541.0
2680	8559.0
2681	8586.0
2682	8596.0
2683	8528.0
2684	8547.0
2685	8614.0
2686	8659.0
2687	8653.0
2688	8693.0
2689	8612.0
2690	8647.0
2691	8621.0
2692	8601.0
2693	8524.0
2694	8463.0
2695	8574.0
2696	8630.0
2697	8718.0
2698	8700.0
2699	8634.0
2700	8662.0
2701	8709.0
2702	8676.0
2703	8667.0
2704	8683.0
2705	8662.0
2706	8569.0
2707	8577.0
2708	8590.0
2709	8675.0
2710	8526.0
2711	8531.0
2712	8633.0
2713	8616.0
2714	8676.0
2715	8664.0
2716	8636.0
2717	8674.0
2718	8720.0
2719	8676.0
2720	8721.0
2721	8735.0
2722	8689.0
2723	8652.0
2724	8676.0
2725	8614.0
2726	8680.0
2727	8663.0
2728	8659.0
2729	8689.0
2730	8592.0
2731	8569.0
2732	8573.0
2733	8561.0
2734	8521.0
2735	8589.0
2736	8573.0
2737	8511.0
2738	8534.0
2739	8539.0
2740	8562.0
2741	8570.0
2742	8523.0
2743	8476.0
2744	8502.0
2745	8512.0
2746	8521.0
2747	8522.0
2748	8561.0
2749	8526.0
2750	8534.0
2751	8559.0
2752	8465.0
2753	8585.0
2754	8482.0
2755	8533.0
2756	8602.0
2757	8585.0
2758	8602.0
2759	8611.0
2760	8591.0
2761	8578.0
2762	8611.0
2763	8602.0
2764	8612.0
2765	8599.0
2766	8512.0
2767	8479.0
2768	8529.0
2769	8464.0
2770	8506.0
2771	8579.0
2772	8546.0
2773	8590.0
2774	8546.0
2775	8545.0
2776	8577.0
2777	8565.0
2778	8440.0
2779	8545.0
2780	8468.0
2781	8530.0
2782	8671.0
2783	8494.0
2784	8484.0
2785	8514.0
2786	8541.0
2787	8519.0
2788	8462.0
2789	8490.0
2790	8526.0
2791	8588.0
2792	8534.0
2793	8545.0
2794	8517.0
2795	8518.0
2796	8556.0
2797	8467.0
2798	8518.0
2799	8628.0
2800	8712.0
2801	8680.0
2802	8642.0
2803	8633.0
2804	8612.0
2805	8604.0
2806	8532.0
2807	8518.0
2808	8396.0
2809	8463.0
2810	8444.0
2811	8472.0
2812	8511.0
2813	8601.0
2814	8541.0
2815	8541.0
2816	8578.0
2817	8558.0
2818	8654.0
2819	8562.0
2820	8516.0
2821	8595.0
2822	8716.0
2823	8692.0
2824	8728.0
2825	8651.0
2826	8596.0
2827	8651.0
2828	8702.0
2829	8661.0
2830	8656.0
2831	8648.0
2832	8663.0
2833	8634.0
2834	8637.0
2835	8543.0
2836	8550.0
2837	8530.0
2838	8540.0
2839	8598.0
2840	8625.0
2841	8580.0
2842	8581.0
2843	8588.0
2844	8516.0
2845	8511.0
2846	8588.0
2847	8565.0
2848	8591.0
2849	8551.0
2850	8572.0
2851	8606.0
2852	8602.0
2853	8592.0
2854	8568.0
2855	8480.0
2856	8594.0
2857	8539.0
2858	8557.0
2859	8567.0
2860	8606.0
2861	8567.0
2862	8638.0
2863	8599.0
2864	8652.0
2865	8623.0
2866	8561.0
2867	8649.0
2868	8641.0
2869	8680.0
2870	8663.0
2871	8674.0
2872	8631.0
2873	8758.0
2874	8715.0
2875	8609.0
2876	8641.0
2877	8699.0
2878	8621.0
2879	8530.0
2880	8667.0
2881	8548.0
2882	8676.0
2883	8673.0
2884	8586.0
2885	8591.0
2886	8697.0
2887	8703.0
2888	8664.0
2889	8627.0
2890	8642.0
2891	8660.0
2892	8579.0
2893	8652.0
2894	8678.0
2895	8658.0
2896	8539.0
2897	8640.0
2898	8605.0
2899	8564.0
2900	8567.0
2901	8547.0
2902	8546.0
2903	8523.0
2904	8525.0
2905	8572.0
2906	8728.0
2907	8640.0
2908	8596.0
2909	8570.0
2910	8545.0
2911	8538.0
2912	8613.0
2913	8608.0
2914	8658.0
2915	8660.0
2916	8607.0
2917	8602.0
2918	8565.0
2919	8488.0
2920	8573.0
2921	8605.0
2922	8586.0
2923	8485.0
2924	8511.0
2925	8481.0
2926	8543.0
2927	8510.0
2928	8517.0
2929	8587.0
2930	8521.0
2931	8543.0
2932	8592.0
2933	8553.0
2934	8525.0
2935	8571.0
2936	8591.0
2937	8682.0
2938	8613.0
2939	8547.0
2940	8629.0
2941	8603.0
2942	8658.0
2943	8661.0
2944	8697.0
2945	8683.0
2946	8759.0
2947	8741.0
2948	8702.0
2949	8729.0
2950	8692.0
2951	8683.0
2952	8630.0
2953	8631.0
2954	8534.0
2955	8659.0
2956	8658.0
2957	8516.0
2958	8615.0
2959	8617.0
2960	8734.0
2961	8663.0
2962	8677.0
2963	8581.0
2964	8589.0
2965	8598.0
2966	8623.0
2967	8550.0
2968	8570.0
2969	8616.0
2970	8678.0
2971	8591.0
2972	8662.0
2973	8677.0
2974	8634.0
2975	8704.0
2976	8679.0
2977	8745.0
2978	8735.0
2979	8632.0
2980	8624.0
2981	8570.0
2982	8669.0
2983	8617.0
2984	8631.0
2985	8602.0
2986	8579.0
2987	8597.0
2988	8608.0
2989	8582.0
2990	8590.0
2991	8627.0
2992	8631.0
2993	8567.0
2994	8534.0
2995	8560.0
2996	8553.0
2997	8591.0
2998	8565.0
2999	8637.0
3000	8713.0
1001	5.058
1002	-36.13
1003	8.818
1004	28.24
1005	24.78
1006	-5.541
1007	-21.23
1008	15.08
1009	0.7123
1010	14.53
1011	-0.7914
1012	-59.46
1013	-32.5
1014	-11.24
1015	14.49
1016	42.04
1017	-0.8622
1018	-2.415
1019	17.63
1020	0.4557
1021	13.36
1022	-1.823
1023	-22.99
1024	4.893
1025	30.45
1026	-1.517
1027	22.05
1028	9.344
1029	-22.18
1030	-4.1
1031	-17.41
1032	-15.15
1033	12.19
1034	-10.97
1035	-1.807
1036	-47.02
1037	-15.91
1038	32.27
1039	-15.48
1040	-26.1
1041	19.5
1042	-39.74
1043	-13.84
1044	-5.711
1045	-17.08
1046	-9.654
1047	-0.8216
1048	-25.69
1049	-7.937
1050	-50.12
1051	35.98
1052	0.2243
1053	13.74
1054	5.369
1055	2.971
1056	-15.94
1057	-41.92
1058	-16.8
1059	24.35
1060	18.02
1061	-5.902
1062	-6.446
1063	-61.34
1064	-26.32
1065	28.93
1066	21.58
1067	-15.41
1068	-59.28
1069	32.46
1070	-8.407
1071	3.674
1072	9.742
1073	-18.5
1074	-18.27
1075	-12.27
1076	-2.44
1077	14.64
1078	5.672
1079	-17.53
1080	35.49
1081	-27.07
1082	3.866
1083	-6.206
1084	50.04
1085	15.25
1086	-34.97
1087	0.03157
1088	-21.64
1089	9.373
1090	10.04
1091	14.8
1092	-8.041
1093	20.0
1094	13.51
1095	4.408
1096	5.118
1097	13.32
1098	4.139
1099	-28.11
1100	-8.331
1101	13.08
1102	1.912
1103	14.17
1104	-31.86
1105	-34.51
1106	-21.88
1107	-11.25
1108	37.02
1109	-18.36
1110	-66.34
1111	-12.3
1112	10.62
1113	-70.49
1114	20.89
1115	28.02
1116	18.39
1117	23.48
1118	-0.6318
1119	-51.86
1120	-29.18
1121	4.475
1122	-30.38
1123	-26.21
1124	-28.82
1125	7.271
1126	-21.28
1127	-6.242
1128	-45.33
1129	-12.59
1130	15.3
1131	-48.72
1132	-3.965
1133	-8.678
1134	-21.98
1135	31.2
1136	56.5
1137	-1.4
1138	9.187
1139	1.322
1140	17.19
1141	5.967
1142	17.77
1143	-2.709
1144	-11.02
1145	14.3
1146	-39.53
1147	1.257
1148	-21.59
1149	4.098
1150	-13.66
1151	38.24
1152	7.087
1153	-2.028
1154	13.97
1155	10.3
1156	-17.9
1157	-15.7
1158	9.53
1159	-30.72
1160	17.2
1161	1.676
1162	10.06
1163	26.83
1164	-9.249
1165	-17.06
1166	-8.714
1167	-5.351
1168	-6.023
1169	-4.768
1170	13.13
1171	-6.711
1172	10.33
1173	21.66
1174	-26.71
1175	-13.19
1176	4.5
1177	11.18
1178	-25.71
1179	32.48
1180	-4.812
1181	-16.27
1182	-7.273
1183	-22.31
1184	-6.05
1185	9.538
1186	34.71
1187	3.757
1188	-8.211
1189	47.29
1190	14.93
1191	30.96
1192	26.52
1193	0.4769
1194	12.23
1195	4.426
1196	-6.407
1197	-13.63
1198	26.33
1199	18.06
1200	10.15
1201	3.778
1202	6.407
1203	29.82
1204	26.8
1205	-23.65
1206	-19.06
1207	-1.195
1208	-1.89
1209	34.96
1210	-54.93
1211	-6.93
1212	21.89
1213	-20.1
1214	33.51
1215	8.811
1216	15.15
1217	-15.42
1218	16.81
1219	-54.77
1220	-29.84
1221	-22.65
1222	-30.76
1223	-13.73
1224	-10.88
1225	-46.3
1226	13.75
1227	10.26
1228	2.112
1229	-34.3
1230	4.296
1231	17.45
1232	34.18
1233	-28.45
1234	-6.998
1235	21.99
1236	8.161
1237	48.46
1238	28.33
1239	-12.89
1240	-2.984
1241	-12.0
1242	23.65
1243	11.28
1244	-3.953
1245	-35.17
1246	7.361
1247	-14.08
1248	3.939
1249	-6.187
1250	-3.135
1251	-23.68
1252	-33.0
1253	-7.413
1254	-2.265
1255	-4.76
1256	32.75
1257	-23.9
1258	-23.44
1259	-28.51
1260	-4.814
1261	-48.15
1262	-1.237
1263	-10.12
1264	-11.48
1265	1.572
1266	10.19
1267	-17.76
1268	31.75
1269	-9.042
1270	23.68
1271	-14.28
1272	4.621
1273	31.5
1274	4.725
1275	-13.03
1276	7.158
1277	-6.487
1278	4.549
1279	13.13
1280	28.11
1281	25.18
1282	24.48
1283	14.35
1284	-0.1864
1285	-5.076
1286	6.031
1287	-21.05
1288	28.79
1289	-4.989
1290	-6.817
1291	10.43
1292	-4.328
1293	22.46
1294	9.886
1295	-15.19
1296	-33.21
1297	-23.32
1298	-76.97
1299	-5.935
1300	23.73
1301	-7.202
1302	-2.481
1303	8.104
1304	-6.741
1305	-7.129
1306	-4.068
1307	16.84
1308	16.85
1309	-8.9
1310	20.91
1311	-7.622
1312	11.04
1313	-3.982
1314	-32.65
1315	-50.81
1316	-26.17
1317	-14.01
1318	5.581
1319	2.823
1320	-28.34
1321	3.946
1322	-21.11
1323	23.99
1324	3.649
1325	25.11
1326	23.57
1327	7.157
1328	-31.9
1329	15.43
1330	23.05
1331	46.63
1332	1.227
1333	-15.92
1334	9.618
1335	28.01
1336	26.41
1337	5.452
1338	8.686
1339	16.63
1340	-10.97
1341	-2.215
1342	2.958
1343	19.8
1344	-1.813
1345	-29.06
1346	-4.989
1347	24.48
1348	-32.14
1349	-1.917
1350	-4.7
1351	26.96
1352	22.21
1353	23.07
1354	10.12
1355	-4.017
1356	4.717
1357	-36.15
1358	-10.83
1359	14.9
1360	9.568
1361	13.16
1362	-1.283
1363	-22.36
1364	6.729
1365	5.665
1366	-32.67
1367	-2.081
1368	19.47
1369	9.343
1370	10.97
1371	0.2828
1372	-7.707
1373	-2.475
1374	8.746
1375	20.63
1376	-22.07
1377	24.14
1378	-9.779
1379	35.71
1380	-6.691
1381	3.034
1382	26.98
1383	13.71
1384	27.32
1385	24.94
1386	25.4
1387	-35.12
1388	28.52
1389	-5.435
1390	-8.67
1391	25.15
1392	36.76
1393	3.982
1394	-4.366
1395	-16.1
1396	6.289
1397	8.57
1398	-7.313
1399	2.575
1400	-2.117
1401	-10.35
1402	57.52
1403	-12.35
1404	-17.62
1405	6.319
1406	6.141
1407	2.55
1408	-1.988
1409	-14.72
1410	-27.5
1411	3.279
1412	-20.63
1413	24.3
1414	-26.38
1415	-18.2
1416	12.9
1417	-8.397
1418	7.404
1419	10.86
1420	-15.04
1421	-6.424
1422	-3.891
1423	9.435
1424	4.105
1425	2.661
1426	5.424
1427	-5.985
1428	-6.995
1429	-33.22
1430	7.523
1431	17.14
1432	-0.1607
1433	29.02
1434	1.2
1435	2.272
1436	1.054
1437	-14.95
1438	12.99
1439	-11.52
1440	32.38
1441	-17.47
1442	-5.706
1443	18.4
1444	-6.482
1445	-17.79
1446	-6.994
1447	-31.64
1448	12.28
1449	-12.05
1450	-0.1077
1451	-7.227
1452	11.4
1453	-30.88
1454	-12.02
1455	-27.45
1456	-12.83
1457	-3.826
1458	-1.338
1459	6.441
1460	-43.19
1461	18.79
1462	17.86
1463	19.97
1464	13.65
1465	-53.46
1466	4.797
1467	-29.12
1468	-50.84
1469	1.48
1470	12.33
1471	33.81
1472	45.92
1473	31.99
1474	-10.82
1475	-5.745
1476	-35.5
1477	-11.86
1478	-0.551
1479	-5.561
1480	8.545
1481	-20.44
1482	-19.64
1483	13.39
1484	39.11
1485	-35.59
1486	-17.63
1487	-2.249
1488	-31.24
1489	27.44
1490	24.29
1491	-6.748
1492	-3.203
1493	33.71
1494	-0.1049
1495	18.91
1496	-43.76
1497	12.27
1498	30.17
1499	28.76
1500	-14.95
1501	-28.5
1502	2.572
1503	-11.62
1504	-8.923
1505	-66.42
1506	-12.9
1507	24.14
1508	-23.57
1509	5.799
1510	-29.04
1511	59.61
1512	12.35
1513	20.13
1514	-15.35
1515	-8.65
1516	-33.56
1517	-9.548
1518	-16.5
1519	-34.36
1520	-6.388
1521	32.59
1522	-8.318
1523	-32.75
1524	-9.649
1525	13.3
1526	-11.76
1527	-15.9
1528	6.896
1529	2.222
1530	-6.097
1531	1.684
1532	-12.95
1533	-16.39
1534	-30.59
1535	-0.2797
1536	-11.7
1537	-6.941
1538	17.91
1539	-11.68
1540	-11.07
1541	25.48
1542	-19.84
1543	11.48
1544	28.94
1545	5.182
1546	12.69
1547	-16.76
1548	-1.263
1549	-8.099
1550	-12.61
1551	10.02
1552	-4.353
1553	-15.74
1554	1.605
1555	-8.966
1556	-28.48
1557	-13.89
1558	10.68
1559	19.19
1560	4.822
1561	13.73
1562	4.578
1563	22.1
1564	-0.4578
1565	7.893
1566	14.98
1567	-10.66
1568	5.925
1569	1.868
1570	3.735
1571	14.46
1572	0.5861
1573	-18.12
1574	-1.792
1575	3.931
1576	-10.53
1577	19.2
1578	10.76
1579	25.1
1580	18.93
1581	-12.8
1582	-11.95
1583	4.813
1584	20.06
1585	-7.183
1586	-3.677
1587	0.4986
1588	-2.691
1589	18.97
1590	16.01
1591	25.62
1592	-13.3
1593	2.217
1594	-11.7
1595	27.85
1596	-0.8327
1597	26.96
1598	4.688
1599	-8.54
1600	2.307
1601	4.381
1602	-3.722
1603	-3.117
1604	-22.64
1605	-4.572
1606	-5.746
1607	-14.94
1608	4.785
1609	0.6266
1610	-4.341
1611	17.62
1612	0.543
1613	-7.671
1614	30.85
1615	-13.32
1616	-8.091
1617	4.183
1618	-34.26
1619	-46.69
1620	-4.624
1621	8.137
1622	21.37
1623	13.2
1624	19.13
1625	-12.88
1626	8.372
1627	37.86
1628	45.34
1629	11.25
1630	3.305
1631	1.968
1632	3.878
1633	11.91
1634	-15.27
1635	-13.25
1636	14.99
1637	-22.11
1638	4.102
1639	-5.166
1640	1.447
1641	21.72
1642	-22.2
1643	-6.095
1644	-9.357
1645	-22.48
1646	9.311
1647	0.1264
1648	-42.31
1649	7.732
1650	17.91
1651	-11.85
1652	38.15
1653	9.188
1654	-18.88
1655	0.2026
1656	6.129
1657	-29.24
1658	-9.748
1659	-23.72
1660	-33.88
1661	17.26
1662	20.03
1663	13.86
1664	5.234
1665	15.58
1666	39.42
1667	15.42
1668	-0.3746
1669	-27.91
1670	-4.048
1671	-16.38
1672	2.344
1673	10.93
1674	20.54
1675	30.3
1676	25.86
1677	-8.06
1678	-15.07
1679	39.54
1680	0.2894
1681	-24.84
1682	12.4
1683	16.92
1684	24.97
1685	1.986
1686	27.8
1687	-11.92
1688	-0.9418
1689	-5.8
1690	-53.34
1691	-12.7
1692	-45.07
1693	-40.93
1694	-7.083
1695	30.41
1696	11.1
1697	-4.101
1698	10.51
1699	-4.321
1700	-14.5
1701	37.93
1702	27.1
1703	-0.4621
1704	25.32
1705	-0.7403
1706	6.509
1707	5.503
1708	-2.945
1709	4.583
1710	-4.112
1711	-0.7065
1712	-2.454
1713	-27.03
1714	0.5479
1715	-29.69
1716	3.855
1717	24.3
1718	-1.713
1719	9.674
1720	35.37
1721	-44.21
1722	21.57
1723	-4.817
1724	8.886
1725	-1.221
1726	36.05
1727	42.71
1728	-1.312
1729	-10.76
1730	36.45
1731	2.703
1732	5.943
1733	-10.47
1734	2.577
1735	22.79
1736	8.86
1737	40.14
1738	23.53
1739	-39.75
1740	23.07
1741	-16.01
1742	-40.06
1743	-27.46
1744	30.96
1745	1.925
1746	-30.11
1747	3.204
1748	9.144
1749	11.54
1750	19.4
1751	-11.58
1752	9.774
1753	8.523
1754	-12.8
1755	1.016
1756	21.13
1757	-22.15
1758	-12.89
1759	-2.266
1760	-9.015
1761	12.7
1762	-7.116
1763	14.88
1764	-77.16
1765	-6.189
1766	-55.09
1767	-37.04
1768	11.99
1769	-12.49
1770	-22.78
1771	-4.52
1772	-3.682
1773	-4.797
1774	1.892
1775	6.334
1776	-39.73
1777	7.744
1778	-26.34
1779	22.15
1780	-5.183
1781	6.089
1782	-43.7
1783	-16.36
1784	-21.94
1785	-7.294
1786	4.615
1787	-4.977
1788	-4.909
1789	37.32
1790	9.373
1791	4.049
1792	2.586
1793	-3.82
1794	2.483
1795	21.84
1796	9.912
1797	-3.56
1798	11.05
1799	16.37
1800	-4.209
1801	-6.495
1802	17.8
1803	15.88
1804	2.986
1805	-2.194
1806	9.389
1807	41.1
1808	-0.9632
1809	6.167
1810	11.46
1811	19.97
1812	8.608
1813	2.321
1814	-2.891
1815	-9.624
1816	-5.499
1817	27.74
1818	5.073
1819	16.73
1820	25.83
1821	-4.87
1822	-11.52
1823	-17.27
1824	12.34
1825	-3.24
1826	-6.526
1827	-3.48
1828	9.323
1829	-24.55
1830	-39.54
1831	-11.08
1832	-35.46
1833	12.43
1834	-17.07
1835	9.676
1836	-54.29
1837	-13.02
1838	-19.04
1839	-22.24
1840	-10.72
1841	-21.9
1842	0.4854
1843	0.5401
1844	-6.915
1845	1.172
1846	-6.172
1847	-17.05
1848	8.63
1849	24.28
1850	21.23
1851	7.966
1852	-16.41
1853	7.406
1854	23.93
1855	-55.86
1856	-1.824
1857	10.07
1858	-6.798
1859	-16.97
1860	9.535
1861	-8.529
1862	-22.44
1863	-19.5
1864	-11.54
1865	-18.39
1866	11.2
1867	-34.2
1868	-1.539
1869	14.47
1870	-45.49
1871	-39.57
1872	14.83
1873	37.01
1874	-3.711
1875	41.76
1876	26.44
1877	-10.77
1878	18.47
1879	-9.844
1880	-26.29
1881	18.71
1882	11.95
1883	-21.08
1884	-5.192
1885	-10.09
1886	23.57
1887	-8.382
1888	-26.39
1889	17.78
1890	25.59
1891	9.141
1892	16.99
1893	13.39
1894	11.16
1895	26.59
1896	-41.67
1897	-11.02
1898	-8.329
1899	21.74
1900	-39.46
1901	-11.67
1902	-8.782
1903	15.55
1904	40.72
1905	12.9
1906	-5.469
1907	-5.283
1908	-2.032
1909	-1.16
1910	-53.75
1911	-0.06109
1912	-12.83
1913	-28.87
1914	0.5252
1915	9.706
1916	26.02
1917	-25.33
1918	-38.7
1919	29.8
1920	-5.169
1921	-2.188
1922	-0.9019
1923	-14.79
1924	24.66
1925	13.55
1926	19.5
1927	16.46
1928	-21.07
1929	-39.13
1930	-27.93
1931	27.19
1932	-11.84
1933	-6.316
1934	-18.09
1935	-11.39
1936	-4.633
1937	14.0
1938	7.553
1939	-0.07975
1940	-7.259
1941	7.554
1942	-7.158
1943	14.02
1944	-46.12
1945	-5.092
1946	2.837
1947	-12.11
1948	-51.79
1949	14.74
1950	-4.38
1951	-9.418
1952	1.13
1953	23.7
1954	-18.54
1955	-2.746
1956	17.45
1957	-5.334
1958	-45.19
1959	-45.53
1960	-8.473
1961	-0.1513
1962	1.628
1963	1.855
1964	26.0
1965	-11.15
1966	6.61
1967	-16.49
1968	-18.58
1969	-28.39
1970	-21.05
1971	-27.25
1972	29.31
1973	-19.14
1974	-25.93
1975	-12.43
1976	-12.65
1977	-15.25
1978	27.23
1979	32.78
1980	-34.17
1981	20.52
1982	16.71
1983	19.79
1984	23.66
1985	-12.53
1986	-12.26
1987	5.651
1988	12.34
1989	-27.75
1990	-18.09
1991	12.59
1992	29.38
1993	-1.912
1994	-9.66
1995	-27.49
1996	1.642
1997	-12.96
1998	-51.36
1999	-39.36
2000	-21.04
2001	-4.76
2002	19.69
2003	-6.564
2004	20.31
2005	13.64
2006	11.49
2007	-4.179
2008	-6.213
2009	-4.276
2010	9.659
2011	-16.04
2012	4.364
2013	-12.28
2014	-17.32
2015	9.088
2016	7.59
2017	31.99
2018	31.37
2019	26.29
2020	13.65
2021	9.689
2022	21.23
2023	2.483
2024	3.754
2025	-15.07
2026	33.54
2027	-21.55
2028	-12.97
2029	18.68
2030	11.31
2031	16.88
2032	14.24
2033	10.75
2034	4.898
2035	41.41
2036	2.62
2037	12.41
2038	17.45
2039	12.23
2040	-7.771
2041	0.2064
2042	-10.05
2043	-10.53
2044	-8.94
2045	1.341
2046	1.298
2047	-14.13
2048	-24.55
2049	9.312
2050	-9.454
2051	13.65
2052	3.918
2053	-4.904
2054	6.972
2055	-0.4583
2056	9.096
2057	-47.81
2058	21.42
2059	31.55
2060	9.836
2061	32.39
2062	19.89
2063	-29.15
2064	-4.511
2065	-8.391
2066	-15.29
2067	-5.433
2068	6.184
2069	-12.83
2070	18.42
2071	2.712
2072	22.05
2073	-3.1
2074	6.952
2075	25.87
2076	-3.864
2077	8.668
2078	-17.29
2079	0.4121
2080	-9.512
2081	-22.62
2082	-49.47
2083	-6.938
2084	1.991
2085	-19.0
2086	-17.06
2087	-12.15
2088	17.32
2089	-8.684
2090	11.55
2091	-25.7
2092	3.251
2093	19.74
2094	-3.664
2095	-6.803
2096	-7.092
2097	19.52
2098	41.69
2099	6.589
2100	7.651
2101	-8.181
2102	-8.267
2103	-14.55
2104	-6.376
2105	6.509
2106	14.58
2107	8.531
2108	-20.63
2109	23.05
2110	12.46
2111	8.636
2112	16.1
2113	-13.62
2114	9.391
2115	3.52
2116	17.91
2117	3.538
2118	15.78
2119	-21.11
2120	9.513
2121	-30.99
2122	-13.35
2123	-20.12
2124	-0.6172
2125	9.106
2126	0.6609
2127	-24.52
2128	46.46
2129	-18.18
2130	-1.997
2131	-13.01
2132	4.376
2133	-13.37
2134	-49.75
2135	-20.01
2136	-18.72
2137	9.24
2138	-14.82
2139	-19.29
2140	44.1
2141	29.16
2142	2.318
2143	-16.59
2144	26.88
2145	9.366
2146	11.49
2147	7.198
2148	20.79
2149	9.687
2150	19.47
2151	-2.787
2152	-50.2
2153	-9.283
2154	18.17
2155	1.695
2156	13.16
2157	-10.05
2158	-0.7995
2159	10.94
2160	13.14
2161	4.25
2162	14.15
2163	-6.803
2164	2.271
2165	-10.5
2166	6.87
2167	-11.89
2168	16.46
2169	4.965
2170	3.943
2171	-13.64
2172	-29.95
2173	16.14
2174	-18.96
2175	-10.76
2176	-13.94
2177	-7.615
2178	6.815
2179	13.84
2180	2.604
2181	-19.69
2182	3.516
2183	13.25
2184	-18.01
2185	-28.55
2186	-2.414
2187	13.51
2188	22.27
2189	29.95
2190	1.105
2191	-16.46
2192	2.666
2193	3.546
2194	-41.66
2195	18.69
2196	11.24
2197	-16.19
2198	-29.18
2199	5.552
2200	-6.883
2201	5.174
2202	-17.98
2203	-17.7
2204	-13.47
2205	-4.546
2206	-30.0
2207	-11.15
2208	-19.93
2209	-17.94
2210	0.02401
2211	1.142
2212	41.17
2213	-0.91
2214	12.68
2215	24.71
2216	-1.529
2217	2.004
2218	13.25
2219	-12.13
2220	-3.012
2221	-15.07
2222	17.48
2223	-1.78
2224	5.931
2225	36.81
2226	-25.45
2227	-53.03
2228	21.51
2229	-2.563
2230	21.87
2231	34.32
2232	-20.22
2233	-11.19
2234	-8.828
2235	14.44
2236	-19.19
2237	12.2
2238	9.037
2239	12.96
2240	9.861
2241	9.185
2242	-34.14
2243	14.05
2244	25.6
2245	14.94
2246	21.1
2247	12.98
2248	-4.994
2249	6.147
2250	-63.36
2251	-16.21
2252	-23.52
2253	23.45
2254	-37.79
2255	-9.093
2256	18.84
2257	-86.93
2258	12.9
2259	-1.712
2260	-45.23
2261	1.644
2262	-3.523
2263	2.731
2264	-19.08
2265	-13.74
2266	-9.585
2267	13.29
2268	5.496
2269	16.77
2270	13.56
2271	4.242
2272	-14.79
2273	22.06
2274	10.75
2275	-32.01
2276	-39.7
2277	23.25
2278	14.1
2279	-19.8
2280	1.831
2281	-50.91
2282	17.7
2283	-3.782
2284	-12.17
2285	-2.248
2286	-4.58
2287	14.12
2288	1.216
2289	-4.61
2290	-5.869
2291	-10.86
2292	9.03
2293	-22.53
2294	18.43
2295	-13.56
2296	-12.5
2297	-20.9
2298	9.524
2299	19.2
2300	3.892
2301	-1.829
2302	9.306
2303	-2.891
2304	39.24
2305	9.046
2306	34.83
2307	-15.1
2308	16.37
2309	6.682
2310	-31.78
2311	-21.1
2312	11.28
2313	-4.812
2314	-0.8045
2315	-7.445
2316	-32.75
2317	13.65
2318	4.125
2319	-8.411
2320	-14.91
2321	-14.76
2322	-9.912
2323	16.55
2324	-36.13
2325	-42.26
2326	36.72
2327	-17.76
2328	-12.42
2329	-3.064
2330	-0.6199
2331	6.919
2332	-25.31
2333	24.63
2334	5.516
2335	11.08
2336	30.53
2337	-1.083
2338	15.32
2339	-24.26
2340	-13.57
2341	2.912
2342	-6.036
2343	15.88
2344	-13.25
2345	-10.07
2346	-22.18
2347	-54.7
2348	9.992
2349	11.63
2350	8.704
2351	-9.661
2352	33.66
2353	-6.398
2354	-41.4
2355	-18.4
2356	-22.61
2357	7.991
2358	16.52
2359	13.36
2360	21.89
2361	-11.52
2362	-9.323
2363	-10.54
2364	-23.21
2365	34.24
2366	17.78
2367	-26.47
2368	-5.78
2369	-11.6
2370	-6.031
2371	35.9
2372	22.81
2373	3.473
2374	2.618
2375	-2.39
2376	16.83
2377	-12.58
2378	-1.908
2379	-0.9967
2380	-14.26
2381	-4.447
2382	-18.58
2383	-23.72
2384	-7.893
2385	-4.939
2386	-4.559
2387	-14.89
2388	16.76
2389	-16.96
2390	-0.9514
2391	9.206
2392	11.29
2393	10.79
2394	16.76
2395	-3.127
2396	11.39
2397	-10.16
2398	16.91
2399	-4.626
2400	24.48
2401	-38.67
2402	-6.766
2403	-4.866
2404	27.29
2405	13.33
2406	-17.1
2407	28.45
2408	19.89
2409	33.43
2410	2.803
2411	-4.441
2412	3.993
2413	-10.64
2414	34.32
2415	22.64
2416	0.5367
2417	7.849
2418	-41.63
2419	-2.212
2420	-8.62
2421	-3.054
2422	25.82
2423	10.64
2424	-11.29
2425	-18.16
2426	23.19
2427	19.38
2428	6.026
2429	-3.163
2430	-10.93
2431	35.34
2432	21.02
2433	25.04
2434	-30.01
2435	23.02
2436	-37.81
2437	-16.66
2438	-61.83
2439	-17.28
2440	-28.67
2441	-20.75
2442	8.656
2443	21.69
2444	17.51
2445	-4.894
2446	-0.6029
2447	0.5049
2448	22.93
2449	-21.11
2450	1.238
2451	26.4
2452	-28.23
2453	6.682
2454	-4.59
2455	-8.653
2456	-38.92
2457	-5.627
2458	-44.88
2459	-20.33
2460	32.45
2461	2.841
2462	-0.9801
2463	-39.77
2464	1.205
2465	-10.32
2466	-39.82
2467	-3.435
2468	0.04053
2469	-5.144
2470	-28.58
2471	-8.958
2472	-8.971
2473	-13.0
2474	-5.959
2475	5.661
2476	5.354
2477	-3.584
2478	10.3
2479	-19.98
2480	16.01
2481	12.99
2482	-37.26
2483	26.94
2484	-17.62
2485	20.02
2486	-5.29
2487	-2.326
2488	-4.909
2489	10.33
2490	-31.79
2491	-24.13
2492	-8.537
2493	1.126
2494	-17.66
2495	19.8
2496	7.391
2497	35.55
2498	23.81
2499	-38.38
2500	-0.3743
2501	10.2
2502	22.49
2503	39.44
2504	52.62
2505	-23.44
2506	0.6359
2507	4.446
2508	20.92
2509	13.29
2510	12.77
2511	-3.075
2512	-3.13
2513	-1.712
2514	13.29
2515	-14.2
2516	-4.979
2517	-4.489
2518	1.363
2519	-31.49
2520	-31.89
2521	8.491
2522	28.1
2523	36.51
2524	-9.918
2525	-0.1064
2526	-25.85
2527	-23.67
2528	-50.12
2529	3.554
2530	-26.16
2531	-60.0
2532	-5.855
2533	-31.54
2534	-1.567
2535	14.26
2536	26.83
2537	23.9
2538	-17.41
2539	16.58
2540	1.47
2541	-16.62
2542	-0.695
2543	28.24
2544	24.42
2545	-11.81
2546	12.93
2547	25.36
2548	13.66
2549	-3.882
2550	-4.617
2551	20.93
2552	9.239
2553	34.72
2554	-16.9
2555	1.55
2556	-35.17
2557	-20.72
2558	9.294
2559	35.79
2560	-7.054
2561	-21.41
2562	-8.35
2563	-25.17
2564	-16.38
2565	-13.79
2566	4.308
2567	-16.15
2568	13.72
2569	7.027
2570	14.36
2571	-0.3868
2572	-1.699
2573	-15.07
2574	20.12
2575	-24.27
2576	16.22
2577	13.81
2578	-27.31
2579	24.55
2580	15.14
2581	-29.87
2582	0.3068
2583	-25.42
2584	15.77
2585	-12.05
2586	10.58
2587	-6.53
2588	16.63
2589	32.41
2590	4.377
2591	-24.29
2592	19.25
2593	14.81
2594	7.057
2595	1.211
2596	19.09
2597	-13.08
2598	-9.463
2599	3.995
2600	0.1932
2601	4.518
2602	21.63
2603	-23.17
2604	14.7
2605	15.41
2606	-30.72
2607	-28.58
2608	8.135
2609	-10.85
2610	7.441
2611	-12.37
2612	4.176
2613	-2.725
2614	-3.35
2615	2.539
2616	-45.46
2617	18.21
2618	-4.523
2619	22.6
2620	21.94
2621	-17.47
2622	14.19
2623	39.88
2624	-8.891
2625	10.08
2626	-26.39
2627	34.48
2628	4.699
2629	-19.45
2630	-9.796
2631	15.49
2632	6.907
2633	-4.049
2634	25.18
2635	10.32
2636	-38.33
2637	0.3993
2638	8.228
2639	-6.653
2640	-0.7305
2641	-56.8
2642	-1.757
2643	-1.891
2644	-24.79
2645	12.3
2646	8.633
2647	15.29
2648	17.95
2649	2.976
2650	10.24
2651	-3.273
2652	15.52
2653	5.278
2654	18.47
2655	12.49
2656	-28.42
2657	-5.629
2658	6.63
2659	-9.894
2660	2.601
2661	10.67
2662	-37.26
2663	-48.97
2664	12.92
2665	-10.77
2666	2.375
2667	8.756
2668	-2.261
2669	25.8
2670	-4.643
2671	-34.79
2672	24.34
2673	26.84
2674	-44.49
2675	9.03
2676	-24.37
2677	47.02
2678	31.69
2679	21.6
2680	-4.262
2681	6.153
2682	-14.11
2683	24.9
2684	-31.25
2685	6.606
2686	-17.87
2687	-5.787
2688	13.41
2689	13.82
2690	2.341
2691	5.177
2692	0.6173
2693	34.33
2694	5.967
2695	9.304
2696	17.88
2697	11.3
2698	-39.02
2699	-25.33
2700	-7.518
2701	2.475
2702	20.43
2703	-2.423
2704	13.22
2705	14.25
2706	-8.998
2707	-45.97
2708	35.53
2709	18.05
2710	-9.29
2711	-19.8
2712	-15.08
2713	5.73
2714	-12.07
2715	-26.89
2716	-25.26
2717	-12.29
2718	1.452
2719	-9.691
2720	19.78
2721	22.36
2722	-10.67
2723	16.88
2724	-38.84
2725	-27.5
2726	-33.94
2727	11.37
2728	-3.018
2729	-16.8
2730	-0.5502
2731	12.46
2732	-6.052
2733	-11.36
2734	12.36
2735	24.2
2736	11.24
2737	-14.94
2738	-6.146
2739	0.8702
2740	1.44
2741	-0.7609
2742	3.205
2743	23.88
2744	-27.62
2745	7.376
2746	4.653
2747	1.442
2748	5.154
2749	0.06011
2750	-5.97
2751	24.41
2752	-0.5066
2753	25.84
2754	-30.51
2755	-6.913
2756	18.96
2757	-32.45
2758	-13.97
2759	-25.31
2760	28.72
2761	18.48
2762	26.76
2763	3.667
2764	3.441
2765	-48.96
2766	33.19
2767	16.63
2768	5.499
2769	-40.91
2770	-37.97
2771	30.71
2772	-15.78
2773	6.904
2774	10.89
2775	23.17
2776	-7.56
2777	2.507
2778	-17.21
2779	9.125
2780	-0.3321
2781	-42.51
2782	10.51
2783	-18.11
2784	-19.1
2785	3.777
2786	23.75
2787	9.946
2788	-1.049
2789	8.219
2790	-3.835
2791	10.31
2792	-22.6
2793	5.746
2794	-4.563
2795	-1.926
2796	43.34
2797	26.99
2798	9.826
2799	-5.294
2800	-3.461
2801	26.82
2802	9.818
2803	0.5356
2804	2.551
2805	-14.66
2806	-21.22
2807	-28.05
2808	16.76
2809	18.36
2810	2.617
2811	24.37
2812	-24.67
2813	18.19
2814	8.033
2815	28.4
2816	18.07
2817	3.52
2818	-15.82
2819	31.91
2820	-4.273
2821	-27.73
2822	-7.133
2823	-16.46
2824	10.89
2825	-1.443
2826	22.8
2827	-43.58
2828	-0.8685
2829	-40.1
2830	-7.441
2831	6.894
2832	3.04
2833	-12.8
2834	-7.2
2835	-4.614
2836	29.62
2837	-7.568
2838	-15.06
2839	0.6303
2840	-14.01
2841	-2.449
2842	-20.18
2843	-24.73
2844	-0.6279
2845	-26.21
2846	-12.95
2847	-2.904
2848	3.961
2849	-39.07
2850	-17.97
2851	-7.309
2852	10.07
2853	-1.739
2854	-0.4075
2855	-1.632
2856	-54.81
2857	5.345
2858	-23.87
2859	-7.326
2860	-3.239
2861	9.806
2862	30.91
2863	12.43
2864	27.21
2865	-20.09
2866	2.708
2867	-25.79
2868	25.47
2869	28.85
2870	-2.365
2871	12.79
2872	-19.55
2873	3.211
2874	-22.61
2875	9.986
2876	8.764
2877	6.428
2878	-24.51
2879	8.99
2880	-21.09
2881	-20.76
2882	0.2431
2883	20.65
2884	-16.77
2885	-5.832
2886	-40.61
2887	14.42
2888	12.57
2889	-19.6
2890	-57.69
2891	-37.13
2892	-17.01
2893	-15.43
2894	-14.0
2895	-10.1
2896	34.27
2897	28.86
2898	-3.871
2899	-24.03
2900	-1.902
2901	-11.51
2902	6.109
2903	26.46
2904	-6.241
2905	6.72
2906	-25.79
2907	-11.9
2908	-10.64
2909	24.43
2910	-2.976
2911	-9.815
2912	2.459
2913	15.7
2914	-35.65
2915	-9.759
2916	-11.35
2917	3.183
2918	-26.45
2919	-3.799
2920	-43.44
2921	-2.735
2922	14.63
2923	-14.03
2924	-3.993
2925	8.417
2926	-22.52
2927	1.738
2928	6.799
2929	-35.53
2930	-2.357
2931	20.46
2932	17.5
2933	-18.84
2934	-13.23
2935	-30.67
2936	35.58
2937	30.83
2938	8.236
2939	12.79
2940	24.0
2941	-7.034
2942	-16.13
2943	10.19
2944	6.304
2945	-25.82
2946	7.142
2947	25.6
2948	-11.36
2949	-0.8914
2950	33.63
2951	14.99
2952	23.88
2953	-42.42
2954	-27.17
2955	-4.472
2956	6.873
2957	10.97
2958	16.77
2959	-20.52
2960	4.74
2961	8.229
2962	8.026
2963	14.01
2964	-0.06682
2965	9.941
2966	17.98
2967	-17.09
2968	-26.88
2969	4.661
2970	14.1
2971	26.77
2972	-2.903
2973	15.1
2974	19.35
2975	-4.926
2976	-24.78
2977	14.65
2978	19.93
2979	-3.071
2980	-12.98
2981	11.24
2982	-27.26
2983	11.98
2984	4.736
2985	1.046
2986	-9.863
2987	-14.91
2988	5.803
2989	3.326
2990	-5.72
2991	10.86
2992	2.28
2993	-26.68
2994	31.18
2995	-20.62
2996	-12.55
2997	-53.73
2998	-2.93
2999	-7.934
3000	4.838
