1001	8572.0
1002	8605.0
1003	8479.0
1004	8536.0
1005	8482.0
1006	8489.0
1007	8493.0
1008	8525.0
1009	8562.0
1010	8613.0
1011	8692.0
1012	8611.0
1013	8629.0
1014	8627.0
1015	8568.0
1016	8611.0
1017	8540.0
1018	8686.0
1019	8622.0
1020	8617.0
1021	8639.0
1022	8517.0
1023	8554.0
1024	8644.0
1025	8677.0
1026	8583.0
1027	8563.0
1028	8599.0
1029	8538.0
1030	8653.0
1031	8685.0
1032	8640.0
1033	8634.0
1034	8642.0
1035	8652.0
1036	8706.0
1037	8761.0
1038	8665.0
1039	8646.0
1040	8642.0
1041	8590.0
1042	8507.0
1043	8590.0
1044	8650.0
1045	8644.0
1046	8612.0
1047	8714.0
1048	8736.0
1049	8649.0
1050	8708.0
1051	8672.0
1052	8708.0
1053	8692.0
1054	8726.0
1055	8723.0
1056	8693.0
1057	8614.0
1058	8694.0
1059	8649.0
1060	8578.0
1061	8646.0
1062	8631.0
1063	8725.0
1064	8735.0
1065	8610.0
1066	8445.0
1067	8493.0
1068	8474.0
1069	8552.0
1070	8500.0
1071	8500.0
1072	8605.0
1073	8601.0
1074	8608.0
1075	8562.0
1076	8599.0
1077	8667.0
1078	8687.0
1079	8633.0
1080	8580.0
1081	8658.0
1082	8584.0
1083	8604.0
1084	8560.0
1085	8570.0
1086	8512.0
1087	8656.0
1088	8681.0
1089	8619.0
1090	8667.0
1091	8619.0
1092	8626.0
1093	8541.0
1094	8570.0
1095	8590.0
1096	8584.0
1097	8633.0
1098	8619.0
1099	8571.0
1100	8541.0
1101	8525.0
1102	8471.0
1103	8510.0
1104	8579.0
1105	8515.0
1106	8539.0
1107	8575.0
1108	8552.0
1109	8535.0
1110	8577.0
1111	8642.0
1112	8706.0
1113	8618.0
1114	8562.0
1115	8636.0
1116	8632.0
1117	8660.0
1118	8694.0
1119	8700.0
1120	8671.0
1121	8654.0
1122	8689.0
1123	8674.0
1124	8726.0
1125	8688.0
1126	8700.0
1127	8693.0
1128	8628.0
1129	8728.0
1130	8762.0
1131	8814.0
1132	8754.0
1133	8707.0
1134	8607.0
1135	8682.0
1136	8680.0
1137	8679.0
1138	8600.0
1139	8688.0
1140	8718.0
1141	8651.0
1142	8704.0
1143	8607.0
1144	8594.0
1145	8578.0
1146	8667.0
1147	8690.0
1148	8695.0
1149	8622.0
1150	8550.0
1151	8563.0
1152	8703.0
1153	8669.0
1154	8647.0
1155	8760.0
1156	8655.0
1157	8641.0
1158	8620.0
1159	8576.0
1160	8633.0
1161	8599.0
1162	8543.0
1163	8558.0
1164	8542.0
1165	8587.0
1166	8586.0
1167	8529.0
1168	8578.0
1169	8570.0
1170	8550.0
1171	8535.0
1172	8601.0
1173	8581.0
1174	8543.0
1175	8539.0
1176	8510.0
1177	8604.0
1178	8618.0
1179	8605.0
1180	8525.0
1181	8524.0
1182	8535.0
1183	8544.0
1184	8507.0
1185	8504.0
1186	8673.0
1187	8559.0
1188	8594.0
1189	8639.0
1190	8649.0
1191	8726.0
1192	8718.0
1193	8677.0
1194	8675.0
1195	8768.0
1196	8746.0
1197	8687.0
1198	8676.0
1199	8637.0
1200	8656.0
1201	8770.0
1202	8735.0
1203	8716.0
1204	8648.0
1205	8676.0
1206	8740.0
1207	8703.0
1208	8634.0
1209	8654.0
1210	8671.0
1211	8537.0
1212	8588.0
1213	8611.0
1214	8592.0
1215	8561.0
1216	8510.0
1217	8531.0
1218	8604.0
1219	8569.0
1220	8647.0
1221	8630.0
1222	8681.0
1223	8618.0
1224	8658.0
1225	8688.0
1226	8742.0
1227	8821.0
1228	8782.0
1229	8747.0
1230	8677.0
1231	8656.0
1232	8726.0
1233	8634.0
1234	8696.0
1235	8668.0
1236	8630.0
1237	8716.0
1238	8753.0
1239	8723.0
1240	8714.0
1241	8687.0
1242	8738.0
1243	8640.0
1244	8660.0
1245	8706.0
1246	8639.0
1247	8682.0
1248	8713.0
1249	8647.0
1250	8673.0
1251	8720.0
1252	8578.0
1253	8566.0
1254	8658.0
1255	8569.0
1256	8550.0
1257	8589.0
1258	8570.0
1259	8723.0
1260	8639.0
1261	8656.0
1262	8712.0
1263	8702.0
1264	8598.0
1265	8585.0
1266	8622.0
1267	8578.0
1268	8546.0
1269	8535.0
1270	8597.0
1271	8602.0
1272	8611.0
1273	8570.0
1274	8581.0
1275	8596.0
1276	8651.0
1277	8659.0
1278	8711.0
1279	8712.0
1280	8632.0
1281	8664.0
1282	8590.0
1283	8567.0
1284	8595.0
1285	8623.0
1286	8655.0
1287	8635.0
1288	8555.0
1289	8552.0
1290	8626.0
1291	8589.0
1292	8605.0
1293	8579.0
1294	8581.0
1295	8587.0
1296	8520.0
1297	8512.0
1298	8550.0
1299	8432.0
1300	8552.0
1301	8519.0
1302	8551.0
1303	8538.0
1304	8549.0
1305	8526.0
1306	8513.0
1307	8535.0
1308	8497.0
1309	8493.0
1310	8497.0
1311	8544.0
1312	8644.0
1313	8613.0
1314	8592.0
1315	8611.0
1316	8617.0
1317	8636.0
1318	8703.0
1319	8684.0
1320	8593.0
1321	8618.0
1322	8617.0
1323	8565.0
1324	8491.0
1325	8462.0
1326	8514.0
1327	8559.0
1328	8596.0
1329	8627.0
1330	8640.0
1331	8615.0
1332	8687.0
1333	8573.0
1334	8508.0
1335	8503.0
1336	8512.0
1337	8593.0
1338	8634.0
1339	8605.0
1340	8578.0
1341	8640.0
1342	8711.0
1343	8743.0
1344	8687.0
1345	8602.0
1346	8647.0
1347	8624.0
1348	8624.0
1349	8585.0
1350	8676.0
1351	8677.0
1352	8703.0
1353	8623.0
1354	8588.0
1355	8610.0
1356	8645.0
1357	8610.0
1358	8655.0
1359	8687.0
1360	8650.0
1361	8589.0
1362	8594.0
1363	8570.0
1364	8614.0
1365	8618.0
1366	8708.0
1367	8736.0
1368	8682.0
1369	8616.0
1370	8624.0
1371	8693.0
1372	8610.0
1373	8590.0
1374	8607.0
1375	8620.0
1376	8543.0
1377	8571.0
1378	8604.0
1379	8660.0
1380	8679.0
1381	8594.0
1382	8533.0
1383	8545.0
1384	8579.0
1385	8612.0
1386	8654.0
1387	8611.0
1388	8639.0
1389	8672.0
1390	8633.0
1391	8681.0
1392	8617.0
1393	8562.0
1394	8515.0
1395	8595.0
1396	8635.0
1397	8629.0
1398	8735.0
1399	8718.0
1400	8587.0
1401	8617.0
1402	8613.0
1403	8641.0
1404	8628.0
1405	8565.0
1406	8610.0
1407	8628.0
1408	8616.0
1409	8587.0
1410	8508.0
1411	8506.0
1412	8495.0
1413	8575.0
1414	8553.0
1415	8644.0
1416	8598.0
1417	8650.0
1418	8661.0
1419	8681.0
1420	8751.0
1421	8632.0
1422	8560.0
1423	8621.0
1424	8525.0
1425	8611.0
1426	8624.0
1427	8700.0
1428	8711.0
1429	8723.0
1430	8656.0
1431	8604.0
1432	8584.0
1433	8637.0
1434	8599.0
1435	8691.0
1436	8569.0
1437	8627.0
1438	8623.0
1439	8653.0
1440	8695.0
1441	8645.0
1442	8644.0
1443	8667.0
1444	8671.0
1445	8641.0
1446	8638.0
1447	8670.0
1448	8669.0
1449	8637.0
1450	8601.0
1451	8627.0
1452	8694.0
1453	8639.0
1454	8606.0
1455	8623.0
1456	8664.0
1457	8663.0
1458	8742.0
1459	8625.0
1460	8705.0
1461	8662.0
1462	8710.0
1463	8659.0
1464	8653.0
1465	8616.0
1466	8646.0
1467	8661.0
1468	8728.0
1469	8665.0
1470	8745.0
1471	8708.0
1472	8619.0
1473	8615.0
1474	8662.0
1475	8631.0
1476	8587.0
1477	8623.0
1478	8646.0
1479	8669.0
1480	8597.0
1481	8657.0
1482	8586.0
1483	8531.0
1484	8571.0
1485	8564.0
1486	8616.0
1487	8667.0
1488	8679.0
1489	8675.0
1490	8645.0
1491	8793.0
1492	8723.0
1493	8769.0
1494	8750.0
1495	8699.0
1496	8659.0
1497	8658.0
1498	8635.0
1499	8681.0
1500	8697.0
1501	8659.0
1502	8730.0
1503	8663.0
1504	8625.0
1505	8599.0
1506	8654.0
1507	8650.0
1508	8660.0
1509	8614.0
1510	8609.0
1511	8602.0
1512	8558.0
1513	8562.0
1514	8537.0
1515	8485.0
1516	8528.0
1517	8598.0
1518	8637.0
1519	8711.0
1520	8679.0
1521	8659.0
1522	8671.0
1523	8679.0
1524	8543.0
1525	8632.0
1526	8642.0
1527	8678.0
1528	8739.0
1529	8647.0
1530	8643.0
1531	8697.0
1532	8730.0
1533	8668.0
1534	8674.0
1535	8743.0
1536	8743.0
1537	8795.0
1538	8755.0
1539	8712.0
1540	8830.0
1541	8712.0
1542	8671.0
1543	8724.0
1544	8645.0
1545	8644.0
1546	8657.0
1547	8654.0
1548	8679.0
1549	8726.0
1550	8687.0
1551	8668.0
1552	8670.0
1553	8708.0
1554	8755.0
1555	8672.0
1556	8725.0
1557	8646.0
1558	8679.0
1559	8692.0
1560	8729.0
1561	8717.0
1562	8792.0
1563	8775.0
1564	8773.0
1565	8699.0
1566	8671.0
1567	8691.0
1568	8754.0
1569	8689.0
1570	8673.0
1571	8724.0
1572	8645.0
1573	8693.0
1574	8692.0
1575	8666.0
1576	8684.0
1577	8655.0
1578	8575.0
1579	8567.0
1580	8578.0
1581	8580.0
1582	8651.0
1583	8577.0
1584	8665.0
1585	8648.0
1586	8777.0
1587	8813.0
1588	8749.0
1589	8798.0
1590	8803.0
1591	8782.0
1592	8688.0
1593	8745.0
1594	8713.0
1595	8675.0
1596	8614.0
1597	8602.0
1598	8544.0
1599	8577.0
1600	8559.0
1601	8500.0
1602	8550.0
1603	8564.0
1604	8707.0
1605	8684.0
1606	8641.0
1607	8581.0
1608	8644.0
1609	8598.0
1610	8655.0
1611	8693.0
1612	8656.0
1613	8659.0
1614	8641.0
1615	8714.0
1616	8620.0
1617	8674.0
1618	8706.0
1619	8645.0
1620	8675.0
1621	8638.0
1622	8604.0
1623	8528.0
1624	8484.0
1625	8553.0
1626	8604.0
1627	8550.0
1628	8515.0
1629	8524.0
1630	8537.0
1631	8614.0
1632	8586.0
1633	8529.0
1634	8600.0
1635	8625.0
1636	8590.0
1637	8595.0
1638	8679.0
1639	8630.0
1640	8674.0
1641	8569.0
1642	8586.0
1643	8633.0
1644	8602.0
1645	8629.0
1646	8612.0
1647	8703.0
1648	8597.0
1649	8659.0
1650	8583.0
1651	8555.0
1652	8550.0
1653	8532.0
1654	8586.0
1655	8581.0
1656	8591.0
1657	8615.0
1658	8618.0
1659	8615.0
1660	8592.0
1661	8649.0
1662	8622.0
1663	8645.0
1664	8513.0
1665	8604.0
1666	8677.0
1667	8706.0
1668	8683.0
1669	8602.0
1670	8604.0
1671	8660.0
1672	8730.0
1673	8701.0
1674	8590.0
1675	8592.0
1676	8539.0
1677	8513.0
1678	8553.0
1679	8614.0
1680	8579.0
1681	8519.0
1682	8613.0
1683	8574.0
1684	8605.0
1685	8593.0
1686	8654.0
1687	8637.0
1688	8670.0
1689	8764.0
1690	8694.0
1691	8685.0
1692	8745.0
1693	8761.0
1694	8755.0
1695	8736.0
1696	8806.0
1697	8683.0
1698	8595.0
1699	8654.0
1700	8666.0
1701	8790.0
1702	8727.0
1703	8684.0
1704	8729.0
1705	8761.0
1706	8745.0
1707	8657.0
1708	8689.0
1709	8573.0
1710	8607.0
1711	8620.0
1712	8567.0
1713	8525.0
1714	8591.0
1715	8551.0
1716	8534.0
1717	8577.0
1718	8484.0
1719	8431.0
1720	8457.0
1721	8496.0
1722	8537.0
1723	8537.0
1724	8513.0
1725	8551.0
1726	8554.0
1727	8549.0
1728	8558.0
1729	8622.0
1730	8595.0
1731	8472.0
1732	8517.0
1733	8514.0
1734	8455.0
1735	8516.0
1736	8615.0
1737	8646.0
1738	8731.0
1739	8758.0
1740	8717.0
1741	8698.0
1742	8707.0
1743	8695.0
1744	8683.0
1745	8680.0
1746	8735.0
1747	8704.0
1748	8644.0
1749	8662.0
1750	8631.0
1751	8587.0
1752	8566.0
1753	8647.0
1754	8689.0
1755	8756.0
1756	8757.0
1757	8620.0
1758	8597.0
1759	8659.0
1760	8681.0
1761	8685.0
1762	8619.0
1763	8685.0
1764	8641.0
1765	8629.0
1766	8664.0
1767	8725.0
1768	8644.0
1769	8718.0
1770	8680.0
1771	8700.0
1772	8665.0
1773	8684.0
1774	8782.0
1775	8787.0
1776	8839.0
1777	8855.0
1778	8777.0
1779	8730.0
1780	8742.0
1781	8707.0
1782	8745.0
1783	8737.0
1784	8726.0
1785	8737.0
1786	8702.0
1787	8601.0
1788	8621.0
1789	8702.0
1790	8637.0
1791	8670.0
1792	8640.0
1793	8644.0
1794	8586.0
1795	8633.0
1796	8605.0
1797	8665.0
1798	8540.0
1799	8596.0
1800	8673.0
1801	8665.0
1802	8624.0
1803	8696.0
1804	8686.0
1805	8648.0
1806	8670.0
1807	8702.0
1808	8790.0
1809	8658.0
1810	8655.0
1811	8745.0
1812	8739.0
1813	8742.0
1814	8654.0
1815	8659.0
1816	8635.0
1817	8703.0
1818	8727.0
1819	8693.0
1820	8661.0
1821	8663.0
1822	8704.0
1823	8578.0
1824	8565.0
1825	8585.0
1826	8512.0
1827	8509.0
1828	8538.0
1829	8537.0
1830	8653.0
1831	8638.0
1832	8600.0
1833	8608.0
1834	8696.0
1835	8726.0
1836	8703.0
1837	8664.0
1838	8761.0
1839	8672.0
1840	8682.0
1841	8804.0
1842	8757.0
1843	8690.0
1844	8687.0
1845	8689.0
1846	8714.0
1847	8794.0
1848	8841.0
1849	8761.0
1850	8704.0
1851	8727.0
1852	8808.0
1853	8733.0
1854	8705.0
1855	8685.0
1856	8646.0
1857	8684.0
1858	8615.0
1859	8572.0
1860	8627.0
1861	8703.0
1862	8583.0
1863	8556.0
1864	8485.0
1865	8494.0
1866	8555.0
1867	8602.0
1868	8613.0
1869	8603.0
1870	8638.0
1871	8623.0
1872	8689.0
1873	8717.0
1874	8773.0
1875	8762.0
1876	8778.0
1877	8694.0
1878	8691.0
1879	8679.0
1880	8636.0
1881	8725.0
1882	8729.0
1883	8699.0
1884	8665.0
1885	8546.0
1886	8483.0
1887	8535.0
1888	8507.0
1889	8596.0
1890	8693.0
1891	8657.0
1892	8667.0
1893	8691.0
1894	8628.0
1895	8603.0
1896	8606.0
1897	8599.0
1898	8547.0
1899	8671.0
1900	8621.0
1901	8653.0
1902	8698.0
1903	8705.0
1904	8670.0
1905	8647.0
1906	8574.0
1907	8533.0
1908	8671.0
1909	8757.0
1910	8742.0
1911	8782.0
1912	8707.0
1913	8685.0
1914	8720.0
1915	8708.0
1916	8706.0
1917	8669.0
1918	8724.0
1919	8714.0
1920	8675.0
1921	8639.0
1922	8661.0
1923	8699.0
1924	8665.0
1925	8550.0
1926	8631.0
1927	8737.0
1928	8842.0
1929	8744.0
1930	8729.0
1931	8707.0
1932	8601.0
1933	8620.0
1934	8608.0
1935	8683.0
1936	8642.0
1937	8629.0
1938	8578.0
1939	8541.0
1940	8619.0
1941	8557.0
1942	8584.0
1943	8566.0
1944	8601.0
1945	8627.0
1946	8584.0
1947	8553.0
1948	8613.0
1949	8613.0
1950	8635.0
1951	8665.0
1952	8601.0
1953	8624.0
1954	8529.0
1955	8558.0
1956	8649.0
1957	8532.0
1958	8610.0
1959	8621.0
1960	8734.0
1961	8630.0
1962	8593.0
1963	8609.0
1964	8662.0
1965	8620.0
1966	8615.0
1967	8551.0
1968	8536.0
1969	8490.0
1970	8507.0
1971	8538.0
1972	8621.0
1973	8652.0
1974	8629.0
1975	8616.0
1976	8604.0
1977	8663.0
1978	8775.0
1979	8701.0
1980	8773.0
1981	8697.0
1982	8664.0
1983	8616.0
1984	8641.0
1985	8685.0
1986	8754.0
1987	8700.0
1988	8628.0
1989	8565.0
1990	8477.0
1991	8594.0
1992	8541.0
1993	8529.0
1994	8513.0
1995	8523.0
1996	8590.0
1997	8575.0
1998	8670.0
1999	8703.0
2000	8602.0
2001	8668.0
2002	8661.0
2003	8726.0
2004	8645.0
2005	8740.0
2006	8746.0
2007	8782.0
2008	8742.0
2009	8713.0
2010	8717.0
2011	8695.0
2012	8640.0
2013	8680.0
2014	8683.0
2015	8692.0
2016	8689.0
2017	8589.0
2018	8585.0
2019	8571.0
2020	8593.0
2021	8618.0
2022	8713.0
2023	8724.0
2024	8678.0
2025	8746.0
2026	8733.0
2027	8634.0
2028	8656.0
2029	8733.0
2030	8743.0
2031	8656.0
2032	8725.0
2033	8612.0
2034	8635.0
2035	8607.0
2036	8639.0
2037	8553.0
2038	8632.0
2039	8725.0
2040	8680.0
2041	8670.0
2042	8556.0
2043	8593.0
2044	8528.0
2045	8622.0
2046	8664.0
2047	8713.0
2048	8778.0
2049	8683.0
2050	8649.0
2051	8725.0
2052	8747.0
2053	8735.0
2054	8681.0
2055	8718.0
2056	8696.0
2057	8794.0
2058	8694.0
2059	8675.0
2060	8615.0
2061	8566.0
2062	8553.0
2063	8599.0
2064	8542.0
2065	8586.0
2066	8675.0
2067	8603.0
2068	8586.0
2069	8650.0
2070	8614.0
2071	8575.0
2072	8701.0
2073	8649.0
2074	8656.0
2075	8648.0
2076	8746.0
2077	8623.0
2078	8654.0
2079	8578.0
2080	8745.0
2081	8672.0
2082	8638.0
2083	8637.0
2084	8566.0
2085	8604.0
2086	8676.0
2087	8679.0
2088	8688.0
2089	8719.0
2090	8723.0
2091	8606.0
2092	8597.0
2093	8552.0
2094	8551.0
2095	8608.0
2096	8762.0
2097	8729.0
2098	8692.0
2099	8639.0
2100	8716.0
2101	8627.0
2102	8655.0
2103	8723.0
2104	8650.0
2105	8640.0
2106	8675.0
2107	8703.0
2108	8683.0
2109	8597.0
2110	8661.0
2111	8581.0
2112	8640.0
2113	8673.0
2114	8668.0
2115	8616.0
2116	8624.0
2117	8568.0
2118	8543.0
2119	8580.0
2120	8629.0
2121	8552.0
2122	8515.0
2123	8569.0
2124	8561.0
2125	8658.0
2126	8673.0
2127	8633.0
2128	8659.0
2129	8672.0
2130	8686.0
2131	8731.0
2132	8699.0
2133	8680.0
2134	8662.0
2135	8666.0
2136	8689.0
2137	8689.0
2138	8700.0
2139	8641.0
2140	8769.0
2141	8734.0
2142	8694.0
2143	8671.0
2144	8701.0
2145	8665.0
2146	8732.0
2147	8813.0
2148	8735.0
2149	8808.0
2150	8720.0
2151	8722.0
2152	8719.0
2153	8723.0
2154	8662.0
2155	8670.0
2156	8604.0
2157	8592.0
2158	8563.0
2159	8537.0
2160	8495.0
2161	8509.0
2162	8617.0
2163	8623.0
2164	8656.0
2165	8678.0
2166	8590.0
2167	8615.0
2168	8519.0
2169	8563.0
2170	8703.0
2171	8642.0
2172	8778.0
2173	8612.0
2174	8606.0
2175	8668.0
2176	8616.0
2177	8616.0
2178	8629.0
2179	8657.0
2180	8563.0
2181	8694.0
2182	8712.0
2183	8763.0
2184	8741.0
2185	8686.0
2186	8630.0
2187	8614.0
2188	8590.0
2189	8510.0
2190	8598.0
2191	8680.0
2192	8710.0
2193	8746.0
2194	8724.0
2195	8821.0
2196	8789.0
2197	8843.0
2198	8786.0
2199	8854.0
2200	8808.0
2201	8776.0
2202	8650.0
2203	8663.0
2204	8628.0
2205	8617.0
2206	8628.0
2207	8717.0
2208	8679.0
2209	8666.0
2210	8736.0
2211	8691.0
2212	8728.0
2213	8593.0
2214	8634.0
2215	8563.0
2216	8552.0
2217	8609.0
2218	8652.0
2219	8635.0
2220	8582.0
2221	8609.0
2222	8546.0
2223	8657.0
2224	8700.0
2225	8638.0
2226	8672.0
2227	8724.0
2228	8661.0
2229	8674.0
2230	8664.0
2231	8665.0
2232	8648.0
2233	8634.0
2234	8615.0
2235	8737.0
2236	8719.0
2237	8680.0
2238	8776.0
2239	8736.0
2240	8825.0
2241	8715.0
2242	8726.0
2243	8649.0
2244	8583.0
2245	8558.0
2246	8545.0
2247	8583.0
2248	8593.0
2249	8588.0
2250	8547.0
2251	8573.0
2252	8605.0
2253	8622.0
2254	8610.0
2255	8647.0
2256	8654.0
2257	8636.0
2258	8589.0
2259	8639.0
2260	8645.0
2261	8666.0
2262	8613.0
2263	8594.0
2264	8559.0
2265	8497.0
2266	8569.0
2267	8573.0
2268	8615.0
2269	8674.0
2270	8674.0
2271	8619.0
2272	8574.0
2273	8589.0
2274	8666.0
2275	8604.0
2276	8653.0
2277	8636.0
2278	8660.0
2279	8673.0
2280	8666.0
2281	8662.0
2282	8624.0
2283	8671.0
2284	8598.0
2285	8698.0
2286	8641.0
2287	8640.0
2288	8616.0
2289	8617.0
2290	8614.0
2291	8717.0
2292	8675.0
2293	8618.0
2294	8613.0
2295	8590.0
2296	8574.0
2297	8547.0
2298	8654.0
2299	8617.0
2300	8598.0
2301	8553.0
2302	8614.0
2303	8593.0
2304	8653.0
2305	8643.0
2306	8621.0
2307	8630.0
2308	8698.0
2309	8624.0
2310	8575.0
2311	8593.0
2312	8653.0
2313	8640.0
2314	8686.0
2315	8647.0
2316	8781.0
2317	8688.0
2318	8704.0
2319	8752.0
2320	8690.0
2321	8786.0
2322	8738.0
2323	8766.0
2324	8786.0
2325	8881.0
2326	8865.0
2327	8817.0
2328	8739.0
2329	8726.0
2330	8646.0
2331	8723.0
2332	8616.0
2333	8672.0
2334	8642.0
2335	8688.0
2336	8634.0
2337	8627.0
2338	8662.0
2339	8655.0
2340	8669.0
2341	8645.0
2342	8620.0
2343	8640.0
2344	8697.0
2345	8632.0
2346	8596.0
2347	8654.0
2348	8566.0
2349	8543.0
2350	8586.0
2351	8591.0
2352	8579.0
2353	8616.0
2354	8491.0
2355	8569.0
2356	8632.0
2357	8671.0
2358	8672.0
2359	8688.0
2360	8606.0
2361	8617.0
2362	8629.0
2363	8648.0
2364	8684.0
2365	8749.0
2366	8687.0
2367	8718.0
2368	8765.0
2369	8695.0
2370	8774.0
2371	8793.0
2372	8772.0
2373	8733.0
2374	8800.0
2375	8771.0
2376	8789.0
2377	8790.0
2378	8802.0
2379	8639.0
2380	8656.0
2381	8671.0
2382	8714.0
2383	8786.0
2384	8819.0
2385	8701.0
2386	8695.0
2387	8738.0
2388	8661.0
2389	8656.0
2390	8730.0
2391	8649.0
2392	8677.0
2393	8648.0
2394	8583.0
2395	8647.0
2396	8629.0
2397	8546.0
2398	8594.0
2399	8620.0
2400	8649.0
2401	8580.0
2402	8624.0
2403	8620.0
2404	8599.0
2405	8648.0
2406	8647.0
2407	8699.0
2408	8706.0
2409	8604.0
2410	8617.0
2411	8591.0
2412	8507.0
2413	8618.0
2414	8631.0
2415	8640.0
2416	8658.0
2417	8686.0
2418	8732.0
2419	8680.0
2420	8606.0
2421	8713.0
2422	8696.0
2423	8748.0
2424	8757.0
2425	8760.0
2426	8735.0
2427	8694.0
2428	8686.0
2429	8566.0
2430	8646.0
2431	8683.0
2432	8618.0
2433	8621.0
2434	8696.0
2435	8720.0
2436	8587.0
2437	8514.0
2438	8627.0
2439	8633.0
2440	8627.0
2441	8704.0
2442	8725.0
2443	8666.0
2444	8576.0
2445	8622.0
2446	8602.0
2447	8575.0
2448	8564.0
2449	8674.0
2450	8617.0
2451	8659.0
2452	8677.0
2453	8660.0
2454	8653.0
2455	8589.0
2456	8600.0
2457	8648.0
2458	8723.0
2459	8711.0
2460	8634.0
2461	8679.0
2462	8654.0
2463	8604.0
2464	8606.0
2465	8642.0
2466	8606.0
2467	8562.0
2468	8549.0
2469	8678.0
2470	8662.0
2471	8646.0
2472	8561.0
2473	8669.0
2474	8668.0
2475	8623.0
2476	8540.0
2477	8549.0
2478	8511.0
2479	8597.0
2480	8589.0
2481	8546.0
2482	8481.0
2483	8514.0
2484	8552.0
2485	8571.0
2486	8599.0
2487	8574.0
2488	8686.0
2489	8576.0
2490	8695.0
2491	8670.0
2492	8718.0
2493	8685.0
2494	8668.0
2495	8723.0
2496	8637.0
2497	8710.0
2498	8690.0
2499	8714.0
2500	8620.0
2501	8566.0
2502	8647.0
2503	8703.0
2504	8596.0
2505	8568.0
2506	8602.0
2507	8618.0
2508	8682.0
2509	8756.0
2510	8637.0
2511	8602.0
2512	8726.0
2513	8628.0
2514	8620.0
2515	8688.0
2516	8654.0
2517	8714.0
2518	8663.0
2519	8656.0
2520	8738.0
2521	8625.0
2522	8522.0
2523	8544.0
2524	8613.0
2525	8618.0
2526	8639.0
2527	8659.0
2528	8605.0
2529	8507.0
2530	8530.0
2531	8631.0
2532	8559.0
2533	8575.0
2534	8618.0
2535	8693.0
2536	8724.0
2537	8599.0
2538	8630.0
2539	8623.0
2540	8687.0
2541	8621.0
2542	8634.0
2543	8674.0
2544	8670.0
2545	8651.0
2546	8641.0
2547	8662.0
2548	8627.0
2549	8629.0
2550	8685.0
2551	8636.0
2552	8695.0
2553	8777.0
2554	8688.0
2555	8711.0
2556	8717.0
2557	8711.0
2558	8739.0
2559	8744.0
2560	8706.0
2561	8631.0
2562	8583.0
2563	8630.0
2564	8660.0
2565	8644.0
2566	8594.0
2567	8603.0
2568	8599.0
2569	8523.0
2570	8619.0
2571	8734.0
2572	8741.0
2573	8664.0
2574	8590.0
2575	8578.0
2576	8568.0
2577	8637.0
2578	8606.0
2579	8620.0
2580	8598.0
2581	8589.0
2582	8600.0
2583	8524.0
2584	8606.0
2585	8637.0
2586	8710.0
2587	8790.0
2588	8751.0
2589	8634.0
2590	8642.0
2591	8573.0
2592	8644.0
2593	8608.0
2594	8575.0
2595	8526.0
2596	8578.0
2597	8627.0
2598	8708.0
2599	8644.0
2600	8644.0
2601	8643.0
2602	8649.0
2603	8646.0
2604	8647.0
2605	8589.0
2606	8578.0
2607	8602.0
2608	8484.0
2609	8516.0
2610	8542.0
2611	8474.0
2612	8475.0
2613	8514.0
2614	8608.0
2615	8607.0
2616	8683.0
2617	8606.0
2618	8624.0
2619	8640.0
2620	8708.0
2621	8732.0
2622	8727.0
2623	8723.0
2624	8667.0
2625	8624.0
2626	8721.0
2627	8711.0
2628	8782.0
2629	8586.0
2630	8679.0
2631	8711.0
2632	8653.0
2633	8671.0
2634	8742.0
2635	8845.0
2636	8692.0
2637	8650.0
2638	8553.0
2639	8532.0
2640	8553.0
2641	8555.0
2642	8580.0
2643	8541.0
2644	8653.0
2645	8647.0
2646	8638.0
2647	8585.0
2648	8609.0
2649	8654.0
2650	8716.0
2651	8631.0
2652	8597.0
2653	8647.0
2654	8646.0
2655	8625.0
2656	8609.0
2657	8593.0
2658	8645.0
2659	8666.0
2660	8645.0
2661	8736.0
2662	8789.0
2663	8725.0
2664	8683.0
2665	8648.0
2666	8635.0
2667	8648.0
2668	8637.0
2669	8686.0
2670	8643.0
2671	8685.0
2672	8749.0
2673	8750.0
2674	8693.0
2675	8678.0
2676	8673.0
2677	8763.0
2678	8675.0
2679	8713.0
2680	8676.0
2681	8626.0
2682	8587.0
2683	8551.0
2684	8583.0
2685	8612.0
2686	8635.0
2687	8657.0
2688	8668.0
2689	8601.0
2690	8678.0
2691	8630.0
2692	8619.0
2693	8526.0
2694	8540.0
2695	8601.0
2696	8628.0
2697	8630.0
2698	8593.0
2699	8476.0
2700	8589.0
2701	8679.0
2702	8694.0
2703	8681.0
2704	8687.0
2705	8679.0
2706	8580.0
2707	8584.0
2708	8603.0
2709	8647.0
2710	8556.0
2711	8633.0
2712	8719.0
2713	8772.0
2714	8773.0
2715	8754.0
2716	8816.0
2717	8899.0
2718	8799.0
2719	8779.0
2720	8764.0
2721	8706.0
2722	8702.0
2723	8620.0
2724	8693.0
2725	8708.0
2726	8695.0
2727	8629.0
2728	8707.0
2729	8691.0
2730	8641.0
2731	8622.0
2732	8666.0
2733	8679.0
2734	8608.0
2735	8689.0
2736	8672.0
2737	8695.0
2738	8733.0
2739	8759.0
2740	8761.0
2741	8777.0
2742	8717.0
2743	8668.0
2744	8635.0
2745	8621.0
2746	8635.0
2747	8561.0
2748	8598.0
2749	8592.0
2750	8665.0
2751	8650.0
2752	8613.0
2753	8639.0
2754	8584.0
2755	8651.0
2756	8654.0
2757	8645.0
2758	8584.0
2759	8687.0
2760	8613.0
2761	8575.0
2762	8626.0
2763	8510.0
2764	8555.0
2765	8514.0
2766	8446.0
2767	8432.0
2768	8505.0
2769	8397.0
2770	8443.0
2771	8519.0
2772	8584.0
2773	8670.0
2774	8643.0
2775	8699.0
2776	8667.0
2777	8644.0
2778	8579.0
2779	8588.0
2780	8497.0
2781	8596.0
2782	8742.0
2783	8625.0
2784	8585.0
2785	8605.0
2786	8637.0
2787	8608.0
2788	8582.0
2789	8534.0
2790	8607.0
2791	8636.0
2792	8657.0
2793	8598.0
2794	8632.0
2795	8568.0
2796	8620.0
2797	8625.0
2798	8584.0
2799	8670.0
2800	8703.0
2801	8676.0
2802	8655.0
2803	8658.0
2804	8745.0
2805	8795.0
2806	8703.0
2807	8684.0
2808	8590.0
2809	8710.0
2810	8678.0
2811	8629.0
2812	8644.0
2813	8759.0
2814	8673.0
2815	8523.0
2816	8627.0
2817	8578.0
2818	8698.0
2819	8676.0
2820	8594.0
2821	8576.0
2822	8668.0
2823	8689.0
2824	8751.0
2825	8682.0
2826	8661.0
2827	8729.0
2828	8745.0
2829	8739.0
2830	8810.0
2831	8784.0
2832	8792.0
2833	8789.0
2834	8803.0
2835	8665.0
2836	8690.0
2837	8693.0
2838	8645.0
2839	8637.0
2840	8635.0
2841	8590.0
2842	8609.0
2843	8673.0
2844	8655.0
2845	8607.0
2846	8697.0
2847	8614.0
2848	8656.0
2849	8696.0
2850	8626.0
2851	8719.0
2852	8703.0
2853	8631.0
2854	8676.0
2855	8565.0
2856	8686.0
2857	8633.0
2858	8658.0
2859	8758.0
2860	8703.0
2861	8751.0
2862	8749.0
2863	8690.0
2864	8702.0
2865	8722.0
2866	8595.0
2867	8721.0
2868	8735.0
2869	8822.0
2870	8752.0
2871	8721.0
2872	8755.0
2873	8789.0
2874	8770.0
2875	8654.0
2876	8743.0
2877	8737.0
2878	8644.0
2879	8632.0
2880	8727.0
2881	8612.0
2882	8701.0
2883	8691.0
2884	8700.0
2885	8717.0
2886	8794.0
2887	8771.0
2888	8742.0
2889	8723.0
2890	8742.0
2891	8809.0
2892	8716.0
2893	8639.0
2894	8645.0
2895	8661.0
2896	8652.0
2897	8683.0
2898	8602.0
2899	8627.0
2900	8614.0
2901	8587.0
2902	8593.0
2903	8664.0
2904	8585.0
2905	8652.0
2906	8729.0
2907	8713.0
2908	8700.0
2909	8689.0
2910	8610.0
2911	8563.0
2912	8575.0
2913	8566.0
2914	8652.0
2915	8667.0
2916	8630.0
2917	8663.0
2918	8712.0
2919	8614.0
2920	8750.0
2921	8707.0
2922	8710.0
2923	8650.0
2924	8663.0
2925	8603.0
2926	8583.0
2927	8587.0
2928	8602.0
2929	8645.0
2930	8592.0
2931	8612.0
2932	8677.0
2933	8636.0
2934	8603.0
2935	8567.0
2936	8567.0
2937	8625.0
2938	8543.0
2939	8567.0
2940	8572.0
2941	8594.0
2942	8700.0
2943	8599.0
2944	8675.0
2945	8667.0
2946	8749.0
2947	8713.0
2948	8631.0
2949	8605.0
2950	8660.0
2951	8688.0
2952	8620.0
2953	8652.0
2954	8567.0
2955	8652.0
2956	8664.0
2957	8592.0
2958	8683.0
2959	8661.0
2960	8746.0
2961	8762.0
2962	8720.0
2963	8640.0
2964	8710.0
2965	8644.0
2966	8693.0
2967	8672.0
2968	8698.0
2969	8668.0
2970	8745.0
2971	8650.0
2972	8661.0
2973	8714.0
2974	8682.0
2975	8838.0
2976	8832.0
2977	8835.0
2978	8795.0
2979	8738.0
2980	8728.0
2981	8748.0
2982	8807.0
2983	8759.0
2984	8747.0
2985	8753.0
2986	8696.0
2987	8772.0
2988	8737.0
2989	8793.0
2990	8753.0
2991	8744.0
2992	8697.0
2993	8671.0
2994	8631.0
2995	8631.0
2996	8638.0
2997	8586.0
2998	8531.0
2999	8624.0
3000	8670.0
1001	-7.115
1002	8.876
1003	20.87
1004	-2.313
1005	4.428
1006	9.143
1007	-3.027
1008	8.183
1009	8.267
1010	-20.13
1011	6.713
1012	10.8
1013	-60.79
1014	8.14
1015	-10.72
1016	19.8
1017	22.21
1018	-15.51
1019	-11.88
1020	-14.8
1021	-1.676
1022	2.027
1023	-18.8
1024	14.67
1025	19.62
1026	14.88
1027	-6.591
1028	-3.973
1029	-32.75
1030	19.8
1031	0.8902
1032	-21.7
1033	-31.68
1034	-8.075
1035	-26.18
1036	-15.37
1037	-12.06
1038	5.019
1039	-1.088
1040	14.82
1041	-8.922
1042	-4.477
1043	-10.04
1044	-27.2
1045	8.886
1046	-23.27
1047	-12.68
1048	2.278
1049	-0.4926
1050	-22.99
1051	21.99
1052	-22.43
1053	8.925
1054	14.29
1055	-23.56
1056	11.62
1057	-32.57
1058	-23.29
1059	5.578
1060	7.037
1061	0.9126
1062	-28.72
1063	26.64
1064	-15.3
1065	-9.969
1066	2.717
1067	-5.943
1068	-6.549
1069	5.163
1070	15.03
1071	36.76
1072	-5.392
1073	8.497
1074	-34.27
1075	-13.02
1076	-5.467
1077	-80.75
1078	10.57
1079	-4.564
1080	8.843
1081	13.61
1082	23.05
1083	17.78
1084	5.0
1085	4.471
1086	36.49
1087	-19.29
1088	-9.011
1089	31.99
1090	10.67
1091	-1.486
1092	-2.521
1093	2.292
1094	-1.223
1095	-16.96
1096	-32.59
1097	-4.666
1098	-15.58
1099	-3.762
1100	4.377
1101	14.66
1102	19.61
1103	0.2287
1104	-26.11
1105	-3.67
1106	-22.53
1107	12.36
1108	6.946
1109	2.109
1110	-17.52
1111	-31.46
1112	1.461
1113	-20.35
1114	-17.18
1115	-3.883
1116	10.65
1117	-0.328
1118	-19.64
1119	6.856
1120	5.59
1121	-2.397
1122	-13.25
1123	-42.32
1124	-14.17
1125	0.09628
1126	-9.988
1127	-7.574
1128	-23.81
1129	-21.93
1130	-26.2
1131	-2.907
1132	3.108
1133	5.413
1134	7.697
1135	-15.94
1136	-8.453
1137	28.59
1138	3.351
1139	-47.04
1140	-1.146
1141	31.9
1142	-11.03
1143	-19.51
1144	22.76
1145	9.063
1146	-16.54
1147	14.88
1148	-5.52
1149	-0.1867
1150	-6.649
1151	9.062
1152	-0.3997
1153	-14.41
1154	-7.145
1155	-16.64
1156	-48.62
1157	31.03
1158	14.87
1159	-5.069
1160	15.46
1161	3.633
1162	4.204
1163	3.344
1164	10.6
1165	-21.37
1166	-14.84
1167	-10.73
1168	12.76
1169	-0.01136
1170	-8.552
1171	-18.06
1172	-7.525
1173	14.36
1174	14.24
1175	7.8
1176	-11.19
1177	1.428
1178	11.46
1179	-9.641
1180	-6.532
1181	-5.077
1182	-19.17
1183	-11.62
1184	-3.609
1185	4.268
1186	27.5
1187	20.7
1188	-9.878
1189	-3.526
1190	22.35
1191	20.45
1192	-2.765
1193	36.67
1194	23.74
1195	-35.59
1196	16.94
1197	-24.55
1198	-2.949
1199	23.55
1200	14.89
1201	1.329
1202	1.68
1203	33.74
1204	-1.8
1205	-10.07
1206	0.1656
1207	-7.965
1208	10.79
1209	20.26
1210	-29.74
1211	-12.41
1212	11.96
1213	-0.5292
1214	-5.741
1215	35.93
1216	-2.738
1217	-22.37
1218	-21.22
1219	-30.36
1220	-19.62
1221	-27.67
1222	8.901
1223	-17.68
1224	-4.929
1225	-3.036
1226	-27.0
1227	-13.37
1228	4.944
1229	-31.72
1230	-3.188
1231	19.14
1232	1.908
1233	24.79
1234	-25.96
1235	22.3
1236	5.292
1237	-12.67
1238	19.19
1239	19.96
1240	0.9583
1241	6.94
1242	21.89
1243	8.84
1244	-0.07956
1245	-21.78
1246	-30.86
1247	0.9639
1248	-0.7725
1249	-6.129
1250	-16.25
1251	4.179
1252	6.537
1253	4.081
1254	29.06
1255	-4.914
1256	6.834
1257	-29.56
1258	-24.68
1259	-21.58
1260	-7.86
1261	9.748
1262	-20.15
1263	-36.51
1264	5.71
1265	7.198
1266	-0.6689
1267	41.79
1268	14.03
1269	-9.266
1270	9.983
1271	-46.55
1272	-14.86
1273	5.384
1274	-1.73
1275	2.612
1276	-25.63
1277	-7.291
1278	2.965
1279	14.47
1280	15.43
1281	-11.93
1282	20.38
1283	8.218
1284	11.87
1285	-14.88
1286	5.912
1287	-5.604
1288	21.91
1289	-10.05
1290	0.2788
1291	-1.736
1292	12.68
1293	12.16
1294	15.53
1295	-16.23
1296	-6.856
1297	-15.53
1298	-28.95
1299	-19.78
1300	7.332
1301	-13.01
1302	-6.486
1303	10.67
1304	-2.455
1305	22.62
1306	13.18
1307	-13.33
1308	-8.873
1309	1.562
1310	11.18
1311	-18.4
1312	5.209
1313	-2.112
1314	-11.84
1315	-21.48
1316	-19.77
1317	-10.14
1318	12.45
1319	-10.45
1320	-13.59
1321	13.99
1322	-11.43
1323	16.72
1324	5.361
1325	23.59
1326	-11.79
1327	-12.84
1328	-14.94
1329	28.42
1330	26.27
1331	3.92
1332	43.12
1333	-2.903
1334	3.302
1335	-1.865
1336	15.66
1337	5.065
1338	10.34
1339	17.52
1340	-23.43
1341	16.18
1342	-2.918
1343	2.821
1344	30.45
1345	-13.21
1346	8.729
1347	-3.25
1348	-9.012
1349	-28.8
1350	20.53
1351	26.83
1352	-3.812
1353	17.91
1354	3.485
1355	0.2669
1356	9.129
1357	-26.39
1358	13.89
1359	26.22
1360	3.667
1361	13.26
1362	2.157
1363	6.799
1364	4.239
1365	2.079
1366	-17.71
1367	-15.06
1368	-34.09
1369	28.2
1370	38.82
1371	9.086
1372	-25.61
1373	-4.94
1374	18.87
1375	-14.9
1376	-15.99
1377	7.806
1378	11.56
1379	9.938
1380	-4.452
1381	-34.27
1382	14.67
1383	15.84
1384	26.47
1385	20.68
1386	24.98
1387	4.98
1388	5.531
1389	-36.37
1390	-10.38
1391	-7.862
1392	3.492
1393	9.005
1394	9.602
1395	-14.23
1396	21.58
1397	-0.6456
1398	-4.848
1399	6.231
1400	15.95
1401	-4.965
1402	21.44
1403	-19.27
1404	-14.13
1405	10.58
1406	10.66
1407	9.004
1408	1.331
1409	8.953
1410	-20.57
1411	-5.807
1412	-10.6
1413	-6.128
1414	4.371
1415	-3.339
1416	1.091
1417	16.74
1418	5.261
1419	0.7414
1420	8.402
1421	-55.07
1422	-9.21
1423	11.45
1424	-22.55
1425	27.65
1426	-25.48
1427	-12.31
1428	-15.97
1429	-2.397
1430	2.011
1431	-0.8913
1432	9.262
1433	5.619
1434	9.277
1435	-3.272
1436	-11.71
1437	-5.409
1438	3.875
1439	3.948
1440	23.71
1441	21.55
1442	18.0
1443	-4.974
1444	26.72
1445	-16.77
1446	-23.97
1447	-8.67
1448	-12.57
1449	-10.01
1450	-3.605
1451	-21.56
1452	-6.909
1453	-10.37
1454	9.216
1455	12.83
1456	-1.18
1457	-51.24
1458	-8.125
1459	6.923
1460	-22.35
1461	-22.7
1462	15.79
1463	-18.61
1464	29.08
1465	-19.5
1466	-34.93
1467	10.86
1468	-14.15
1469	-20.84
1470	18.63
1471	11.47
1472	8.528
1473	20.65
1474	-6.869
1475	9.945
1476	11.63
1477	-13.38
1478	25.56
1479	31.41
1480	11.88
1481	6.726
1482	-16.12
1483	15.96
1484	10.57
1485	-15.67
1486	-16.86
1487	-15.24
1488	-35.6
1489	6.94
1490	-11.35
1491	-1.468
1492	10.96
1493	-28.57
1494	-5.533
1495	-3.712
1496	-12.54
1497	-5.909
1498	23.3
1499	3.211
1500	5.127
1501	-5.67
1502	-36.3
1503	-8.853
1504	2.157
1505	-38.77
1506	-2.167
1507	22.58
1508	-4.785
1509	-24.41
1510	-11.78
1511	-2.827
1512	13.01
1513	12.21
1514	-3.013
1515	-11.34
1516	-21.94
1517	-15.58
1518	-2.171
1519	0.5556
1520	12.21
1521	14.59
1522	9.842
1523	5.903
1524	-28.27
1525	-4.133
1526	11.44
1527	-28.99
1528	-29.44
1529	3.515
1530	0.9914
1531	-24.8
1532	-5.838
1533	-17.51
1534	-42.11
1535	7.597
1536	-1.153
1537	-0.4248
1538	10.37
1539	0.1482
1540	-14.81
1541	-3.866
1542	-2.15
1543	16.44
1544	-0.6836
1545	17.31
1546	-6.559
1547	-5.513
1548	0.9643
1549	-19.96
1550	-50.32
1551	-17.68
1552	1.979
1553	-5.336
1554	2.916
1555	-3.443
1556	-20.57
1557	10.82
1558	0.7285
1559	14.81
1560	-6.826
1561	13.25
1562	-13.25
1563	-19.48
1564	14.58
1565	8.348
1566	3.709
1567	-4.442
1568	-9.149
1569	2.417
1570	-7.42
1571	2.114
1572	12.14
1573	-3.189
1574	-37.51
1575	0.1642
1576	2.089
1577	14.18
1578	16.86
1579	8.973
1580	-10.54
1581	10.28
1582	16.08
1583	16.8
1584	-29.09
1585	-22.35
1586	9.411
1587	-4.311
1588	16.98
1589	13.96
1590	19.33
1591	12.86
1592	13.31
1593	-7.219
1594	1.013
1595	1.496
1596	-12.81
1597	0.7685
1598	42.22
1599	-18.84
1600	5.368
1601	1.573
1602	10.69
1603	-8.258
1604	-9.356
1605	-10.79
1606	-12.46
1607	20.08
1608	-20.86
1609	9.98
1610	-31.33
1611	-13.88
1612	21.42
1613	-8.822
1614	43.69
1615	-27.49
1616	1.511
1617	-34.65
1618	-21.26
1619	4.915
1620	13.99
1621	-16.13
1622	-2.062
1623	-3.16
1624	8.349
1625	3.464
1626	24.29
1627	-5.598
1628	27.59
1629	11.96
1630	10.12
1631	2.546
1632	6.885
1633	20.04
1634	-3.813
1635	0.2454
1636	-2.972
1637	9.15
1638	-5.883
1639	-13.1
1640	-9.163
1641	-0.5171
1642	9.353
1643	-3.225
1644	-11.57
1645	-0.5614
1646	-1.21
1647	-6.101
1648	-2.185
1649	6.818
1650	33.36
1651	16.06
1652	10.57
1653	12.96
1654	4.827
1655	-16.13
1656	-17.38
1657	-24.8
1658	7.223
1659	18.16
1660	-10.93
1661	-14.85
1662	-13.57
1663	12.45
1664	-1.612
1665	-0.3537
1666	25.57
1667	1.352
1668	-1.207
1669	12.95
1670	-14.43
1671	-3.121
1672	-0.06838
1673	12.01
1674	-13.19
1675	2.975
1676	7.037
1677	6.295
1678	-16.93
1679	1.261
1680	14.4
1681	-7.903
1682	7.489
1683	5.951
1684	19.97
1685	2.58
1686	23.88
1687	13.34
1688	7.4
1689	14.2
1690	-31.07
1691	-33.42
1692	-32.92
1693	13.08
1694	-7.912
1695	-16.62
1696	23.26
1697	3.402
1698	-2.856
1699	-13.94
1700	0.8827
1701	7.162
1702	10.24
1703	8.85
1704	20.19
1705	1.19
1706	13.46
1707	-2.088
1708	-22.17
1709	-20.77
1710	7.173
1711	2.003
1712	-14.35
1713	-0.03648
1714	-19.52
1715	4.127
1716	-9.947
1717	12.51
1718	13.21
1719	19.8
1720	13.76
1721	12.14
1722	5.444
1723	10.83
1724	20.32
1725	23.91
1726	34.49
1727	-0.4563
1728	-24.73
1729	-9.19
1730	6.917
1731	4.844
1732	11.89
1733	-7.595
1734	-23.49
1735	-0.3518
1736	15.8
1737	35.52
1738	16.65
1739	2.014
1740	2.566
1741	-10.09
1742	-1.144
1743	-21.98
1744	-19.3
1745	-12.88
1746	-18.81
1747	6.632
1748	-5.53
1749	4.325
1750	-26.02
1751	7.369
1752	13.02
1753	-13.54
1754	13.77
1755	-0.1492
1756	19.05
1757	8.386
1758	-32.59
1759	24.06
1760	-35.17
1761	-6.345
1762	-15.47
1763	-9.233
1764	-8.831
1765	-22.06
1766	-51.6
1767	37.07
1768	-1.648
1769	-18.11
1770	-9.076
1771	3.348
1772	-6.056
1773	-34.37
1774	-37.39
1775	6.332
1776	6.615
1777	7.084
1778	-6.96
1779	4.147
1780	27.8
1781	13.68
1782	-24.03
1783	-35.35
1784	-20.98
1785	-14.04
1786	5.949
1787	-32.06
1788	-7.588
1789	2.947
1790	-14.21
1791	-1.624
1792	4.203
1793	12.82
1794	2.022
1795	18.39
1796	23.63
1797	13.84
1798	-0.9654
1799	1.642
1800	5.699
1801	-10.78
1802	15.24
1803	21.63
1804	2.826
1805	-20.55
1806	-2.975
1807	17.95
1808	-0.004219
1809	21.57
1810	8.656
1811	-3.561
1812	14.21
1813	6.971
1814	12.35
1815	5.503
1816	-6.029
1817	24.01
1818	1.115
1819	29.42
1820	8.781
1821	0.1668
1822	-0.3554
1823	-16.17
1824	10.41
1825	-8.085
1826	29.95
1827	0.851
1828	-37.64
1829	-20.23
1830	-14.21
1831	-17.6
1832	-11.34
1833	-25.81
1834	11.68
1835	17.5
1836	-15.63
1837	-51.63
1838	-20.07
1839	-25.15
1840	-5.814
1841	-40.24
1842	-13.07
1843	28.13
1844	-25.6
1845	-15.85
1846	0.138
1847	-5.258
1848	-10.96
1849	-16.41
1850	-10.36
1851	7.804
1852	-10.56
1853	-1.273
1854	0.8649
1855	-19.84
1856	-2.35
1857	9.746
1858	-5.742
1859	1.247
1860	13.9
1861	13.35
1862	-37.06
1863	-29.47
1864	-8.467
1865	14.99
1866	-13.41
1867	-9.283
1868	-2.513
1869	0.4491
1870	3.458
1871	-22.49
1872	-8.491
1873	18.18
1874	-13.37
1875	12.32
1876	-0.1357
1877	-4.489
1878	-0.5316
1879	6.875
1880	9.274
1881	-39.65
1882	0.7911
1883	-12.46
1884	11.38
1885	-11.15
1886	-0.09107
1887	10.79
1888	4.331
1889	-1.79
1890	17.68
1891	-3.493
1892	8.448
1893	25.79
1894	16.15
1895	6.246
1896	-10.5
1897	0.8578
1898	-0.3949
1899	3.873
1900	-42.84
1901	-16.18
1902	-24.48
1903	19.32
1904	-12.62
1905	13.62
1906	-11.61
1907	1.596
1908	-5.854
1909	-3.643
1910	-20.5
1911	16.65
1912	33.96
1913	-31.26
1914	-26.21
1915	-15.27
1916	8.806
1917	0.5194
1918	-14.1
1919	11.14
1920	2.976
1921	-26.13
1922	2.377
1923	-6.938
1924	24.45
1925	19.11
1926	2.557
1927	-8.615
1928	-16.1
1929	4.485
1930	-18.54
1931	-5.937
1932	-35.41
1933	-21.46
1934	7.305
1935	1.296
1936	-2.961
1937	10.27
1938	8.342
1939	-12.95
1940	-13.3
1941	4.37
1942	4.306
1943	-5.852
1944	-8.718
1945	5.09
1946	-18.05
1947	-13.03
1948	-5.037
1949	-11.55
1950	2.52
1951	-6.325
1952	6.102
1953	15.5
1954	20.9
1955	-40.07
1956	12.81
1957	-17.49
1958	-19.77
1959	-17.77
1960	-25.88
1961	-8.824
1962	-32.67
1963	-11.2
1964	11.89
1965	-3.369
1966	16.35
1967	7.89
1968	-13.01
1969	-26.64
1970	-6.914
1971	6.25
1972	-12.42
1973	-4.37
1974	-8.369
1975	-33.09
1976	-21.71
1977	-18.71
1978	18.69
1979	21.51
1980	-47.81
1981	8.957
1982	-24.99
1983	28.58
1984	15.87
1985	5.964
1986	14.38
1987	30.9
1988	-22.38
1989	-1.33
1990	2.825
1991	-11.1
1992	-15.22
1993	-4.081
1994	4.412
1995	-32.23
1996	-0.7624
1997	-8.875
1998	8.289
1999	-47.39
2000	-37.19
2001	-2.324
2002	-5.022
2003	4.999
2004	12.29
2005	2.625
2006	-22.07
2007	-5.936
2008	-24.37
2009	-39.2
2010	7.399
2011	29.79
2012	-10.3
2013	-4.849
2014	5.249
2015	2.092
2016	10.48
2017	13.12
2018	15.98
2019	9.938
2020	18.09
2021	30.68
2022	-6.944
2023	36.36
2024	-3.072
2025	19.27
2026	13.18
2027	-17.18
2028	8.802
2029	-20.42
2030	32.29
2031	4.509
2032	-7.641
2033	12.3
2034	10.84
2035	-0.9749
2036	3.281
2037	-5.793
2038	-8.713
2039	22.53
2040	-20.69
2041	11.72
2042	9.816
2043	2.802
2044	-0.5249
2045	-8.108
2046	2.867
2047	6.683
2048	-23.69
2049	-0.5531
2050	-31.4
2051	8.131
2052	10.74
2053	15.99
2054	1.184
2055	-34.18
2056	5.513
2057	-7.159
2058	10.57
2059	8.817
2060	24.69
2061	-9.184
2062	15.44
2063	10.29
2064	-26.41
2065	-9.368
2066	2.481
2067	-3.601
2068	-5.164
2069	-16.06
2070	6.589
2071	7.015
2072	12.68
2073	3.721
2074	2.822
2075	11.51
2076	-8.52
2077	-4.592
2078	-1.661
2079	-3.525
2080	-9.832
2081	-39.89
2082	-11.28
2083	-28.06
2084	8.103
2085	-7.646
2086	-5.331
2087	5.908
2088	22.27
2089	9.33
2090	-25.2
2091	-21.06
2092	9.378
2093	18.18
2094	16.41
2095	-22.72
2096	-4.196
2097	11.6
2098	31.99
2099	6.283
2100	20.53
2101	-18.09
2102	-11.85
2103	-24.63
2104	8.152
2105	3.492
2106	9.649
2107	-3.245
2108	18.76
2109	14.51
2110	12.91
2111	24.81
2112	17.92
2113	0.5295
2114	3.239
2115	13.13
2116	-18.28
2117	0.3746
2118	10.07
2119	-6.949
2120	-0.6483
2121	-34.64
2122	12.23
2123	-15.4
2124	6.733
2125	-15.23
2126	-3.524
2127	19.41
2128	1.516
2129	-7.845
2130	30.13
2131	0.6835
2132	-7.867
2133	1.245
2134	-9.55
2135	-34.57
2136	-6.182
2137	-3.542
2138	-29.5
2139	-22.69
2140	16.6
2141	20.17
2142	-18.12
2143	-1.073
2144	6.907
2145	13.11
2146	-1.507
2147	1.734
2148	3.162
2149	11.98
2150	14.24
2151	1.559
2152	9.11
2153	-1.157
2154	-2.253
2155	-2.134
2156	-12.47
2157	10.26
2158	7.142
2159	0.3519
2160	-10.17
2161	-3.806
2162	-5.075
2163	38.69
2164	9.029
2165	4.973
2166	7.655
2167	-29.76
2168	4.673
2169	-18.13
2170	-12.51
2171	17.2
2172	-12.14
2173	5.775
2174	-20.63
2175	12.85
2176	7.323
2177	-0.5002
2178	-5.145
2179	6.172
2180	9.616
2181	1.971
2182	-17.83
2183	-7.323
2184	-8.234
2185	-23.81
2186	-21.21
2187	-17.01
2188	16.13
2189	-1.452
2190	6.792
2191	27.25
2192	-28.87
2193	-0.733
2194	2.682
2195	30.69
2196	10.58
2197	-17.31
2198	0.8508
2199	8.645
2200	-15.34
2201	-30.01
2202	-3.852
2203	0.2487
2204	-14.15
2205	-28.03
2206	-16.85
2207	-3.335
2208	-26.54
2209	-24.14
2210	-21.26
2211	-1.503
2212	13.71
2213	14.3
2214	36.42
2215	-20.16
2216	12.09
2217	-32.19
2218	-17.32
2219	10.04
2220	3.149
2221	-14.86
2222	11.07
2223	-4.556
2224	-5.472
2225	8.652
2226	3.597
2227	-31.27
2228	6.25
2229	2.243
2230	-5.32
2231	17.7
2232	2.054
2233	10.28
2234	24.91
2235	14.13
2236	0.5235
2237	-6.921
2238	-22.38
2239	17.91
2240	-2.863
2241	25.47
2242	-18.71
2243	26.49
2244	24.42
2245	-4.79
2246	23.22
2247	12.56
2248	-13.1
2249	-7.223
2250	-34.42
2251	-18.82
2252	-32.52
2253	22.78
2254	13.08
2255	-18.61
2256	-16.23
2257	-19.81
2258	33.43
2259	-2.671
2260	-38.06
2261	10.48
2262	-14.54
2263	11.94
2264	-26.46
2265	-27.52
2266	11.89
2267	11.28
2268	-1.227
2269	-6.088
2270	-17.11
2271	10.5
2272	2.585
2273	11.94
2274	5.061
2275	-26.76
2276	6.071
2277	14.18
2278	-2.263
2279	17.5
2280	-8.07
2281	-19.45
2282	-4.474
2283	-2.205
2284	-14.07
2285	0.2054
2286	-29.2
2287	15.3
2288	-3.334
2289	1.138
2290	12.55
2291	-23.3
2292	-4.067
2293	-3.284
2294	-18.43
2295	-8.901
2296	-9.813
2297	1.217
2298	10.37
2299	17.16
2300	-32.74
2301	-21.25
2302	-0.7001
2303	0.5403
2304	16.46
2305	26.54
2306	19.26
2307	7.085
2308	-3.121
2309	-16.37
2310	0.9749
2311	-9.316
2312	-23.96
2313	-3.627
2314	-17.57
2315	-1.157
2316	-3.818
2317	-3.499
2318	10.02
2319	7.796
2320	-17.67
2321	2.89
2322	-17.89
2323	-27.85
2324	-2.56
2325	-9.7
2326	-16.59
2327	-2.635
2328	8.025
2329	-11.07
2330	28.61
2331	-9.728
2332	-16.59
2333	8.337
2334	14.99
2335	5.801
2336	18.87
2337	7.047
2338	2.122
2339	-23.7
2340	15.88
2341	-6.75
2342	-29.12
2343	-1.716
2344	23.56
2345	-12.24
2346	6.337
2347	-35.51
2348	-27.71
2349	6.294
2350	-20.05
2351	19.83
2352	1.529
2353	1.517
2354	-48.04
2355	-18.67
2356	-42.88
2357	-28.71
2358	2.769
2359	-22.57
2360	-1.72
2361	6.063
2362	12.68
2363	-2.523
2364	-9.427
2365	4.271
2366	12.85
2367	1.588
2368	-2.317
2369	-31.14
2370	8.702
2371	18.07
2372	14.88
2373	-0.8505
2374	-0.905
2375	-7.842
2376	19.85
2377	-14.71
2378	24.72
2379	10.79
2380	4.093
2381	-3.986
2382	-44.26
2383	3.637
2384	-31.25
2385	12.43
2386	-16.38
2387	-9.893
2388	-14.31
2389	-34.88
2390	-14.91
2391	8.987
2392	13.89
2393	13.99
2394	31.58
2395	4.802
2396	4.461
2397	-2.792
2398	20.76
2399	-16.82
2400	7.566
2401	3.759
2402	-5.51
2403	13.08
2404	20.24
2405	2.99
2406	0.9886
2407	1.92
2408	-3.597
2409	12.32
2410	-15.4
2411	33.68
2412	16.83
2413	-5.149
2414	11.92
2415	-3.838
2416	18.34
2417	4.063
2418	-27.18
2419	17.33
2420	-23.95
2421	-0.8243
2422	13.52
2423	11.44
2424	27.96
2425	-24.28
2426	-9.376
2427	4.685
2428	-1.281
2429	-19.98
2430	-2.616
2431	10.21
2432	15.47
2433	7.212
2434	-1.119
2435	-4.737
2436	12.72
2437	-9.92
2438	-32.75
2439	5.908
2440	-33.18
2441	-2.806
2442	2.086
2443	-7.404
2444	-9.676
2445	11.85
2446	2.507
2447	4.259
2448	14.28
2449	-16.8
2450	-9.972
2451	6.607
2452	-10.83
2453	7.575
2454	-10.64
2455	-17.99
2456	-8.439
2457	5.536
2458	-34.98
2459	14.16
2460	2.583
2461	-37.96
2462	-5.354
2463	-20.7
2464	11.77
2465	-3.693
2466	-65.75
2467	5.309
2468	-7.605
2469	-17.19
2470	1.841
2471	2.411
2472	13.14
2473	-10.66
2474	-2.512
2475	-6.579
2476	-9.043
2477	6.957
2478	-2.831
2479	-23.9
2480	1.981
2481	25.86
2482	-20.67
2483	-31.79
2484	1.81
2485	14.9
2486	-1.562
2487	3.398
2488	-20.39
2489	-22.12
2490	-6.556
2491	-20.58
2492	12.11
2493	6.879
2494	1.652
2495	6.879
2496	17.47
2497	19.78
2498	11.97
2499	-11.0
2500	9.014
2501	-15.9
2502	23.73
2503	16.71
2504	13.18
2505	19.42
2506	26.15
2507	4.983
2508	6.949
2509	-4.621
2510	14.23
2511	16.08
2512	-15.52
2513	0.04033
2514	13.47
2515	-13.01
2516	7.617
2517	3.815
2518	1.839
2519	10.89
2520	-32.29
2521	-19.8
2522	16.22
2523	6.277
2524	-3.862
2525	-15.03
2526	-21.45
2527	-24.21
2528	-4.42
2529	-14.54
2530	-3.216
2531	-70.04
2532	-7.3
2533	-23.68
2534	0.02843
2535	-11.77
2536	17.38
2537	-8.933
2538	14.17
2539	-15.64
2540	-1.874
2541	-6.721
2542	-6.982
2543	14.83
2544	12.74
2545	-9.445
2546	5.772
2547	17.24
2548	24.61
2549	-1.218
2550	-6.987
2551	-5.938
2552	5.665
2553	5.434
2554	-17.65
2555	-0.8318
2556	1.098
2557	-5.187
2558	14.65
2559	31.97
2560	1.619
2561	-13.98
2562	-12.1
2563	5.068
2564	0.4189
2565	-37.05
2566	-25.92
2567	10.21
2568	-2.986
2569	-10.55
2570	22.27
2571	-46.42
2572	3.838
2573	-11.89
2574	-3.831
2575	-9.977
2576	-4.52
2577	-2.101
2578	-16.02
2579	4.991
2580	-19.53
2581	12.66
2582	9.369
2583	12.5
2584	11.04
2585	-2.336
2586	3.284
2587	23.25
2588	6.995
2589	0.7159
2590	0.9092
2591	-2.902
2592	21.58
2593	9.92
2594	3.688
2595	3.652
2596	1.752
2597	-14.9
2598	-5.356
2599	-9.172
2600	25.94
2601	-4.376
2602	-5.524
2603	4.096
2604	1.078
2605	-10.01
2606	-22.94
2607	-12.81
2608	3.763
2609	-6.838
2610	11.4
2611	0.5821
2612	1.005
2613	-0.7782
2614	-33.35
2615	1.456
2616	-15.8
2617	-10.49
2618	2.744
2619	19.08
2620	-10.62
2621	-11.01
2622	14.63
2623	5.566
2624	-30.42
2625	-1.419
2626	-25.59
2627	16.7
2628	13.32
2629	-7.205
2630	17.62
2631	-3.332
2632	-9.317
2633	22.2
2634	-22.24
2635	-15.44
2636	0.5672
2637	3.103
2638	12.34
2639	-9.952
2640	-6.559
2641	-5.58
2642	-2.885
2643	-10.85
2644	-10.69
2645	3.971
2646	-29.78
2647	11.36
2648	-2.45
2649	1.492
2650	-1.436
2651	-15.35
2652	-11.71
2653	7.686
2654	43.48
2655	-13.7
2656	0.6788
2657	7.412
2658	4.771
2659	1.842
2660	20.04
2661	-8.118
2662	13.89
2663	1.705
2664	-4.01
2665	2.375
2666	5.163
2667	-20.52
2668	7.79
2669	3.586
2670	2.325
2671	22.45
2672	-20.14
2673	-0.07827
2674	-33.49
2675	-3.529
2676	2.547
2677	4.837
2678	19.53
2679	30.27
2680	3.329
2681	24.07
2682	17.6
2683	25.84
2684	-28.44
2685	-23.17
2686	-24.16
2687	-9.867
2688	-17.23
2689	16.9
2690	-15.07
2691	-1.517
2692	-3.311
2693	28.57
2694	5.005
2695	18.59
2696	3.862
2697	12.41
2698	-39.0
2699	21.73
2700	-17.69
2701	-2.249
2702	6.778
2703	-12.04
2704	-33.88
2705	-7.152
2706	-13.79
2707	-7.024
2708	20.09
2709	28.13
2710	-13.87
2711	8.847
2712	-11.52
2713	-4.939
2714	13.27
2715	-34.08
2716	4.157
2717	28.05
2718	-3.649
2719	14.91
2720	-5.097
2721	-2.251
2722	-5.355
2723	0.843
2724	-9.146
2725	-1.026
2726	-17.45
2727	-5.195
2728	-2.108
2729	23.28
2730	-19.33
2731	-4.815
2732	-0.5484
2733	-5.781
2734	-3.451
2735	-9.108
2736	3.856
2737	25.04
2738	6.924
2739	-19.92
2740	2.201
2741	21.04
2742	4.398
2743	-13.58
2744	-22.63
2745	3.678
2746	-3.481
2747	-2.592
2748	3.677
2749	-11.16
2750	12.38
2751	9.548
2752	6.489
2753	-0.3572
2754	14.09
2755	-12.2
2756	-24.85
2757	17.4
2758	-2.898
2759	3.366
2760	19.72
2761	22.9
2762	2.83
2763	-3.414
2764	-12.24
2765	6.422
2766	2.04
2767	-23.02
2768	-30.71
2769	-5.985
2770	-5.08
2771	-17.86
2772	9.853
2773	-16.22
2774	16.52
2775	23.09
2776	7.312
2777	-32.01
2778	17.45
2779	0.2705
2780	-25.08
2781	2.93
2782	15.93
2783	-2.114
2784	7.884
2785	2.386
2786	6.836
2787	21.17
2788	-15.62
2789	30.31
2790	-33.28
2791	-15.61
2792	-1.472
2793	-16.64
2794	-11.59
2795	19.5
2796	-0.1781
2797	1.423
2798	11.04
2799	17.26
2800	29.76
2801	-31.06
2802	4.829
2803	-1.235
2804	4.598
2805	-18.0
2806	-13.88
2807	6.402
2808	15.53
2809	12.23
2810	-15.61
2811	-2.772
2812	7.295
2813	18.98
2814	13.04
2815	-2.157
2816	-0.03364
2817	4.762
2818	7.467
2819	10.71
2820	-23.2
2821	-9.151
2822	-16.76
2823	5.01
2824	30.27
2825	11.5
2826	14.05
2827	-30.06
2828	-26.32
2829	-5.687
2830	-9.753
2831	-1.818
2832	-7.363
2833	-14.86
2834	-3.009
2835	-12.16
2836	7.806
2837	-34.27
2838	5.08
2839	-4.377
2840	0.361
2841	1.101
2842	-3.548
2843	-18.21
2844	9.541
2845	7.411
2846	-30.27
2847	-0.02337
2848	-27.84
2849	-15.34
2850	12.49
2851	11.71
2852	-32.94
2853	19.76
2854	-13.2
2855	2.233
2856	-46.27
2857	9.982
2858	6.772
2859	7.726
2860	-30.08
2861	5.102
2862	-0.04334
2863	7.116
2864	-18.59
2865	13.42
2866	-0.6153
2867	-16.83
2868	12.63
2869	10.6
2870	22.4
2871	25.95
2872	0.6249
2873	-12.55
2874	-4.711
2875	-8.956
2876	17.27
2877	-2.559
2878	-19.35
2879	-13.62
2880	4.534
2881	-13.82
2882	0.4561
2883	-0.9979
2884	-7.853
2885	7.109
2886	-2.362
2887	-6.905
2888	-25.45
2889	13.49
2890	-46.65
2891	-6.614
2892	17.78
2893	3.742
2894	-17.14
2895	-15.35
2896	-13.0
2897	30.07
2898	-14.98
2899	8.133
2900	-13.48
2901	5.973
2902	20.78
2903	3.824
2904	-7.565
2905	20.06
2906	-16.66
2907	-28.03
2908	2.152
2909	-20.74
2910	-3.161
2911	-21.93
2912	-2.674
2913	1.86
2914	-17.53
2915	21.88
2916	9.418
2917	7.424
2918	-27.46
2919	-35.71
2920	-39.96
2921	-47.4
2922	-9.325
2923	12.41
2924	4.754
2925	-6.342
2926	6.645
2927	-27.47
2928	-21.65
2929	-15.19
2930	-15.97
2931	8.566
2932	29.96
2933	16.14
2934	-35.53
2935	-19.83
2936	-32.5
2937	12.25
2938	6.852
2939	14.7
2940	18.7
2941	-0.6716
2942	-12.74
2943	-10.21
2944	-2.592
2945	6.206
2946	24.96
2947	-2.916
2948	9.44
2949	2.523
2950	-16.72
2951	-20.51
2952	17.93
2953	6.666
2954	10.7
2955	5.976
2956	9.163
2957	2.711
2958	16.28
2959	-4.294
2960	28.71
2961	10.55
2962	-16.04
2963	30.44
2964	-25.82
2965	7.824
2966	12.96
2967	3.595
2968	-3.545
2969	15.39
2970	-11.75
2971	0.6991
2972	-0.2968
2973	18.48
2974	12.35
2975	10.15
2976	-18.12
2977	2.015
2978	25.31
2979	-21.46
2980	-10.86
2981	-10.2
2982	-9.466
2983	26.11
2984	-0.4913
2985	1.076
2986	-7.724
2987	18.02
2988	-14.09
2989	-6.77
2990	-1.9
2991	21.35
2992	-12.53
2993	-39.79
2994	6.355
2995	-10.92
2996	-27.91
2997	-13.43
2998	-5.073
2999	-1.103
3000	-33.85
