1001	8537.0
1002	8514.0
1003	8416.0
1004	8452.0
1005	8376.0
1006	8377.0
1007	8360.0
1008	8411.0
1009	8486.0
1010	8508.0
1011	8600.0
1012	8514.0
1013	8492.0
1014	8446.0
1015	8384.0
1016	8416.0
1017	8399.0
1018	8464.0
1019	8426.0
1020	8553.0
1021	8554.0
1022	8495.0
1023	8506.0
1024	8579.0
1025	8555.0
1026	8523.0
1027	8514.0
1028	8462.0
1029	8442.0
1030	8511.0
1031	8570.0
1032	8569.0
1033	8565.0
1034	8519.0
1035	8592.0
1036	8680.0
1037	8698.0
1038	8567.0
1039	8594.0
1040	8613.0
1041	8628.0
1042	8597.0
1043	8541.0
1044	8586.0
1045	8652.0
1046	8624.0
1047	8642.0
1048	8652.0
1049	8606.0
1050	8647.0
1051	8552.0
1052	8700.0
1053	8630.0
1054	8606.0
1055	8652.0
1056	8642.0
1057	8592.0
1058	8689.0
1059	8713.0
1060	8671.0
1061	8653.0
1062	8620.0
1063	8710.0
1064	8752.0
1065	8668.0
1066	8560.0
1067	8584.0
1068	8555.0
1069	8483.0
1070	8388.0
1071	8479.0
1072	8572.0
1073	8592.0
1074	8613.0
1075	8475.0
1076	8564.0
1077	8636.0
1078	8712.0
1079	8607.0
1080	8615.0
1081	8605.0
1082	8556.0
1083	8540.0
1084	8568.0
1085	8597.0
1086	8564.0
1087	8634.0
1088	8751.0
1089	8766.0
1090	8793.0
1091	8627.0
1092	8656.0
1093	8696.0
1094	8543.0
1095	8570.0
1096	8611.0
1097	8655.0
1098	8739.0
1099	8693.0
1100	8697.0
1101	8667.0
1102	8618.0
1103	8606.0
1104	8565.0
1105	8547.0
1106	8551.0
1107	8610.0
1108	8611.0
1109	8522.0
1110	8550.0
1111	8587.0
1112	8611.0
1113	8623.0
1114	8530.0
1115	8542.0
1116	8571.0
1117	8633.0
1118	8663.0
1119	8647.0
1120	8603.0
1121	8577.0
1122	8618.0
1123	8657.0
1124	8721.0
1125	8738.0
1126	8702.0
1127	8663.0
1128	8667.0
1129	8611.0
1130	8700.0
1131	8792.0
1132	8759.0
1133	8691.0
1134	8654.0
1135	8684.0
1136	8652.0
1137	8613.0
1138	8467.0
1139	8504.0
1140	8551.0
1141	8533.0
1142	8531.0
1143	8554.0
1144	8517.0
1145	8545.0
1146	8607.0
1147	8578.0
1148	8651.0
1149	8551.0
1150	8532.0
1151	8493.0
1152	8560.0
1153	8608.0
1154	8656.0
1155	8757.0
1156	8714.0
1157	8727.0
1158	8710.0
1159	8645.0
1160	8676.0
1161	8607.0
1162	8567.0
1163	8648.0
1164	8603.0
1165	8659.0
1166	8630.0
1167	8551.0
1168	8532.0
1169	8482.0
1170	8497.0
1171	8500.0
1172	8610.0
1173	8633.0
1174	8615.0
1175	8581.0
1176	8543.0
1177	8601.0
1178	8613.0
1179	8539.0
1180	8576.0
1181	8491.0
1182	8565.0
1183	8549.0
1184	8489.0
1185	8399.0
1186	8537.0
1187	8427.0
1188	8504.0
1189	8534.0
1190	8547.0
1191	8635.0
1192	8651.0
1193	8658.0
1194	8643.0
1195	8674.0
1196	8618.0
1197	8646.0
1198	8558.0
1199	8514.0
1200	8512.0
1201	8569.0
1202	8620.0
1203	8596.0
1204	8573.0
1205	8583.0
1206	8579.0
1207	8524.0
1208	8542.0
1209	8480.0
1210	8561.0
1211	8421.0
1212	8443.0
1213	8531.0
1214	8518.0
1215	8515.0
1216	8455.0
1217	8461.0
1218	8485.0
1219	8532.0
1220	8552.0
1221	8484.0
1222	8475.0
1223	8479.0
1224	8455.0
1225	8484.0
1226	8467.0
1227	8534.0
1228	8532.0
1229	8477.0
1230	8467.0
1231	8534.0
1232	8621.0
1233	8576.0
1234	8664.0
1235	8634.0
1236	8582.0
1237	8596.0
1238	8615.0
1239	8641.0
1240	8608.0
1241	8575.0
1242	8609.0
1243	8550.0
1244	8580.0
1245	8546.0
1246	8526.0
1247	8543.0
1248	8669.0
1249	8568.0
1250	8596.0
1251	8624.0
1252	8498.0
1253	8509.0
1254	8521.0
1255	8475.0
1256	8401.0
1257	8481.0
1258	8430.0
1259	8511.0
1260	8465.0
1261	8509.0
1262	8609.0
1263	8601.0
1264	8525.0
1265	8502.0
1266	8510.0
1267	8512.0
1268	8465.0
1269	8492.0
1270	8582.0
1271	8558.0
1272	8533.0
1273	8519.0
1274	8614.0
1275	8630.0
1276	8674.0
1277	8739.0
1278	8671.0
1279	8645.0
1280	8621.0
1281	8605.0
1282	8582.0
1283	8578.0
1284	8583.0
1285	8635.0
1286	8751.0
1287	8750.0
1288	8623.0
1289	8531.0
1290	8597.0
1291	8605.0
1292	8523.0
1293	8450.0
1294	8538.0
1295	8559.0
1296	8490.0
1297	8418.0
1298	8440.0
1299	8386.0
1300	8520.0
1301	8504.0
1302	8572.0
1303	8539.0
1304	8533.0
1305	8513.0
1306	8474.0
1307	8551.0
1308	8518.0
1309	8489.0
1310	8492.0
1311	8512.0
1312	8519.0
1313	8479.0
1314	8475.0
1315	8529.0
1316	8604.0
1317	8628.0
1318	8617.0
1319	8589.0
1320	8549.0
1321	8634.0
1322	8611.0
1323	8506.0
1324	8474.0
1325	8476.0
1326	8448.0
1327	8447.0
1328	8448.0
1329	8571.0
1330	8545.0
1331	8551.0
1332	8629.0
1333	8536.0
1334	8495.0
1335	8515.0
1336	8469.0
1337	8549.0
1338	8597.0
1339	8625.0
1340	8621.0
1341	8716.0
1342	8703.0
1343	8778.0
1344	8673.0
1345	8620.0
1346	8644.0
1347	8619.0
1348	8607.0
1349	8591.0
1350	8595.0
1351	8612.0
1352	8657.0
1353	8515.0
1354	8484.0
1355	8512.0
1356	8576.0
1357	8553.0
1358	8562.0
1359	8580.0
1360	8511.0
1361	8486.0
1362	8530.0
1363	8540.0
1364	8512.0
1365	8505.0
1366	8585.0
1367	8550.0
1368	8484.0
1369	8471.0
1370	8533.0
1371	8622.0
1372	8612.0
1373	8586.0
1374	8576.0
1375	8683.0
1376	8603.0
1377	8659.0
1378	8600.0
1379	8583.0
1380	8581.0
1381	8563.0
1382	8567.0
1383	8525.0
1384	8529.0
1385	8568.0
1386	8507.0
1387	8549.0
1388	8597.0
1389	8648.0
1390	8636.0
1391	8670.0
1392	8581.0
1393	8518.0
1394	8507.0
1395	8569.0
1396	8565.0
1397	8562.0
1398	8610.0
1399	8649.0
1400	8573.0
1401	8613.0
1402	8607.0
1403	8603.0
1404	8541.0
1405	8417.0
1406	8551.0
1407	8533.0
1408	8558.0
1409	8456.0
1410	8420.0
1411	8521.0
1412	8563.0
1413	8535.0
1414	8487.0
1415	8502.0
1416	8456.0
1417	8485.0
1418	8525.0
1419	8598.0
1420	8645.0
1421	8607.0
1422	8567.0
1423	8619.0
1424	8572.0
1425	8629.0
1426	8585.0
1427	8567.0
1428	8495.0
1429	8530.0
1430	8433.0
1431	8547.0
1432	8537.0
1433	8561.0
1434	8481.0
1435	8597.0
1436	8482.0
1437	8499.0
1438	8494.0
1439	8491.0
1440	8490.0
1441	8562.0
1442	8565.0
1443	8477.0
1444	8591.0
1445	8513.0
1446	8511.0
1447	8569.0
1448	8543.0
1449	8504.0
1450	8513.0
1451	8462.0
1452	8523.0
1453	8517.0
1454	8472.0
1455	8494.0
1456	8581.0
1457	8693.0
1458	8738.0
1459	8598.0
1460	8563.0
1461	8563.0
1462	8602.0
1463	8559.0
1464	8605.0
1465	8552.0
1466	8519.0
1467	8543.0
1468	8558.0
1469	8501.0
1470	8610.0
1471	8478.0
1472	8406.0
1473	8430.0
1474	8544.0
1475	8481.0
1476	8506.0
1477	8472.0
1478	8537.0
1479	8566.0
1480	8592.0
1481	8567.0
1482	8520.0
1483	8528.0
1484	8545.0
1485	8557.0
1486	8622.0
1487	8698.0
1488	8690.0
1489	8633.0
1490	8679.0
1491	8817.0
1492	8741.0
1493	8711.0
1494	8669.0
1495	8691.0
1496	8617.0
1497	8600.0
1498	8614.0
1499	8621.0
1500	8610.0
1501	8663.0
1502	8708.0
1503	8663.0
1504	8588.0
1505	8610.0
1506	8617.0
1507	8594.0
1508	8560.0
1509	8560.0
1510	8634.0
1511	8708.0
1512	8677.0
1513	8640.0
1514	8659.0
1515	8552.0
1516	8575.0
1517	8603.0
1518	8631.0
1519	8686.0
1520	8695.0
1521	8689.0
1522	8730.0
1523	8698.0
1524	8564.0
1525	8540.0
1526	8562.0
1527	8595.0
1528	8608.0
1529	8592.0
1530	8503.0
1531	8558.0
1532	8575.0
1533	8480.0
1534	8488.0
1535	8558.0
1536	8535.0
1537	8558.0
1538	8594.0
1539	8459.0
1540	8485.0
1541	8446.0
1542	8554.0
1543	8608.0
1544	8577.0
1545	8605.0
1546	8598.0
1547	8544.0
1548	8580.0
1549	8579.0
1550	8520.0
1551	8593.0
1552	8635.0
1553	8605.0
1554	8649.0
1555	8609.0
1556	8573.0
1557	8530.0
1558	8500.0
1559	8580.0
1560	8622.0
1561	8544.0
1562	8578.0
1563	8582.0
1564	8596.0
1565	8635.0
1566	8562.0
1567	8570.0
1568	8688.0
1569	8644.0
1570	8563.0
1571	8644.0
1572	8591.0
1573	8621.0
1574	8674.0
1575	8694.0
1576	8679.0
1577	8632.0
1578	8528.0
1579	8630.0
1580	8631.0
1581	8658.0
1582	8670.0
1583	8532.0
1584	8563.0
1585	8513.0
1586	8463.0
1587	8557.0
1588	8578.0
1589	8542.0
1590	8556.0
1591	8558.0
1592	8468.0
1593	8517.0
1594	8538.0
1595	8438.0
1596	8390.0
1597	8428.0
1598	8404.0
1599	8433.0
1600	8442.0
1601	8472.0
1602	8517.0
1603	8428.0
1604	8489.0
1605	8417.0
1606	8430.0
1607	8431.0
1608	8459.0
1609	8437.0
1610	8561.0
1611	8539.0
1612	8495.0
1613	8492.0
1614	8449.0
1615	8533.0
1616	8433.0
1617	8525.0
1618	8525.0
1619	8516.0
1620	8507.0
1621	8504.0
1622	8533.0
1623	8506.0
1624	8491.0
1625	8478.0
1626	8436.0
1627	8468.0
1628	8474.0
1629	8498.0
1630	8462.0
1631	8565.0
1632	8528.0
1633	8463.0
1634	8521.0
1635	8501.0
1636	8522.0
1637	8510.0
1638	8515.0
1639	8479.0
1640	8638.0
1641	8548.0
1642	8613.0
1643	8609.0
1644	8596.0
1645	8614.0
1646	8509.0
1647	8590.0
1648	8519.0
1649	8607.0
1650	8608.0
1651	8517.0
1652	8415.0
1653	8507.0
1654	8528.0
1655	8559.0
1656	8600.0
1657	8663.0
1658	8709.0
1659	8674.0
1660	8566.0
1661	8633.0
1662	8566.0
1663	8649.0
1664	8543.0
1665	8544.0
1666	8588.0
1667	8658.0
1668	8581.0
1669	8566.0
1670	8518.0
1671	8558.0
1672	8491.0
1673	8583.0
1674	8525.0
1675	8500.0
1676	8498.0
1677	8496.0
1678	8543.0
1679	8592.0
1680	8523.0
1681	8432.0
1682	8530.0
1683	8527.0
1684	8528.0
1685	8557.0
1686	8558.0
1687	8512.0
1688	8525.0
1689	8525.0
1690	8538.0
1691	8534.0
1692	8565.0
1693	8601.0
1694	8588.0
1695	8577.0
1696	8649.0
1697	8568.0
1698	8577.0
1699	8534.0
1700	8530.0
1701	8677.0
1702	8546.0
1703	8511.0
1704	8582.0
1705	8574.0
1706	8563.0
1707	8497.0
1708	8561.0
1709	8531.0
1710	8543.0
1711	8554.0
1712	8495.0
1713	8508.0
1714	8587.0
1715	8547.0
1716	8459.0
1717	8592.0
1718	8534.0
1719	8539.0
1720	8508.0
1721	8536.0
1722	8493.0
1723	8516.0
1724	8501.0
1725	8482.0
1726	8509.0
1727	8418.0
1728	8509.0
1729	8590.0
1730	8534.0
1731	8500.0
1732	8590.0
1733	8539.0
1734	8539.0
1735	8513.0
1736	8553.0
1737	8646.0
1738	8639.0
1739	8669.0
1740	8637.0
1741	8635.0
1742	8588.0
1743	8644.0
1744	8678.0
1745	8597.0
1746	8592.0
1747	8576.0
1748	8571.0
1749	8613.0
1750	8589.0
1751	8544.0
1752	8500.0
1753	8629.0
1754	8595.0
1755	8631.0
1756	8675.0
1757	8519.0
1758	8521.0
1759	8520.0
1760	8565.0
1761	8610.0
1762	8587.0
1763	8595.0
1764	8537.0
1765	8519.0
1766	8521.0
1767	8614.0
1768	8584.0
1769	8621.0
1770	8551.0
1771	8618.0
1772	8538.0
1773	8604.0
1774	8603.0
1775	8588.0
1776	8559.0
1777	8554.0
1778	8540.0
1779	8552.0
1780	8541.0
1781	8503.0
1782	8538.0
1783	8485.0
1784	8545.0
1785	8548.0
1786	8585.0
1787	8532.0
1788	8527.0
1789	8603.0
1790	8575.0
1791	8598.0
1792	8570.0
1793	8523.0
1794	8417.0
1795	8483.0
1796	8441.0
1797	8416.0
1798	8326.0
1799	8430.0
1800	8495.0
1801	8441.0
1802	8499.0
1803	8583.0
1804	8551.0
1805	8564.0
1806	8538.0
1807	8594.0
1808	8632.0
1809	8492.0
1810	8510.0
1811	8556.0
1812	8579.0
1813	8678.0
1814	8645.0
1815	8568.0
1816	8559.0
1817	8526.0
1818	8584.0
1819	8551.0
1820	8612.0
1821	8545.0
1822	8472.0
1823	8390.0
1824	8463.0
1825	8403.0
1826	8504.0
1827	8454.0
1828	8569.0
1829	8520.0
1830	8597.0
1831	8561.0
1832	8562.0
1833	8566.0
1834	8624.0
1835	8653.0
1836	8461.0
1837	8549.0
1838	8605.0
1839	8491.0
1840	8538.0
1841	8603.0
1842	8568.0
1843	8551.0
1844	8576.0
1845	8577.0
1846	8547.0
1847	8591.0
1848	8628.0
1849	8582.0
1850	8565.0
1851	8641.0
1852	8700.0
1853	8700.0
1854	8674.0
1855	8619.0
1856	8588.0
1857	8595.0
1858	8539.0
1859	8467.0
1860	8548.0
1861	8611.0
1862	8492.0
1863	8494.0
1864	8453.0
1865	8377.0
1866	8469.0
1867	8482.0
1868	8430.0
1869	8508.0
1870	8533.0
1871	8499.0
1872	8517.0
1873	8528.0
1874	8501.0
1875	8510.0
1876	8503.0
1877	8492.0
1878	8561.0
1879	8594.0
1880	8534.0
1881	8641.0
1882	8714.0
1883	8632.0
1884	8583.0
1885	8501.0
1886	8410.0
1887	8482.0
1888	8442.0
1889	8442.0
1890	8504.0
1891	8522.0
1892	8564.0
1893	8567.0
1894	8565.0
1895	8536.0
1896	8578.0
1897	8529.0
1898	8509.0
1899	8532.0
1900	8499.0
1901	8497.0
1902	8563.0
1903	8579.0
1904	8525.0
1905	8530.0
1906	8520.0
1907	8464.0
1908	8523.0
1909	8557.0
1910	8542.0
1911	8497.0
1912	8485.0
1913	8435.0
1914	8556.0
1915	8572.0
1916	8602.0
1917	8596.0
1918	8680.0
1919	8717.0
1920	8657.0
1921	8642.0
1922	8608.0
1923	8612.0
1924	8578.0
1925	8522.0
1926	8560.0
1927	8618.0
1928	8708.0
1929	8657.0
1930	8651.0
1931	8571.0
1932	8488.0
1933	8512.0
1934	8510.0
1935	8485.0
1936	8443.0
1937	8442.0
1938	8450.0
1939	8421.0
1940	8499.0
1941	8481.0
1942	8472.0
1943	8466.0
1944	8490.0
1945	8573.0
1946	8522.0
1947	8491.0
1948	8521.0
1949	8486.0
1950	8529.0
1951	8515.0
1952	8437.0
1953	8512.0
1954	8517.0
1955	8508.0
1956	8572.0
1957	8498.0
1958	8479.0
1959	8588.0
1960	8629.0
1961	8593.0
1962	8545.0
1963	8520.0
1964	8547.0
1965	8564.0
1966	8513.0
1967	8362.0
1968	8342.0
1969	8354.0
1970	8334.0
1971	8391.0
1972	8408.0
1973	8484.0
1974	8428.0
1975	8468.0
1976	8394.0
1977	8367.0
1978	8435.0
1979	8419.0
1980	8555.0
1981	8563.0
1982	8508.0
1983	8531.0
1984	8543.0
1985	8596.0
1986	8591.0
1987	8615.0
1988	8579.0
1989	8552.0
1990	8504.0
1991	8574.0
1992	8521.0
1993	8459.0
1994	8469.0
1995	8502.0
1996	8524.0
1997	8461.0
1998	8528.0
1999	8559.0
2000	8468.0
2001	8560.0
2002	8462.0
2003	8542.0
2004	8552.0
2005	8627.0
2006	8666.0
2007	8632.0
2008	8573.0
2009	8615.0
2010	8662.0
2011	8602.0
2012	8550.0
2013	8580.0
2014	8633.0
2015	8649.0
2016	8690.0
2017	8626.0
2018	8655.0
2019	8673.0
2020	8662.0
2021	8677.0
2022	8597.0
2023	8583.0
2024	8563.0
2025	8617.0
2026	8668.0
2027	8553.0
2028	8620.0
2029	8759.0
2030	8649.0
2031	8525.0
2032	8624.0
2033	8566.0
2034	8553.0
2035	8538.0
2036	8470.0
2037	8454.0
2038	8491.0
2039	8485.0
2040	8472.0
2041	8536.0
2042	8453.0
2043	8516.0
2044	8428.0
2045	8485.0
2046	8511.0
2047	8494.0
2048	8580.0
2049	8541.0
2050	8475.0
2051	8502.0
2052	8598.0
2053	8588.0
2054	8530.0
2055	8613.0
2056	8622.0
2057	8712.0
2058	8540.0
2059	8604.0
2060	8531.0
2061	8489.0
2062	8503.0
2063	8475.0
2064	8518.0
2065	8539.0
2066	8553.0
2067	8519.0
2068	8547.0
2069	8627.0
2070	8620.0
2071	8621.0
2072	8665.0
2073	8609.0
2074	8560.0
2075	8627.0
2076	8648.0
2077	8500.0
2078	8456.0
2079	8467.0
2080	8571.0
2081	8529.0
2082	8514.0
2083	8555.0
2084	8446.0
2085	8437.0
2086	8498.0
2087	8547.0
2088	8512.0
2089	8557.0
2090	8592.0
2091	8514.0
2092	8580.0
2093	8499.0
2094	8512.0
2095	8609.0
2096	8743.0
2097	8688.0
2098	8656.0
2099	8628.0
2100	8712.0
2101	8662.0
2102	8672.0
2103	8725.0
2104	8661.0
2105	8581.0
2106	8517.0
2107	8508.0
2108	8545.0
2109	8483.0
2110	8538.0
2111	8503.0
2112	8614.0
2113	8631.0
2114	8718.0
2115	8674.0
2116	8638.0
2117	8696.0
2118	8621.0
2119	8580.0
2120	8592.0
2121	8578.0
2122	8479.0
2123	8447.0
2124	8443.0
2125	8600.0
2126	8500.0
2127	8433.0
2128	8498.0
2129	8519.0
2130	8522.0
2131	8542.0
2132	8503.0
2133	8530.0
2134	8539.0
2135	8478.0
2136	8496.0
2137	8568.0
2138	8530.0
2139	8508.0
2140	8629.0
2141	8586.0
2142	8561.0
2143	8580.0
2144	8633.0
2145	8658.0
2146	8662.0
2147	8674.0
2148	8620.0
2149	8537.0
2150	8509.0
2151	8578.0
2152	8591.0
2153	8550.0
2154	8547.0
2155	8573.0
2156	8493.0
2157	8507.0
2158	8494.0
2159	8430.0
2160	8437.0
2161	8418.0
2162	8495.0
2163	8476.0
2164	8436.0
2165	8534.0
2166	8456.0
2167	8465.0
2168	8456.0
2169	8480.0
2170	8679.0
2171	8661.0
2172	8782.0
2173	8611.0
2174	8534.0
2175	8534.0
2176	8495.0
2177	8535.0
2178	8548.0
2179	8515.0
2180	8445.0
2181	8471.0
2182	8548.0
2183	8640.0
2184	8679.0
2185	8644.0
2186	8598.0
2187	8640.0
2188	8542.0
2189	8487.0
2190	8585.0
2191	8584.0
2192	8546.0
2193	8609.0
2194	8594.0
2195	8721.0
2196	8631.0
2197	8680.0
2198	8624.0
2199	8693.0
2200	8652.0
2201	8638.0
2202	8613.0
2203	8568.0
2204	8614.0
2205	8597.0
2206	8631.0
2207	8723.0
2208	8680.0
2209	8648.0
2210	8734.0
2211	8671.0
2212	8751.0
2213	8652.0
2214	8712.0
2215	8672.0
2216	8651.0
2217	8667.0
2218	8627.0
2219	8581.0
2220	8526.0
2221	8536.0
2222	8497.0
2223	8570.0
2224	8562.0
2225	8516.0
2226	8552.0
2227	8641.0
2228	8550.0
2229	8592.0
2230	8593.0
2231	8580.0
2232	8566.0
2233	8482.0
2234	8537.0
2235	8607.0
2236	8549.0
2237	8487.0
2238	8566.0
2239	8519.0
2240	8622.0
2241	8523.0
2242	8539.0
2243	8555.0
2244	8520.0
2245	8512.0
2246	8466.0
2247	8544.0
2248	8595.0
2249	8585.0
2250	8558.0
2251	8580.0
2252	8605.0
2253	8532.0
2254	8594.0
2255	8589.0
2256	8526.0
2257	8464.0
2258	8415.0
2259	8506.0
2260	8503.0
2261	8551.0
2262	8523.0
2263	8505.0
2264	8502.0
2265	8462.0
2266	8495.0
2267	8541.0
2268	8557.0
2269	8601.0
2270	8647.0
2271	8556.0
2272	8531.0
2273	8607.0
2274	8609.0
2275	8619.0
2276	8642.0
2277	8558.0
2278	8694.0
2279	8615.0
2280	8607.0
2281	8528.0
2282	8521.0
2283	8539.0
2284	8464.0
2285	8515.0
2286	8515.0
2287	8491.0
2288	8472.0
2289	8402.0
2290	8414.0
2291	8526.0
2292	8474.0
2293	8521.0
2294	8521.0
2295	8531.0
2296	8551.0
2297	8549.0
2298	8577.0
2299	8582.0
2300	8559.0
2301	8513.0
2302	8561.0
2303	8511.0
2304	8656.0
2305	8658.0
2306	8636.0
2307	8581.0
2308	8651.0
2309	8587.0
2310	8521.0
2311	8426.0
2312	8457.0
2313	8416.0
2314	8442.0
2315	8405.0
2316	8449.0
2317	8444.0
2318	8461.0
2319	8471.0
2320	8438.0
2321	8540.0
2322	8545.0
2323	8584.0
2324	8555.0
2325	8629.0
2326	8534.0
2327	8548.0
2328	8475.0
2329	8469.0
2330	8427.0
2331	8504.0
2332	8393.0
2333	8419.0
2334	8385.0
2335	8537.0
2336	8473.0
2337	8414.0
2338	8482.0
2339	8461.0
2340	8484.0
2341	8490.0
2342	8524.0
2343	8503.0
2344	8516.0
2345	8490.0
2346	8476.0
2347	8515.0
2348	8452.0
2349	8471.0
2350	8505.0
2351	8429.0
2352	8431.0
2353	8473.0
2354	8420.0
2355	8475.0
2356	8526.0
2357	8567.0
2358	8478.0
2359	8511.0
2360	8445.0
2361	8508.0
2362	8527.0
2363	8508.0
2364	8507.0
2365	8614.0
2366	8617.0
2367	8561.0
2368	8640.0
2369	8578.0
2370	8612.0
2371	8620.0
2372	8638.0
2373	8634.0
2374	8716.0
2375	8710.0
2376	8741.0
2377	8716.0
2378	8680.0
2379	8521.0
2380	8548.0
2381	8558.0
2382	8526.0
2383	8552.0
2384	8576.0
2385	8524.0
2386	8470.0
2387	8471.0
2388	8438.0
2389	8483.0
2390	8537.0
2391	8484.0
2392	8456.0
2393	8385.0
2394	8371.0
2395	8404.0
2396	8438.0
2397	8381.0
2398	8466.0
2399	8542.0
2400	8561.0
2401	8539.0
2402	8525.0
2403	8469.0
2404	8458.0
2405	8417.0
2406	8459.0
2407	8486.0
2408	8472.0
2409	8447.0
2410	8478.0
2411	8431.0
2412	8367.0
2413	8439.0
2414	8549.0
2415	8559.0
2416	8531.0
2417	8498.0
2418	8569.0
2419	8558.0
2420	8534.0
2421	8587.0
2422	8563.0
2423	8602.0
2424	8582.0
2425	8614.0
2426	8584.0
2427	8635.0
2428	8524.0
2429	8437.0
2430	8502.0
2431	8529.0
2432	8516.0
2433	8468.0
2434	8538.0
2435	8520.0
2436	8492.0
2437	8445.0
2438	8530.0
2439	8529.0
2440	8495.0
2441	8519.0
2442	8574.0
2443	8492.0
2444	8433.0
2445	8464.0
2446	8464.0
2447	8389.0
2448	8416.0
2449	8554.0
2450	8515.0
2451	8519.0
2452	8520.0
2453	8473.0
2454	8547.0
2455	8597.0
2456	8553.0
2457	8561.0
2458	8645.0
2459	8596.0
2460	8565.0
2461	8647.0
2462	8648.0
2463	8562.0
2464	8557.0
2465	8615.0
2466	8534.0
2467	8555.0
2468	8495.0
2469	8503.0
2470	8525.0
2471	8602.0
2472	8514.0
2473	8558.0
2474	8505.0
2475	8533.0
2476	8507.0
2477	8536.0
2478	8469.0
2479	8406.0
2480	8333.0
2481	8344.0
2482	8374.0
2483	8439.0
2484	8448.0
2485	8495.0
2486	8542.0
2487	8459.0
2488	8550.0
2489	8507.0
2490	8612.0
2491	8575.0
2492	8519.0
2493	8480.0
2494	8408.0
2495	8473.0
2496	8424.0
2497	8420.0
2498	8466.0
2499	8563.0
2500	8558.0
2501	8468.0
2502	8512.0
2503	8632.0
2504	8577.0
2505	8478.0
2506	8473.0
2507	8497.0
2508	8553.0
2509	8676.0
2510	8652.0
2511	8600.0
2512	8695.0
2513	8614.0
2514	8636.0
2515	8545.0
2516	8507.0
2517	8524.0
2518	8632.0
2519	8591.0
2520	8609.0
2521	8627.0
2522	8486.0
2523	8485.0
2524	8611.0
2525	8546.0
2526	8593.0
2527	8605.0
2528	8557.0
2529	8521.0
2530	8618.0
2531	8593.0
2532	8565.0
2533	8532.0
2534	8498.0
2535	8488.0
2536	8524.0
2537	8438.0
2538	8399.0
2539	8473.0
2540	8466.0
2541	8443.0
2542	8541.0
2543	8502.0
2544	8507.0
2545	8482.0
2546	8484.0
2547	8512.0
2548	8543.0
2549	8581.0
2550	8603.0
2551	8599.0
2552	8622.0
2553	8640.0
2554	8547.0
2555	8557.0
2556	8578.0
2557	8582.0
2558	8577.0
2559	8571.0
2560	8610.0
2561	8530.0
2562	8571.0
2563	8547.0
2564	8570.0
2565	8557.0
2566	8552.0
2567	8574.0
2568	8521.0
2569	8539.0
2570	8631.0
2571	8659.0
2572	8614.0
2573	8649.0
2574	8612.0
2575	8597.0
2576	8532.0
2577	8542.0
2578	8530.0
2579	8519.0
2580	8551.0
2581	8530.0
2582	8559.0
2583	8470.0
2584	8505.0
2585	8572.0
2586	8613.0
2587	8743.0
2588	8711.0
2589	8553.0
2590	8571.0
2591	8494.0
2592	8544.0
2593	8560.0
2594	8497.0
2595	8486.0
2596	8450.0
2597	8530.0
2598	8584.0
2599	8550.0
2600	8584.0
2601	8563.0
2602	8522.0
2603	8562.0
2604	8560.0
2605	8581.0
2606	8620.0
2607	8638.0
2608	8535.0
2609	8603.0
2610	8646.0
2611	8575.0
2612	8562.0
2613	8535.0
2614	8512.0
2615	8592.0
2616	8597.0
2617	8543.0
2618	8538.0
2619	8613.0
2620	8661.0
2621	8699.0
2622	8595.0
2623	8606.0
2624	8576.0
2625	8607.0
2626	8616.0
2627	8647.0
2628	8649.0
2629	8519.0
2630	8587.0
2631	8611.0
2632	8535.0
2633	8495.0
2634	8612.0
2635	8622.0
2636	8581.0
2637	8514.0
2638	8430.0
2639	8492.0
2640	8455.0
2641	8425.0
2642	8461.0
2643	8566.0
2644	8588.0
2645	8502.0
2646	8465.0
2647	8504.0
2648	8477.0
2649	8499.0
2650	8610.0
2651	8513.0
2652	8483.0
2653	8506.0
2654	8504.0
2655	8505.0
2656	8471.0
2657	8498.0
2658	8544.0
2659	8521.0
2660	8537.0
2661	8609.0
2662	8650.0
2663	8610.0
2664	8527.0
2665	8510.0
2666	8526.0
2667	8530.0
2668	8536.0
2669	8620.0
2670	8636.0
2671	8594.0
2672	8663.0
2673	8571.0
2674	8546.0
2675	8574.0
2676	8522.0
2677	8584.0
2678	8544.0
2679	8616.0
2680	8621.0
2681	8555.0
2682	8570.0
2683	8508.0
2684	8541.0
2685	8597.0
2686	8599.0
2687	8600.0
2688	8664.0
2689	8584.0
2690	8600.0
2691	8589.0
2692	8540.0
2693	8451.0
2694	8500.0
2695	8512.0
2696	8526.0
2697	8531.0
2698	8488.0
2699	8490.0
2700	8542.0
2701	8487.0
2702	8437.0
2703	8510.0
2704	8537.0
2705	8492.0
2706	8441.0
2707	8371.0
2708	8412.0
2709	8491.0
2710	8424.0
2711	8460.0
2712	8484.0
2713	8523.0
2714	8522.0
2715	8496.0
2716	8566.0
2717	8591.0
2718	8585.0
2719	8557.0
2720	8456.0
2721	8542.0
2722	8560.0
2723	8480.0
2724	8453.0
2725	8523.0
2726	8571.0
2727	8529.0
2728	8568.0
2729	8557.0
2730	8511.0
2731	8488.0
2732	8514.0
2733	8520.0
2734	8504.0
2735	8528.0
2736	8533.0
2737	8493.0
2738	8539.0
2739	8534.0
2740	8574.0
2741	8611.0
2742	8612.0
2743	8606.0
2744	8609.0
2745	8592.0
2746	8645.0
2747	8591.0
2748	8544.0
2749	8519.0
2750	8541.0
2751	8532.0
2752	8558.0
2753	8586.0
2754	8515.0
2755	8541.0
2756	8555.0
2757	8519.0
2758	8485.0
2759	8561.0
2760	8569.0
2761	8530.0
2762	8572.0
2763	8508.0
2764	8501.0
2765	8556.0
2766	8512.0
2767	8487.0
2768	8576.0
2769	8503.0
2770	8475.0
2771	8544.0
2772	8515.0
2773	8562.0
2774	8561.0
2775	8562.0
2776	8552.0
2777	8519.0
2778	8444.0
2779	8493.0
2780	8494.0
2781	8484.0
2782	8568.0
2783	8483.0
2784	8515.0
2785	8499.0
2786	8478.0
2787	8392.0
2788	8417.0
2789	8373.0
2790	8434.0
2791	8493.0
2792	8524.0
2793	8530.0
2794	8532.0
2795	8455.0
2796	8468.0
2797	8433.0
2798	8520.0
2799	8591.0
2800	8632.0
2801	8616.0
2802	8552.0
2803	8513.0
2804	8540.0
2805	8565.0
2806	8531.0
2807	8513.0
2808	8405.0
2809	8501.0
2810	8478.0
2811	8481.0
2812	8497.0
2813	8560.0
2814	8543.0
2815	8521.0
2816	8590.0
2817	8515.0
2818	8605.0
2819	8519.0
2820	8475.0
2821	8447.0
2822	8521.0
2823	8595.0
2824	8693.0
2825	8641.0
2826	8656.0
2827	8729.0
2828	8758.0
2829	8776.0
2830	8741.0
2831	8702.0
2832	8679.0
2833	8691.0
2834	8731.0
2835	8652.0
2836	8643.0
2837	8591.0
2838	8616.0
2839	8663.0
2840	8633.0
2841	8599.0
2842	8644.0
2843	8617.0
2844	8642.0
2845	8559.0
2846	8635.0
2847	8581.0
2848	8562.0
2849	8594.0
2850	8502.0
2851	8565.0
2852	8568.0
2853	8591.0
2854	8584.0
2855	8537.0
2856	8583.0
2857	8555.0
2858	8593.0
2859	8588.0
2860	8576.0
2861	8545.0
2862	8558.0
2863	8492.0
2864	8558.0
2865	8658.0
2866	8490.0
2867	8554.0
2868	8598.0
2869	8588.0
2870	8559.0
2871	8593.0
2872	8549.0
2873	8624.0
2874	8575.0
2875	8529.0
2876	8639.0
2877	8646.0
2878	8573.0
2879	8572.0
2880	8660.0
2881	8452.0
2882	8534.0
2883	8495.0
2884	8505.0
2885	8443.0
2886	8497.0
2887	8535.0
2888	8550.0
2889	8572.0
2890	8589.0
2891	8570.0
2892	8509.0
2893	8562.0
2894	8563.0
2895	8518.0
2896	8473.0
2897	8530.0
2898	8537.0
2899	8532.0
2900	8534.0
2901	8523.0
2902	8510.0
2903	8534.0
2904	8480.0
2905	8580.0
2906	8658.0
2907	8668.0
2908	8652.0
2909	8646.0
2910	8601.0
2911	8537.0
2912	8612.0
2913	8581.0
2914	8611.0
2915	8559.0
2916	8554.0
2917	8540.0
2918	8533.0
2919	8495.0
2920	8628.0
2921	8648.0
2922	8628.0
2923	8577.0
2924	8545.0
2925	8455.0
2926	8426.0
2927	8391.0
2928	8443.0
2929	8522.0
2930	8449.0
2931	8489.0
2932	8526.0
2933	8465.0
2934	8558.0
2935	8535.0
2936	8554.0
2937	8580.0
2938	8511.0
2939	8534.0
2940	8538.0
2941	8573.0
2942	8641.0
2943	8553.0
2944	8566.0
2945	8595.0
2946	8659.0
2947	8643.0
2948	8639.0
2949	8649.0
2950	8684.0
2951	8673.0
2952	8585.0
2953	8547.0
2954	8495.0
2955	8570.0
2956	8509.0
2957	8367.0
2958	8482.0
2959	8444.0
2960	8493.0
2961	8510.0
2962	8526.0
2963	8488.0
2964	8502.0
2965	8560.0
2966	8597.0
2967	8554.0
2968	8548.0
2969	8611.0
2970	8638.0
2971	8561.0
2972	8581.0
2973	8516.0
2974	8532.0
2975	8548.0
2976	8576.0
2977	8542.0
2978	8546.0
2979	8565.0
2980	8552.0
2981	8569.0
2982	8664.0
2983	8665.0
2984	8706.0
2985	8733.0
2986	8725.0
2987	8711.0
2988	8606.0
2989	8659.0
2990	8600.0
2991	8598.0
2992	8601.0
2993	8527.0
2994	8442.0
2995	8478.0
2996	8451.0
2997	8468.0
2998	8555.0
2999	8664.0
3000	8691.0
1001	-1.402
1002	-5.861
1003	5.834
1004	18.38
1005	17.55
1006	3.367
1007	3.005
1008	19.91
1009	-17.46
1010	-6.48
1011	2.665
1012	-15.83
1013	-41.48
1014	-21.4
1015	-13.0
1016	30.15
1017	-7.122
1018	1.668
1019	11.72
1020	-9.288
1021	14.68
1022	18.73
1023	-10.03
1024	20.78
1025	13.48
1026	-6.089
1027	-6.726
1028	-0.01946
1029	-11.02
1030	15.11
1031	-8.796
1032	-8.339
1033	-14.06
1034	-6.226
1035	-6.118
1036	-17.97
1037	1.917
1038	3.764
1039	-2.584
1040	-6.39
1041	-11.98
1042	18.68
1043	-19.87
1044	-55.76
1045	-10.63
1046	-15.69
1047	3.983
1048	-18.67
1049	-20.95
1050	8.904
1051	27.14
1052	0.1112
1053	-1.303
1054	0.8295
1055	-6.525
1056	6.065
1057	4.779
1058	-27.3
1059	25.52
1060	4.432
1061	-18.05
1062	-11.68
1063	-15.55
1064	-19.34
1065	6.667
1066	8.236
1067	-12.03
1068	-14.82
1069	17.83
1070	-3.81
1071	25.93
1072	-15.82
1073	9.012
1074	-21.22
1075	3.427
1076	-2.576
1077	-20.1
1078	13.53
1079	-5.442
1080	18.3
1081	-2.775
1082	2.136
1083	9.43
1084	-3.853
1085	7.77
1086	5.778
1087	-7.127
1088	8.323
1089	11.74
1090	27.44
1091	9.44
1092	-8.558
1093	6.139
1094	28.88
1095	-21.87
1096	-13.92
1097	-5.643
1098	-13.67
1099	-4.34
1100	-15.15
1101	18.72
1102	6.313
1103	15.59
1104	9.253
1105	-21.58
1106	-37.82
1107	-0.6829
1108	-4.256
1109	-32.08
1110	-7.696
1111	-36.01
1112	3.646
1113	-23.43
1114	-5.269
1115	-18.71
1116	19.34
1117	1.309
1118	-30.23
1119	11.37
1120	-1.15
1121	-16.75
1122	-35.13
1123	-26.31
1124	13.14
1125	13.06
1126	-19.59
1127	-28.44
1128	-23.31
1129	5.268
1130	-14.27
1131	7.278
1132	10.56
1133	-11.32
1134	-18.86
1135	7.584
1136	-22.8
1137	10.81
1138	16.19
1139	-1.569
1140	-5.373
1141	10.96
1142	-8.2
1143	-0.4387
1144	17.45
1145	-6.158
1146	-8.591
1147	-8.845
1148	-0.6142
1149	-10.2
1150	-11.9
1151	1.358
1152	15.62
1153	-19.1
1154	9.997
1155	-2.037
1156	-21.3
1157	-3.828
1158	14.53
1159	-42.16
1160	10.85
1161	9.296
1162	-7.58
1163	7.578
1164	12.64
1165	-4.477
1166	-17.38
1167	-17.21
1168	14.57
1169	-20.12
1170	11.16
1171	-4.877
1172	-2.131
1173	14.86
1174	3.539
1175	6.957
1176	-11.66
1177	12.69
1178	-4.752
1179	-12.75
1180	13.07
1181	-5.093
1182	3.745
1183	-15.86
1184	-23.29
1185	19.74
1186	14.46
1187	10.74
1188	15.52
1189	11.59
1190	17.0
1191	-5.02
1192	7.493
1193	11.33
1194	12.9
1195	-15.05
1196	16.92
1197	6.563
1198	1.927
1199	7.603
1200	8.934
1201	13.11
1202	21.39
1203	7.472
1204	14.4
1205	-11.01
1206	1.147
1207	-11.36
1208	8.098
1209	11.68
1210	-15.42
1211	-18.52
1212	13.69
1213	17.66
1214	7.905
1215	12.6
1216	-3.844
1217	-19.91
1218	-1.053
1219	-32.95
1220	-19.1
1221	-40.42
1222	-17.44
1223	-16.11
1224	-20.67
1225	-22.66
1226	11.0
1227	1.298
1228	-0.356
1229	9.363
1230	2.297
1231	39.81
1232	14.18
1233	-14.24
1234	-8.609
1235	10.7
1236	12.21
1237	-32.27
1238	22.68
1239	24.98
1240	-3.77
1241	-3.817
1242	-11.39
1243	-8.392
1244	-19.21
1245	0.3891
1246	5.762
1247	9.78
1248	-7.501
1249	-6.224
1250	-1.003
1251	4.129
1252	5.934
1253	12.55
1254	27.85
1255	-19.59
1256	10.23
1257	-17.86
1258	-5.086
1259	-11.81
1260	-12.39
1261	-5.062
1262	-21.45
1263	-2.725
1264	4.605
1265	14.36
1266	-6.345
1267	-2.949
1268	-8.185
1269	0.3123
1270	9.304
1271	-8.36
1272	2.276
1273	11.41
1274	-1.471
1275	-7.675
1276	15.68
1277	-1.173
1278	11.23
1279	6.75
1280	9.879
1281	12.39
1282	-0.4488
1283	30.32
1284	11.95
1285	1.329
1286	17.24
1287	-10.11
1288	15.75
1289	7.257
1290	-12.79
1291	9.545
1292	-11.94
1293	2.555
1294	-15.36
1295	-31.5
1296	-12.96
1297	-31.19
1298	-29.51
1299	-35.78
1300	3.408
1301	1.453
1302	6.616
1303	11.37
1304	2.112
1305	18.06
1306	-7.825
1307	-8.779
1308	1.023
1309	2.712
1310	9.387
1311	-17.61
1312	17.42
1313	-16.33
1314	-18.45
1315	-41.89
1316	-7.517
1317	-21.95
1318	-2.681
1319	5.227
1320	-20.34
1321	6.962
1322	-5.984
1323	3.68
1324	-1.72
1325	9.017
1326	22.75
1327	-1.84
1328	4.06
1329	16.78
1330	4.836
1331	10.86
1332	27.0
1333	-4.389
1334	1.348
1335	11.86
1336	3.732
1337	11.46
1338	24.78
1339	9.654
1340	17.29
1341	-14.19
1342	26.7
1343	5.713
1344	12.85
1345	-15.48
1346	-9.853
1347	-3.472
1348	-9.256
1349	-4.567
1350	-6.592
1351	2.851
1352	23.04
1353	15.18
1354	10.43
1355	-11.64
1356	10.95
1357	-11.1
1358	-13.69
1359	17.75
1360	8.821
1361	22.18
1362	-6.439
1363	-4.199
1364	22.94
1365	-7.826
1366	-7.434
1367	-29.78
1368	-8.783
1369	16.81
1370	9.77
1371	13.75
1372	18.62
1373	1.839
1374	-4.324
1375	5.697
1376	-30.82
1377	-13.98
1378	16.87
1379	-4.531
1380	14.31
1381	3.499
1382	47.49
1383	8.705
1384	-4.536
1385	19.76
1386	24.96
1387	-8.399
1388	9.426
1389	-18.58
1390	-25.2
1391	0.8717
1392	11.58
1393	11.95
1394	13.78
1395	8.894
1396	23.81
1397	2.958
1398	-22.1
1399	-15.78
1400	21.76
1401	-21.41
1402	1.617
1403	10.43
1404	-4.958
1405	-4.974
1406	21.88
1407	-0.2698
1408	7.041
1409	-8.73
1410	-30.59
1411	4.739
1412	2.047
1413	-6.187
1414	-18.36
1415	-0.2921
1416	1.06
1417	-6.053
1418	6.3
1419	12.98
1420	-15.08
1421	-19.56
1422	-3.842
1423	19.34
1424	6.465
1425	12.28
1426	-9.784
1427	5.9
1428	-30.57
1429	-22.85
1430	-3.276
1431	26.01
1432	-0.8407
1433	4.176
1434	-9.84
1435	5.459
1436	13.12
1437	3.942
1438	13.51
1439	-4.49
1440	18.5
1441	-2.301
1442	-21.61
1443	32.46
1444	-1.269
1445	-23.24
1446	-13.03
1447	-36.63
1448	21.03
1449	-17.6
1450	17.19
1451	-34.79
1452	-1.476
1453	2.729
1454	-16.16
1455	-19.82
1456	-56.49
1457	-21.07
1458	4.906
1459	34.76
1460	-18.43
1461	-12.77
1462	-18.5
1463	19.24
1464	28.77
1465	-16.24
1466	-19.47
1467	-16.74
1468	-40.88
1469	0.7149
1470	7.057
1471	11.26
1472	14.56
1473	16.88
1474	-8.116
1475	9.404
1476	7.62
1477	9.729
1478	33.02
1479	37.5
1480	-5.691
1481	-7.614
1482	6.887
1483	-4.984
1484	0.9327
1485	-7.088
1486	-3.773
1487	6.663
1488	-15.56
1489	-19.86
1490	1.568
1491	-0.7405
1492	1.156
1493	-3.607
1494	-11.17
1495	12.46
1496	-28.55
1497	10.12
1498	9.201
1499	-2.454
1500	17.37
1501	7.058
1502	-46.06
1503	-15.89
1504	8.226
1505	-33.32
1506	-23.27
1507	-8.717
1508	-10.67
1509	-2.117
1510	5.528
1511	29.26
1512	1.317
1513	21.38
1514	8.423
1515	-8.446
1516	-27.12
1517	-16.65
1518	1.898
1519	-4.684
1520	-9.08
1521	2.311
1522	7.434
1523	-13.44
1524	-24.14
1525	-15.45
1526	-13.47
1527	-12.09
1528	-5.76
1529	-7.379
1530	4.068
1531	-18.33
1532	5.828
1533	-19.94
1534	-20.3
1535	19.16
1536	-21.3
1537	-18.07
1538	21.37
1539	-10.95
1540	-2.47
1541	-7.795
1542	-2.096
1543	29.9
1544	21.85
1545	14.3
1546	4.368
1547	-8.112
1548	-12.22
1549	-11.17
1550	-42.56
1551	-1.971
1552	10.42
1553	-1.097
1554	-9.219
1555	-17.45
1556	-28.63
1557	3.832
1558	2.378
1559	23.15
1560	7.398
1561	-16.99
1562	8.997
1563	-16.4
1564	-0.4934
1565	20.19
1566	8.332
1567	-13.22
1568	-14.96
1569	19.81
1570	7.326
1571	8.44
1572	12.09
1573	4.488
1574	-2.988
1575	-8.39
1576	-1.998
1577	12.75
1578	12.08
1579	22.38
1580	-16.44
1581	-4.9
1582	31.17
1583	-2.912
1584	-13.08
1585	5.431E-4
1586	-2.365
1587	-3.02
1588	11.31
1589	-0.4472
1590	-1.264
1591	-6.177
1592	11.77
1593	5.14
1594	8.842
1595	3.63
1596	-4.848
1597	1.395
1598	19.8
1599	-3.288
1600	17.73
1601	4.19
1602	5.131
1603	-11.3
1604	-16.56
1605	-5.272
1606	1.774
1607	5.848
1608	3.479
1609	-12.95
1610	-12.86
1611	-10.33
1612	12.7
1613	-4.627
1614	-0.1232
1615	0.8955
1616	-2.196
1617	-0.7787
1618	5.418
1619	2.952
1620	-42.49
1621	3.254
1622	1.634
1623	21.63
1624	4.474
1625	-2.671
1626	23.37
1627	-1.695
1628	29.12
1629	10.88
1630	13.77
1631	-13.55
1632	4.67
1633	19.83
1634	-21.53
1635	-1.32
1636	1.192
1637	6.247
1638	-6.356
1639	2.026
1640	-9.824
1641	9.628
1642	-0.7805
1643	8.546
1644	12.86
1645	17.17
1646	-37.78
1647	-7.529
1648	-42.05
1649	-1.208
1650	58.07
1651	4.904
1652	12.69
1653	36.08
1654	6.955
1655	1.403
1656	0.02557
1657	-11.78
1658	0.2746
1659	17.11
1660	-20.33
1661	24.42
1662	-7.024
1663	6.439
1664	21.36
1665	14.09
1666	17.01
1667	-5.931
1668	14.49
1669	-21.98
1670	-8.902
1671	-5.242
1672	7.486
1673	7.863
1674	15.93
1675	0.1157
1676	27.59
1677	-13.99
1678	-4.368
1679	-2.297
1680	16.3
1681	-16.93
1682	24.97
1683	7.845
1684	16.83
1685	13.35
1686	23.52
1687	13.8
1688	4.568
1689	-53.47
1690	-29.15
1691	-42.42
1692	12.36
1693	-15.76
1694	-15.96
1695	10.76
1696	-0.06497
1697	-10.37
1698	12.81
1699	0.01801
1700	-1.384
1701	9.7
1702	16.79
1703	13.35
1704	17.11
1705	11.07
1706	15.76
1707	-0.5148
1708	0.2204
1709	-2.134
1710	1.84
1711	6.811
1712	-8.741
1713	-4.553
1714	8.904
1715	-18.2
1716	9.022
1717	9.383
1718	-16.14
1719	8.376
1720	28.74
1721	1.513
1722	34.08
1723	3.965
1724	14.72
1725	6.474
1726	14.15
1727	15.38
1728	-8.293
1729	0.6757
1730	8.157
1731	-6.532
1732	12.67
1733	-0.1753
1734	27.05
1735	33.19
1736	19.28
1737	24.16
1738	9.059
1739	-4.856
1740	7.504
1741	-2.338
1742	0.001482
1743	-30.55
1744	-10.74
1745	-17.84
1746	-26.18
1747	-4.36
1748	15.24
1749	10.66
1750	-3.555
1751	-5.944
1752	2.321
1753	-0.2082
1754	-34.26
1755	-2.046
1756	-2.989
1757	-16.72
1758	-30.05
1759	-17.72
1760	-13.93
1761	-8.62
1762	20.9
1763	12.91
1764	-24.18
1765	-7.21
1766	-49.32
1767	7.818
1768	-7.657
1769	-12.24
1770	14.73
1771	10.13
1772	-9.406
1773	-42.69
1774	4.123
1775	3.807
1776	-42.06
1777	-0.9661
1778	-8.869
1779	-12.23
1780	4.118
1781	7.124
1782	-39.35
1783	-24.55
1784	-13.56
1785	-4.206
1786	-3.465
1787	-1.126
1788	13.03
1789	13.11
1790	-5.994
1791	7.265
1792	5.641
1793	7.592
1794	16.54
1795	4.271
1796	8.159
1797	3.845
1798	19.15
1799	8.459
1800	2.123
1801	-15.12
1802	13.45
1803	0.8237
1804	0.5778
1805	8.667
1806	0.6177
1807	14.67
1808	4.117
1809	16.75
1810	12.98
1811	-0.6613
1812	-1.381
1813	19.79
1814	3.022
1815	15.44
1816	21.54
1817	7.204
1818	0.6552
1819	2.452
1820	34.48
1821	-5.745
1822	4.602
1823	4.287
1824	-3.453
1825	1.652
1826	-2.044
1827	-8.566
1828	-37.4
1829	-5.617
1830	7.944
1831	-1.801
1832	-35.56
1833	-21.78
1834	-10.02
1835	-28.68
1836	-55.92
1837	-18.36
1838	-35.2
1839	-18.56
1840	-11.89
1841	-29.2
1842	5.417
1843	-5.977
1844	-0.09115
1845	-0.3878
1846	-24.76
1847	5.203
1848	23.8
1849	-5.782
1850	6.941
1851	-5.62
1852	12.77
1853	-4.271
1854	13.07
1855	-8.385
1856	-5.539
1857	-18.38
1858	-32.82
1859	-14.96
1860	-8.186
1861	-2.288
1862	-28.89
1863	-3.606
1864	0.7301
1865	-26.39
1866	-4.452
1867	-31.22
1868	-3.798
1869	13.71
1870	-25.73
1871	-22.73
1872	8.955
1873	-5.276
1874	-2.907
1875	-8.865
1876	14.45
1877	15.31
1878	13.36
1879	2.906
1880	2.832
1881	-29.28
1882	-1.488
1883	-4.498
1884	11.08
1885	-2.451
1886	22.12
1887	21.6
1888	-28.2
1889	-2.029
1890	0.5828
1891	-1.113
1892	26.32
1893	11.19
1894	7.763
1895	5.281
1896	-15.58
1897	4.499
1898	3.833
1899	20.88
1900	-17.99
1901	-20.69
1902	-20.01
1903	25.74
1904	6.48
1905	-7.848
1906	-20.88
1907	1.783
1908	-4.515
1909	1.167
1910	-6.772
1911	7.981
1912	-8.248
1913	2.536
1914	-6.073
1915	12.06
1916	-13.71
1917	-2.461
1918	29.86
1919	0.2757
1920	-22.02
1921	-10.76
1922	10.54
1923	-46.59
1924	15.84
1925	19.51
1926	2.858
1927	6.132
1928	7.006
1929	-16.54
1930	0.01266
1931	2.924
1932	5.13
1933	7.801
1934	-4.866
1935	-2.955
1936	-29.92
1937	11.56
1938	-3.365
1939	5.769
1940	9.677
1941	9.948
1942	-35.31
1943	-10.66
1944	1.795
1945	4.956
1946	-15.32
1947	-12.51
1948	-29.43
1949	8.173
1950	3.869
1951	5.571
1952	4.55
1953	8.801
1954	2.939
1955	-9.292
1956	-19.64
1957	0.2125
1958	-11.19
1959	-20.31
1960	-12.77
1961	-40.3
1962	-2.142
1963	-7.797
1964	-12.02
1965	-1.386
1966	-5.139
1967	10.01
1968	-14.14
1969	-34.57
1970	-27.21
1971	5.722
1972	-2.453
1973	9.609
1974	-27.46
1975	1.032
1976	-22.16
1977	-34.79
1978	19.16
1979	23.11
1980	-28.67
1981	30.38
1982	-2.043
1983	15.59
1984	8.097
1985	13.33
1986	20.01
1987	9.695
1988	-17.38
1989	4.134
1990	8.586
1991	-22.73
1992	13.82
1993	31.41
1994	1.303
1995	-32.24
1996	-15.4
1997	-2.431
1998	-10.57
1999	-42.17
2000	-2.933
2001	-29.98
2002	-7.983
2003	-1.168
2004	31.96
2005	-1.242
2006	15.11
2007	-16.78
2008	-6.331
2009	-20.95
2010	5.672
2011	-30.67
2012	-44.99
2013	-22.91
2014	-8.827
2015	-10.6
2016	13.14
2017	17.96
2018	7.017
2019	25.13
2020	22.63
2021	13.17
2022	13.21
2023	35.7
2024	-8.827
2025	8.671
2026	23.6
2027	-14.84
2028	-8.238
2029	7.748
2030	-0.9279
2031	19.86
2032	0.6877
2033	-1.968
2034	-7.513
2035	6.633
2036	17.14
2037	2.436
2038	-5.043
2039	10.42
2040	1.771
2041	4.805
2042	-17.98
2043	-5.283
2044	13.74
2045	-7.672
2046	19.35
2047	-12.74
2048	-4.082
2049	-18.4
2050	-7.305
2051	26.69
2052	6.611
2053	9.932
2054	-36.12
2055	-35.87
2056	26.92
2057	-29.73
2058	-1.012
2059	15.62
2060	6.678
2061	9.864
2062	9.075
2063	-8.323
2064	8.501
2065	-1.654
2066	-10.48
2067	3.58
2068	18.28
2069	10.61
2070	10.22
2071	8.489
2072	-3.968
2073	-10.96
2074	11.21
2075	14.69
2076	11.64
2077	-8.823
2078	-16.7
2079	21.25
2080	1.426
2081	-22.25
2082	-4.239
2083	-0.6587
2084	5.085
2085	-7.728
2086	-0.4577
2087	-2.101
2088	-5.871
2089	8.538
2090	-49.85
2091	-15.77
2092	21.98
2093	5.918
2094	15.57
2095	-29.37
2096	0.5567
2097	-14.98
2098	3.084
2099	-12.89
2100	37.91
2101	15.11
2102	-2.543
2103	-15.75
2104	19.67
2105	7.61
2106	0.8778
2107	-0.6088
2108	-10.29
2109	3.279
2110	26.14
2111	21.35
2112	-0.3812
2113	-20.95
2114	12.62
2115	-12.68
2116	-21.25
2117	8.251
2118	6.086
2119	-24.04
2120	-6.231
2121	-12.94
2122	-17.52
2123	-17.27
2124	-2.238
2125	11.85
2126	2.882
2127	10.01
2128	5.221
2129	8.95
2130	6.776
2131	-13.71
2132	2.952
2133	-2.698
2134	-30.37
2135	-20.62
2136	-1.706
2137	-1.447
2138	-14.42
2139	-22.95
2140	-2.013
2141	11.98
2142	-11.0
2143	-22.6
2144	13.23
2145	20.01
2146	5.108
2147	3.672
2148	3.214
2149	11.26
2150	18.26
2151	-17.41
2152	-6.207
2153	-10.92
2154	4.894
2155	0.1036
2156	14.24
2157	19.14
2158	-0.5683
2159	-1.718
2160	1.145
2161	1.169
2162	5.813
2163	6.916
2164	19.39
2165	3.07
2166	10.76
2167	-28.29
2168	0.1033
2169	-0.0467
2170	-11.1
2171	-7.312
2172	2.092
2173	8.399
2174	-20.76
2175	16.31
2176	-30.74
2177	-20.59
2178	9.755
2179	18.0
2180	-0.1958
2181	-8.903
2182	-20.65
2183	-6.852
2184	17.52
2185	-41.28
2186	-12.59
2187	18.52
2188	16.24
2189	5.345
2190	-22.42
2191	6.517
2192	-18.99
2193	8.091
2194	0.5138
2195	30.98
2196	2.698
2197	-12.26
2198	-39.13
2199	7.769
2200	-4.752
2201	-1.536
2202	1.827
2203	-8.644
2204	-6.771
2205	-34.04
2206	-10.82
2207	3.917
2208	-3.887
2209	-11.39
2210	16.7
2211	-8.047
2212	7.614
2213	9.978
2214	-2.072
2215	-17.34
2216	9.858
2217	6.761
2218	-11.53
2219	-0.5323
2220	4.326
2221	-20.59
2222	6.616
2223	-0.5041
2224	10.39
2225	16.56
2226	-9.172
2227	-29.44
2228	6.162
2229	14.54
2230	-5.797
2231	11.39
2232	20.14
2233	-0.9806
2234	3.996
2235	-7.443
2236	1.759
2237	-18.19
2238	-17.31
2239	-0.4329
2240	5.602
2241	19.81
2242	4.898
2243	21.83
2244	6.36
2245	-17.25
2246	21.89
2247	18.55
2248	4.811
2249	-14.53
2250	-51.23
2251	-19.82
2252	-17.57
2253	16.54
2254	2.279
2255	-19.79
2256	4.776
2257	-36.53
2258	22.44
2259	-10.12
2260	-47.11
2261	3.921
2262	-8.633
2263	-3.89
2264	-3.595
2265	-13.74
2266	-9.009
2267	11.79
2268	-7.791
2269	-4.116
2270	3.298
2271	10.65
2272	-13.17
2273	7.953
2274	-6.274
2275	2.544
2276	-5.258
2277	-15.39
2278	2.374
2279	4.22
2280	16.76
2281	-12.31
2282	3.556
2283	-2.293
2284	-20.96
2285	-3.005
2286	-7.841
2287	7.505
2288	6.768
2289	-15.32
2290	0.8117
2291	-11.71
2292	6.791
2293	-35.92
2294	-11.18
2295	2.174
2296	-2.059
2297	-9.584
2298	12.1
2299	11.67
2300	-27.93
2301	0.263
2302	-7.399
2303	1.969
2304	2.955
2305	22.45
2306	16.33
2307	-5.488
2308	-33.41
2309	-4.176
2310	-1.057
2311	-33.15
2312	-22.58
2313	-9.086
2314	5.371
2315	-23.51
2316	-17.02
2317	-7.571
2318	17.05
2319	10.96
2320	-6.316
2321	5.496
2322	-13.77
2323	-3.746
2324	11.13
2325	-43.95
2326	-0.3763
2327	-7.902
2328	-5.952
2329	-30.05
2330	23.88
2331	-22.88
2332	-2.996
2333	16.62
2334	12.49
2335	4.327
2336	3.873
2337	-2.192
2338	-0.7476
2339	3.141
2340	-3.504
2341	-1.62
2342	-11.19
2343	10.19
2344	-4.559
2345	-26.67
2346	-22.16
2347	-34.43
2348	4.52
2349	23.44
2350	10.25
2351	10.91
2352	12.66
2353	-12.01
2354	-26.85
2355	-30.3
2356	-45.96
2357	-25.63
2358	24.46
2359	-10.29
2360	-3.704
2361	-10.01
2362	-2.885
2363	2.409
2364	-10.46
2365	20.58
2366	11.95
2367	-32.78
2368	-51.45
2369	-12.2
2370	9.551
2371	16.49
2372	2.289
2373	13.74
2374	-0.04172
2375	-38.61
2376	15.39
2377	-29.99
2378	-16.26
2379	-4.107
2380	2.17
2381	-29.32
2382	-15.35
2383	6.28
2384	4.147
2385	-10.54
2386	7.453
2387	-18.19
2388	-7.233
2389	-33.4
2390	16.14
2391	-14.75
2392	18.57
2393	11.95
2394	22.38
2395	14.99
2396	8.536
2397	-0.5157
2398	-6.568
2399	-4.265
2400	4.499
2401	11.94
2402	17.08
2403	13.8
2404	25.28
2405	9.987
2406	-17.86
2407	9.378
2408	-0.54
2409	10.63
2410	14.63
2411	15.29
2412	1.899
2413	-6.452
2414	6.116
2415	14.06
2416	9.469
2417	12.29
2418	-30.27
2419	-12.85
2420	-8.755
2421	9.525
2422	18.5
2423	21.17
2424	-12.82
2425	-12.01
2426	-2.891
2427	1.429
2428	-9.978
2429	0.9517
2430	3.215
2431	15.9
2432	11.47
2433	11.37
2434	-8.348
2435	18.41
2436	-5.056
2437	-11.8
2438	-14.73
2439	-25.38
2440	-21.2
2441	-24.06
2442	-1.873
2443	-3.383
2444	-25.78
2445	-29.27
2446	6.513
2447	9.226
2448	5.204
2449	-16.94
2450	-0.3043
2451	-1.172
2452	-20.39
2453	2.617
2454	3.727
2455	-11.07
2456	2.608
2457	12.37
2458	-7.167
2459	5.149
2460	-0.09928
2461	-13.5
2462	3.918
2463	-6.121
2464	5.312
2465	-6.282
2466	-71.87
2467	23.29
2468	-12.95
2469	14.06
2470	28.13
2471	17.06
2472	-31.34
2473	-32.06
2474	-3.893
2475	-1.237
2476	-16.07
2477	-18.93
2478	4.818
2479	-8.367
2480	10.37
2481	19.86
2482	-7.505
2483	-22.07
2484	7.183
2485	10.69
2486	-8.207
2487	2.567
2488	-22.34
2489	-16.25
2490	-11.77
2491	-11.57
2492	-8.499
2493	-7.465
2494	-0.3886
2495	-12.11
2496	10.93
2497	-5.758
2498	2.496
2499	-13.59
2500	4.388
2501	-5.082
2502	12.89
2503	19.87
2504	22.13
2505	7.325
2506	23.73
2507	13.08
2508	22.15
2509	10.62
2510	-0.4219
2511	3.293
2512	-12.87
2513	17.03
2514	2.517
2515	-20.57
2516	7.856
2517	-0.4361
2518	-0.663
2519	3.502
2520	3.446
2521	-9.966
2522	9.497
2523	27.61
2524	1.678
2525	-25.15
2526	-18.43
2527	-5.378
2528	-18.73
2529	-11.95
2530	-16.28
2531	-32.53
2532	-42.21
2533	-10.28
2534	0.9902
2535	-7.112
2536	2.883
2537	-10.39
2538	15.68
2539	-18.91
2540	-20.81
2541	-0.7642
2542	-2.605
2543	20.21
2544	0.2995
2545	-7.786
2546	21.2
2547	8.3
2548	20.19
2549	27.34
2550	3.229
2551	31.73
2552	-19.77
2553	32.36
2554	-16.83
2555	10.52
2556	16.79
2557	-24.0
2558	-12.69
2559	30.36
2560	-11.9
2561	-20.0
2562	-9.177
2563	-12.42
2564	-23.39
2565	-12.66
2566	-8.736
2567	-10.69
2568	10.96
2569	7.898
2570	14.53
2571	-56.05
2572	-1.181
2573	6.025
2574	-1.604
2575	-19.63
2576	-5.553
2577	9.287
2578	-17.43
2579	-1.946
2580	-10.26
2581	2.069
2582	6.117
2583	-28.0
2584	23.87
2585	-5.578
2586	16.5
2587	7.698
2588	-0.2372
2589	9.826
2590	9.522
2591	2.771
2592	22.62
2593	21.26
2594	10.81
2595	-7.086
2596	10.26
2597	-15.38
2598	-23.82
2599	-2.367
2600	0.9128
2601	-1.145
2602	-22.86
2603	-25.42
2604	1.723
2605	1.741
2606	-35.89
2607	-27.03
2608	9.492
2609	19.66
2610	1.349
2611	12.35
2612	-7.264
2613	6.963
2614	-16.5
2615	-19.08
2616	-29.6
2617	-2.796
2618	-17.66
2619	13.03
2620	6.347
2621	-6.955
2622	13.12
2623	32.37
2624	-26.93
2625	5.135
2626	9.762
2627	2.285
2628	2.979
2629	-11.88
2630	7.442
2631	11.35
2632	-1.227
2633	-13.66
2634	-16.06
2635	1.494
2636	-13.4
2637	-12.87
2638	5.241
2639	20.95
2640	-15.81
2641	6.122
2642	0.8323
2643	1.874
2644	-25.78
2645	0.6966
2646	20.27
2647	20.23
2648	3.261
2649	17.16
2650	21.94
2651	-12.71
2652	-26.79
2653	12.47
2654	30.33
2655	-1.508
2656	10.29
2657	4.324
2658	10.28
2659	-2.81
2660	-7.948
2661	3.827
2662	-1.374
2663	-22.99
2664	-7.243
2665	-16.2
2666	-11.12
2667	2.843
2668	3.764
2669	-2.256
2670	11.0
2671	-6.629
2672	31.18
2673	-12.11
2674	-36.75
2675	-22.61
2676	4.968
2677	22.3
2678	16.6
2679	19.85
2680	9.37
2681	6.363
2682	15.5
2683	-5.627
2684	-19.67
2685	1.998
2686	7.099
2687	7.775
2688	-6.541
2689	-1.873
2690	-1.09
2691	9.576
2692	16.87
2693	16.42
2694	-7.468
2695	-0.6603
2696	3.152
2697	12.53
2698	-32.59
2699	-5.521
2700	-14.55
2701	5.964
2702	0.5351
2703	3.399
2704	-9.969
2705	30.96
2706	-44.41
2707	-3.262
2708	10.75
2709	33.82
2710	14.8
2711	21.38
2712	-23.89
2713	-38.92
2714	-19.72
2715	-47.48
2716	8.992
2717	-7.882
2718	-10.91
2719	19.89
2720	7.704
2721	4.013
2722	9.416
2723	-4.221
2724	-10.52
2725	-41.68
2726	-26.33
2727	-9.104
2728	10.05
2729	-30.46
2730	1.206
2731	22.58
2732	10.94
2733	-17.79
2734	-19.22
2735	-5.266
2736	13.19
2737	4.938
2738	4.63
2739	-12.05
2740	-2.171
2741	-14.97
2742	-1.072
2743	3.937
2744	-19.34
2745	23.26
2746	-1.968
2747	-2.262
2748	3.723
2749	-14.87
2750	-0.7839
2751	9.457
2752	-20.86
2753	26.34
2754	-30.53
2755	17.18
2756	8.805
2757	-14.62
2758	5.159
2759	7.971
2760	21.08
2761	6.84
2762	12.8
2763	10.36
2764	11.77
2765	-23.9
2766	2.973
2767	14.76
2768	-16.74
2769	-37.33
2770	-30.61
2771	3.565
2772	0.991
2773	-18.36
2774	18.36
2775	17.95
2776	-7.831
2777	-2.476
2778	8.209
2779	8.601
2780	0.09822
2781	-12.03
2782	-0.8312
2783	-4.224
2784	17.84
2785	-33.95
2786	5.28
2787	27.37
2788	0.7984
2789	11.62
2790	-25.91
2791	4.745
2792	-10.16
2793	8.828
2794	-18.91
2795	28.8
2796	21.73
2797	-4.105
2798	-1.011
2799	9.546
2800	8.251
2801	-2.619
2802	5.438
2803	1.54
2804	-3.438
2805	-11.97
2806	-6.251
2807	-0.7611
2808	14.5
2809	27.4
2810	2.718
2811	2.189
2812	-1.031
2813	3.539
2814	9.176
2815	6.781
2816	7.459
2817	-0.08295
2818	-12.14
2819	-0.5034
2820	-0.4823
2821	-9.007
2822	8.848
2823	15.56
2824	23.53
2825	12.96
2826	-2.43
2827	-44.71
2828	-20.97
2829	-35.67
2830	-15.94
2831	1.444
2832	-31.95
2833	-21.0
2834	-36.01
2835	9.448
2836	25.23
2837	-10.38
2838	8.9
2839	3.036
2840	5.927
2841	10.5
2842	24.11
2843	1.424
2844	5.225
2845	10.47
2846	-28.12
2847	16.63
2848	0.3661
2849	-14.21
2850	5.927
2851	10.52
2852	-31.9
2853	-4.09
2854	3.949
2855	-34.67
2856	-2.447
2857	-16.57
2858	-9.265
2859	-10.59
2860	9.101
2861	-9.127
2862	22.05
2863	6.321
2864	0.2879
2865	7.636
2866	-20.11
2867	-13.23
2868	7.196
2869	25.54
2870	3.519
2871	35.51
2872	-20.19
2873	-3.153
2874	-37.04
2875	-26.57
2876	29.66
2877	4.538
2878	-33.9
2879	-1.461
2880	6.31
2881	8.178
2882	-3.035
2883	-2.189
2884	-1.828
2885	-23.56
2886	-18.42
2887	-18.74
2888	-16.15
2889	7.435
2890	3.707
2891	-36.53
2892	-10.22
2893	3.427
2894	-3.693
2895	0.6771
2896	9.24
2897	15.29
2898	-2.347
2899	2.251
2900	2.893
2901	-12.81
2902	-0.6422
2903	14.63
2904	-3.577
2905	0.9794
2906	-3.552
2907	-6.287
2908	-1.078
2909	12.59
2910	-2.785
2911	-17.41
2912	6.884
2913	5.856
2914	-26.07
2915	20.0
2916	-6.081
2917	-33.05
2918	-30.31
2919	-33.33
2920	0.3936
2921	0.8866
2922	-1.2
2923	-23.47
2924	-26.32
2925	-9.883
2926	-24.02
2927	-19.19
2928	-2.363
2929	-23.31
2930	1.539
2931	-6.065
2932	23.43
2933	1.17
2934	-15.55
2935	-11.96
2936	-0.1131
2937	16.35
2938	6.208
2939	12.45
2940	15.03
2941	21.72
2942	-0.2689
2943	-15.68
2944	26.31
2945	-16.31
2946	1.034
2947	-8.439
2948	-2.364
2949	-11.07
2950	-17.66
2951	-26.25
2952	0.912
2953	-4.239
2954	-14.77
2955	-21.89
2956	24.54
2957	6.838
2958	-5.95
2959	-5.846
2960	-3.147
2961	-8.801
2962	13.03
2963	11.62
2964	7.723
2965	-14.63
2966	35.23
2967	-15.15
2968	-14.18
2969	10.61
2970	-7.635
2971	12.44
2972	6.194
2973	-6.808
2974	8.561
2975	-1.419
2976	7.617
2977	19.38
2978	6.765
2979	-8.356
2980	-0.09463
2981	-17.98
2982	-30.59
2983	17.19
2984	9.471
2985	-15.79
2986	22.62
2987	24.68
2988	-16.31
2989	6.276
2990	5.061
2991	12.9
2992	7.295
2993	-1.362
2994	-9.301
2995	2.272
2996	-16.91
2997	-42.12
2998	-13.84
2999	11.91
3000	-6.838
