1001	8562.0
1002	8544.0
1003	8498.0
1004	8531.0
1005	8457.0
1006	8493.0
1007	8482.0
1008	8498.0
1009	8537.0
1010	8522.0
1011	8608.0
1012	8568.0
1013	8595.0
1014	8525.0
1015	8439.0
1016	8456.0
1017	8370.0
1018	8449.0
1019	8405.0
1020	8437.0
1021	8442.0
1022	8422.0
1023	8472.0
1024	8538.0
1025	8508.0
1026	8488.0
1027	8485.0
1028	8449.0
1029	8410.0
1030	8445.0
1031	8542.0
1032	8417.0
1033	8501.0
1034	8435.0
1035	8482.0
1036	8598.0
1037	8610.0
1038	8601.0
1039	8634.0
1040	8611.0
1041	8597.0
1042	8535.0
1043	8580.0
1044	8583.0
1045	8598.0
1046	8554.0
1047	8565.0
1048	8589.0
1049	8479.0
1050	8556.0
1051	8535.0
1052	8624.0
1053	8550.0
1054	8533.0
1055	8465.0
1056	8537.0
1057	8488.0
1058	8535.0
1059	8605.0
1060	8527.0
1061	8506.0
1062	8439.0
1063	8485.0
1064	8573.0
1065	8481.0
1066	8388.0
1067	8479.0
1068	8425.0
1069	8446.0
1070	8384.0
1071	8455.0
1072	8544.0
1073	8492.0
1074	8506.0
1075	8425.0
1076	8467.0
1077	8524.0
1078	8601.0
1079	8569.0
1080	8532.0
1081	8565.0
1082	8543.0
1083	8572.0
1084	8594.0
1085	8564.0
1086	8543.0
1087	8568.0
1088	8599.0
1089	8518.0
1090	8577.0
1091	8516.0
1092	8521.0
1093	8533.0
1094	8490.0
1095	8502.0
1096	8509.0
1097	8580.0
1098	8624.0
1099	8577.0
1100	8527.0
1101	8393.0
1102	8426.0
1103	8425.0
1104	8446.0
1105	8466.0
1106	8466.0
1107	8495.0
1108	8471.0
1109	8446.0
1110	8441.0
1111	8380.0
1112	8408.0
1113	8432.0
1114	8395.0
1115	8457.0
1116	8453.0
1117	8573.0
1118	8550.0
1119	8469.0
1120	8447.0
1121	8413.0
1122	8513.0
1123	8434.0
1124	8577.0
1125	8653.0
1126	8649.0
1127	8552.0
1128	8543.0
1129	8532.0
1130	8632.0
1131	8689.0
1132	8630.0
1133	8519.0
1134	8505.0
1135	8499.0
1136	8528.0
1137	8521.0
1138	8448.0
1139	8546.0
1140	8587.0
1141	8525.0
1142	8580.0
1143	8613.0
1144	8632.0
1145	8616.0
1146	8648.0
1147	8620.0
1148	8667.0
1149	8553.0
1150	8444.0
1151	8450.0
1152	8589.0
1153	8554.0
1154	8569.0
1155	8670.0
1156	8628.0
1157	8674.0
1158	8601.0
1159	8492.0
1160	8548.0
1161	8558.0
1162	8471.0
1163	8527.0
1164	8553.0
1165	8574.0
1166	8511.0
1167	8465.0
1168	8524.0
1169	8494.0
1170	8450.0
1171	8433.0
1172	8491.0
1173	8484.0
1174	8500.0
1175	8503.0
1176	8455.0
1177	8433.0
1178	8446.0
1179	8440.0
1180	8383.0
1181	8371.0
1182	8444.0
1183	8471.0
1184	8475.0
1185	8452.0
1186	8551.0
1187	8482.0
1188	8430.0
1189	8492.0
1190	8481.0
1191	8602.0
1192	8620.0
1193	8566.0
1194	8538.0
1195	8543.0
1196	8497.0
1197	8548.0
1198	8525.0
1199	8474.0
1200	8459.0
1201	8463.0
1202	8512.0
1203	8522.0
1204	8513.0
1205	8558.0
1206	8546.0
1207	8586.0
1208	8507.0
1209	8492.0
1210	8524.0
1211	8429.0
1212	8420.0
1213	8433.0
1214	8404.0
1215	8352.0
1216	8432.0
1217	8485.0
1218	8565.0
1219	8516.0
1220	8487.0
1221	8438.0
1222	8465.0
1223	8476.0
1224	8472.0
1225	8516.0
1226	8490.0
1227	8519.0
1228	8517.0
1229	8522.0
1230	8432.0
1231	8513.0
1232	8567.0
1233	8519.0
1234	8573.0
1235	8517.0
1236	8404.0
1237	8455.0
1238	8440.0
1239	8501.0
1240	8563.0
1241	8573.0
1242	8645.0
1243	8536.0
1244	8543.0
1245	8475.0
1246	8481.0
1247	8473.0
1248	8574.0
1249	8505.0
1250	8519.0
1251	8525.0
1252	8441.0
1253	8401.0
1254	8496.0
1255	8360.0
1256	8392.0
1257	8381.0
1258	8368.0
1259	8491.0
1260	8562.0
1261	8564.0
1262	8515.0
1263	8481.0
1264	8422.0
1265	8467.0
1266	8497.0
1267	8571.0
1268	8494.0
1269	8529.0
1270	8482.0
1271	8466.0
1272	8462.0
1273	8443.0
1274	8450.0
1275	8481.0
1276	8538.0
1277	8575.0
1278	8561.0
1279	8629.0
1280	8641.0
1281	8647.0
1282	8520.0
1283	8575.0
1284	8506.0
1285	8460.0
1286	8557.0
1287	8521.0
1288	8432.0
1289	8447.0
1290	8500.0
1291	8535.0
1292	8494.0
1293	8473.0
1294	8422.0
1295	8447.0
1296	8327.0
1297	8301.0
1298	8366.0
1299	8352.0
1300	8441.0
1301	8423.0
1302	8476.0
1303	8475.0
1304	8448.0
1305	8396.0
1306	8439.0
1307	8478.0
1308	8427.0
1309	8440.0
1310	8501.0
1311	8507.0
1312	8550.0
1313	8516.0
1314	8428.0
1315	8528.0
1316	8577.0
1317	8477.0
1318	8487.0
1319	8533.0
1320	8504.0
1321	8498.0
1322	8475.0
1323	8471.0
1324	8383.0
1325	8349.0
1326	8380.0
1327	8422.0
1328	8439.0
1329	8502.0
1330	8513.0
1331	8471.0
1332	8475.0
1333	8499.0
1334	8411.0
1335	8426.0
1336	8474.0
1337	8604.0
1338	8652.0
1339	8611.0
1340	8635.0
1341	8625.0
1342	8667.0
1343	8736.0
1344	8679.0
1345	8516.0
1346	8519.0
1347	8542.0
1348	8537.0
1349	8526.0
1350	8557.0
1351	8548.0
1352	8555.0
1353	8531.0
1354	8483.0
1355	8491.0
1356	8613.0
1357	8543.0
1358	8520.0
1359	8531.0
1360	8471.0
1361	8415.0
1362	8408.0
1363	8441.0
1364	8430.0
1365	8374.0
1366	8461.0
1367	8520.0
1368	8473.0
1369	8475.0
1370	8458.0
1371	8529.0
1372	8468.0
1373	8482.0
1374	8576.0
1375	8647.0
1376	8589.0
1377	8577.0
1378	8538.0
1379	8575.0
1380	8631.0
1381	8550.0
1382	8537.0
1383	8483.0
1384	8479.0
1385	8469.0
1386	8503.0
1387	8363.0
1388	8371.0
1389	8404.0
1390	8435.0
1391	8544.0
1392	8489.0
1393	8455.0
1394	8407.0
1395	8429.0
1396	8413.0
1397	8423.0
1398	8459.0
1399	8391.0
1400	8346.0
1401	8440.0
1402	8511.0
1403	8533.0
1404	8485.0
1405	8421.0
1406	8561.0
1407	8486.0
1408	8544.0
1409	8496.0
1410	8505.0
1411	8566.0
1412	8600.0
1413	8544.0
1414	8510.0
1415	8567.0
1416	8529.0
1417	8476.0
1418	8529.0
1419	8595.0
1420	8569.0
1421	8554.0
1422	8470.0
1423	8527.0
1424	8479.0
1425	8542.0
1426	8548.0
1427	8458.0
1428	8509.0
1429	8524.0
1430	8434.0
1431	8450.0
1432	8464.0
1433	8518.0
1434	8463.0
1435	8535.0
1436	8390.0
1437	8450.0
1438	8463.0
1439	8424.0
1440	8459.0
1441	8466.0
1442	8465.0
1443	8443.0
1444	8445.0
1445	8435.0
1446	8451.0
1447	8440.0
1448	8405.0
1449	8391.0
1450	8416.0
1451	8387.0
1452	8399.0
1453	8458.0
1454	8480.0
1455	8485.0
1456	8530.0
1457	8582.0
1458	8683.0
1459	8563.0
1460	8575.0
1461	8583.0
1462	8552.0
1463	8567.0
1464	8591.0
1465	8501.0
1466	8500.0
1467	8518.0
1468	8504.0
1469	8538.0
1470	8579.0
1471	8560.0
1472	8483.0
1473	8554.0
1474	8590.0
1475	8527.0
1476	8479.0
1477	8512.0
1478	8525.0
1479	8490.0
1480	8482.0
1481	8481.0
1482	8479.0
1483	8541.0
1484	8546.0
1485	8533.0
1486	8560.0
1487	8552.0
1488	8546.0
1489	8476.0
1490	8465.0
1491	8576.0
1492	8522.0
1493	8614.0
1494	8548.0
1495	8527.0
1496	8498.0
1497	8551.0
1498	8584.0
1499	8570.0
1500	8507.0
1501	8558.0
1502	8640.0
1503	8617.0
1504	8552.0
1505	8511.0
1506	8561.0
1507	8567.0
1508	8585.0
1509	8572.0
1510	8643.0
1511	8644.0
1512	8660.0
1513	8588.0
1514	8637.0
1515	8601.0
1516	8567.0
1517	8604.0
1518	8563.0
1519	8552.0
1520	8541.0
1521	8474.0
1522	8592.0
1523	8638.0
1524	8517.0
1525	8500.0
1526	8525.0
1527	8554.0
1528	8509.0
1529	8513.0
1530	8520.0
1531	8527.0
1532	8544.0
1533	8482.0
1534	8491.0
1535	8581.0
1536	8533.0
1537	8591.0
1538	8587.0
1539	8509.0
1540	8529.0
1541	8392.0
1542	8448.0
1543	8471.0
1544	8483.0
1545	8452.0
1546	8413.0
1547	8416.0
1548	8469.0
1549	8566.0
1550	8533.0
1551	8562.0
1552	8617.0
1553	8571.0
1554	8645.0
1555	8651.0
1556	8617.0
1557	8528.0
1558	8570.0
1559	8651.0
1560	8656.0
1561	8586.0
1562	8596.0
1563	8593.0
1564	8558.0
1565	8545.0
1566	8552.0
1567	8584.0
1568	8632.0
1569	8584.0
1570	8558.0
1571	8608.0
1572	8508.0
1573	8575.0
1574	8536.0
1575	8647.0
1576	8615.0
1577	8627.0
1578	8525.0
1579	8522.0
1580	8530.0
1581	8512.0
1582	8513.0
1583	8460.0
1584	8524.0
1585	8511.0
1586	8521.0
1587	8606.0
1588	8600.0
1589	8542.0
1590	8656.0
1591	8645.0
1592	8549.0
1593	8551.0
1594	8484.0
1595	8495.0
1596	8450.0
1597	8484.0
1598	8579.0
1599	8547.0
1600	8543.0
1601	8549.0
1602	8544.0
1603	8495.0
1604	8546.0
1605	8483.0
1606	8449.0
1607	8453.0
1608	8514.0
1609	8467.0
1610	8592.0
1611	8556.0
1612	8531.0
1613	8613.0
1614	8550.0
1615	8540.0
1616	8505.0
1617	8533.0
1618	8569.0
1619	8581.0
1620	8625.0
1621	8578.0
1622	8631.0
1623	8646.0
1624	8638.0
1625	8637.0
1626	8663.0
1627	8598.0
1628	8605.0
1629	8581.0
1630	8562.0
1631	8616.0
1632	8583.0
1633	8485.0
1634	8531.0
1635	8576.0
1636	8587.0
1637	8631.0
1638	8671.0
1639	8642.0
1640	8648.0
1641	8591.0
1642	8582.0
1643	8589.0
1644	8534.0
1645	8580.0
1646	8463.0
1647	8566.0
1648	8515.0
1649	8595.0
1650	8512.0
1651	8482.0
1652	8394.0
1653	8456.0
1654	8465.0
1655	8534.0
1656	8584.0
1657	8631.0
1658	8603.0
1659	8588.0
1660	8557.0
1661	8620.0
1662	8527.0
1663	8595.0
1664	8429.0
1665	8576.0
1666	8634.0
1667	8620.0
1668	8609.0
1669	8578.0
1670	8508.0
1671	8506.0
1672	8492.0
1673	8542.0
1674	8407.0
1675	8470.0
1676	8419.0
1677	8392.0
1678	8452.0
1679	8499.0
1680	8567.0
1681	8525.0
1682	8546.0
1683	8487.0
1684	8472.0
1685	8490.0
1686	8511.0
1687	8469.0
1688	8487.0
1689	8509.0
1690	8505.0
1691	8537.0
1692	8597.0
1693	8620.0
1694	8529.0
1695	8577.0
1696	8582.0
1697	8483.0
1698	8456.0
1699	8465.0
1700	8429.0
1701	8535.0
1702	8529.0
1703	8472.0
1704	8519.0
1705	8504.0
1706	8508.0
1707	8496.0
1708	8530.0
1709	8518.0
1710	8502.0
1711	8534.0
1712	8449.0
1713	8361.0
1714	8474.0
1715	8485.0
1716	8474.0
1717	8543.0
1718	8474.0
1719	8466.0
1720	8500.0
1721	8565.0
1722	8528.0
1723	8520.0
1724	8541.0
1725	8509.0
1726	8388.0
1727	8339.0
1728	8387.0
1729	8441.0
1730	8519.0
1731	8460.0
1732	8459.0
1733	8459.0
1734	8395.0
1735	8403.0
1736	8464.0
1737	8490.0
1738	8435.0
1739	8464.0
1740	8474.0
1741	8449.0
1742	8445.0
1743	8493.0
1744	8487.0
1745	8418.0
1746	8458.0
1747	8421.0
1748	8403.0
1749	8433.0
1750	8496.0
1751	8425.0
1752	8362.0
1753	8530.0
1754	8513.0
1755	8565.0
1756	8575.0
1757	8505.0
1758	8526.0
1759	8583.0
1760	8599.0
1761	8609.0
1762	8564.0
1763	8606.0
1764	8510.0
1765	8505.0
1766	8443.0
1767	8563.0
1768	8538.0
1769	8547.0
1770	8504.0
1771	8564.0
1772	8528.0
1773	8506.0
1774	8561.0
1775	8529.0
1776	8526.0
1777	8530.0
1778	8474.0
1779	8513.0
1780	8489.0
1781	8468.0
1782	8484.0
1783	8481.0
1784	8431.0
1785	8564.0
1786	8631.0
1787	8501.0
1788	8516.0
1789	8598.0
1790	8539.0
1791	8553.0
1792	8485.0
1793	8527.0
1794	8513.0
1795	8531.0
1796	8472.0
1797	8533.0
1798	8405.0
1799	8440.0
1800	8533.0
1801	8456.0
1802	8476.0
1803	8477.0
1804	8422.0
1805	8429.0
1806	8457.0
1807	8486.0
1808	8573.0
1809	8556.0
1810	8550.0
1811	8564.0
1812	8519.0
1813	8643.0
1814	8589.0
1815	8525.0
1816	8538.0
1817	8591.0
1818	8532.0
1819	8518.0
1820	8558.0
1821	8531.0
1822	8500.0
1823	8473.0
1824	8449.0
1825	8455.0
1826	8438.0
1827	8377.0
1828	8418.0
1829	8390.0
1830	8384.0
1831	8438.0
1832	8509.0
1833	8591.0
1834	8670.0
1835	8664.0
1836	8579.0
1837	8554.0
1838	8520.0
1839	8540.0
1840	8531.0
1841	8597.0
1842	8543.0
1843	8580.0
1844	8585.0
1845	8524.0
1846	8509.0
1847	8643.0
1848	8604.0
1849	8535.0
1850	8506.0
1851	8562.0
1852	8600.0
1853	8589.0
1854	8540.0
1855	8504.0
1856	8526.0
1857	8531.0
1858	8538.0
1859	8490.0
1860	8556.0
1861	8565.0
1862	8485.0
1863	8557.0
1864	8492.0
1865	8459.0
1866	8508.0
1867	8489.0
1868	8477.0
1869	8531.0
1870	8583.0
1871	8607.0
1872	8565.0
1873	8530.0
1874	8530.0
1875	8517.0
1876	8608.0
1877	8522.0
1878	8577.0
1879	8545.0
1880	8515.0
1881	8541.0
1882	8624.0
1883	8580.0
1884	8527.0
1885	8414.0
1886	8421.0
1887	8477.0
1888	8424.0
1889	8436.0
1890	8532.0
1891	8432.0
1892	8456.0
1893	8512.0
1894	8458.0
1895	8441.0
1896	8483.0
1897	8504.0
1898	8453.0
1899	8510.0
1900	8506.0
1901	8490.0
1902	8520.0
1903	8505.0
1904	8485.0
1905	8530.0
1906	8493.0
1907	8361.0
1908	8425.0
1909	8449.0
1910	8522.0
1911	8480.0
1912	8422.0
1913	8351.0
1914	8408.0
1915	8417.0
1916	8448.0
1917	8458.0
1918	8588.0
1919	8572.0
1920	8532.0
1921	8460.0
1922	8496.0
1923	8507.0
1924	8453.0
1925	8442.0
1926	8552.0
1927	8633.0
1928	8740.0
1929	8672.0
1930	8616.0
1931	8553.0
1932	8482.0
1933	8483.0
1934	8460.0
1935	8513.0
1936	8464.0
1937	8437.0
1938	8395.0
1939	8340.0
1940	8446.0
1941	8423.0
1942	8398.0
1943	8366.0
1944	8369.0
1945	8491.0
1946	8472.0
1947	8416.0
1948	8456.0
1949	8504.0
1950	8480.0
1951	8480.0
1952	8357.0
1953	8434.0
1954	8399.0
1955	8430.0
1956	8542.0
1957	8485.0
1958	8407.0
1959	8457.0
1960	8509.0
1961	8525.0
1962	8487.0
1963	8471.0
1964	8503.0
1965	8494.0
1966	8434.0
1967	8365.0
1968	8350.0
1969	8418.0
1970	8419.0
1971	8401.0
1972	8510.0
1973	8568.0
1974	8562.0
1975	8604.0
1976	8541.0
1977	8510.0
1978	8570.0
1979	8490.0
1980	8479.0
1981	8490.0
1982	8494.0
1983	8507.0
1984	8546.0
1985	8527.0
1986	8607.0
1987	8578.0
1988	8516.0
1989	8430.0
1990	8431.0
1991	8491.0
1992	8410.0
1993	8379.0
1994	8351.0
1995	8399.0
1996	8408.0
1997	8364.0
1998	8421.0
1999	8419.0
2000	8385.0
2001	8486.0
2002	8502.0
2003	8487.0
2004	8439.0
2005	8480.0
2006	8511.0
2007	8563.0
2008	8474.0
2009	8538.0
2010	8546.0
2011	8531.0
2012	8585.0
2013	8598.0
2014	8569.0
2015	8537.0
2016	8493.0
2017	8477.0
2018	8494.0
2019	8538.0
2020	8579.0
2021	8626.0
2022	8577.0
2023	8555.0
2024	8521.0
2025	8563.0
2026	8564.0
2027	8479.0
2028	8548.0
2029	8629.0
2030	8599.0
2031	8478.0
2032	8610.0
2033	8575.0
2034	8599.0
2035	8525.0
2036	8483.0
2037	8436.0
2038	8564.0
2039	8533.0
2040	8550.0
2041	8540.0
2042	8479.0
2043	8546.0
2044	8457.0
2045	8590.0
2046	8577.0
2047	8547.0
2048	8579.0
2049	8590.0
2050	8475.0
2051	8474.0
2052	8451.0
2053	8478.0
2054	8453.0
2055	8531.0
2056	8575.0
2057	8567.0
2058	8463.0
2059	8502.0
2060	8399.0
2061	8396.0
2062	8455.0
2063	8380.0
2064	8372.0
2065	8393.0
2066	8420.0
2067	8398.0
2068	8387.0
2069	8470.0
2070	8464.0
2071	8432.0
2072	8520.0
2073	8380.0
2074	8448.0
2075	8545.0
2076	8536.0
2077	8477.0
2078	8456.0
2079	8434.0
2080	8485.0
2081	8361.0
2082	8399.0
2083	8500.0
2084	8456.0
2085	8493.0
2086	8541.0
2087	8491.0
2088	8489.0
2089	8510.0
2090	8512.0
2091	8517.0
2092	8491.0
2093	8423.0
2094	8396.0
2095	8519.0
2096	8559.0
2097	8479.0
2098	8441.0
2099	8442.0
2100	8501.0
2101	8461.0
2102	8394.0
2103	8477.0
2104	8467.0
2105	8440.0
2106	8455.0
2107	8436.0
2108	8540.0
2109	8501.0
2110	8598.0
2111	8538.0
2112	8585.0
2113	8580.0
2114	8470.0
2115	8486.0
2116	8497.0
2117	8452.0
2118	8446.0
2119	8425.0
2120	8440.0
2121	8467.0
2122	8436.0
2123	8452.0
2124	8438.0
2125	8588.0
2126	8517.0
2127	8505.0
2128	8529.0
2129	8574.0
2130	8500.0
2131	8556.0
2132	8472.0
2133	8457.0
2134	8477.0
2135	8384.0
2136	8403.0
2137	8472.0
2138	8451.0
2139	8581.0
2140	8638.0
2141	8622.0
2142	8590.0
2143	8574.0
2144	8539.0
2145	8564.0
2146	8580.0
2147	8595.0
2148	8590.0
2149	8538.0
2150	8508.0
2151	8588.0
2152	8614.0
2153	8587.0
2154	8528.0
2155	8509.0
2156	8526.0
2157	8512.0
2158	8500.0
2159	8514.0
2160	8513.0
2161	8481.0
2162	8574.0
2163	8620.0
2164	8648.0
2165	8636.0
2166	8478.0
2167	8504.0
2168	8461.0
2169	8514.0
2170	8597.0
2171	8577.0
2172	8642.0
2173	8506.0
2174	8459.0
2175	8522.0
2176	8509.0
2177	8496.0
2178	8578.0
2179	8598.0
2180	8512.0
2181	8562.0
2182	8628.0
2183	8620.0
2184	8657.0
2185	8659.0
2186	8606.0
2187	8583.0
2188	8563.0
2189	8544.0
2190	8627.0
2191	8667.0
2192	8626.0
2193	8590.0
2194	8576.0
2195	8645.0
2196	8596.0
2197	8707.0
2198	8663.0
2199	8626.0
2200	8607.0
2201	8569.0
2202	8544.0
2203	8599.0
2204	8651.0
2205	8573.0
2206	8566.0
2207	8604.0
2208	8585.0
2209	8595.0
2210	8691.0
2211	8601.0
2212	8628.0
2213	8490.0
2214	8578.0
2215	8518.0
2216	8514.0
2217	8554.0
2218	8549.0
2219	8542.0
2220	8545.0
2221	8563.0
2222	8629.0
2223	8675.0
2224	8637.0
2225	8570.0
2226	8526.0
2227	8614.0
2228	8525.0
2229	8612.0
2230	8533.0
2231	8540.0
2232	8558.0
2233	8536.0
2234	8573.0
2235	8579.0
2236	8523.0
2237	8525.0
2238	8588.0
2239	8573.0
2240	8587.0
2241	8454.0
2242	8479.0
2243	8485.0
2244	8451.0
2245	8454.0
2246	8456.0
2247	8473.0
2248	8497.0
2249	8507.0
2250	8513.0
2251	8515.0
2252	8478.0
2253	8429.0
2254	8449.0
2255	8442.0
2256	8457.0
2257	8451.0
2258	8455.0
2259	8466.0
2260	8483.0
2261	8491.0
2262	8457.0
2263	8459.0
2264	8469.0
2265	8434.0
2266	8473.0
2267	8513.0
2268	8551.0
2269	8573.0
2270	8543.0
2271	8428.0
2272	8427.0
2273	8549.0
2274	8555.0
2275	8488.0
2276	8486.0
2277	8401.0
2278	8506.0
2279	8517.0
2280	8548.0
2281	8501.0
2282	8468.0
2283	8556.0
2284	8504.0
2285	8539.0
2286	8521.0
2287	8496.0
2288	8459.0
2289	8398.0
2290	8417.0
2291	8520.0
2292	8477.0
2293	8480.0
2294	8418.0
2295	8506.0
2296	8451.0
2297	8420.0
2298	8457.0
2299	8388.0
2300	8282.0
2301	8288.0
2302	8378.0
2303	8400.0
2304	8455.0
2305	8525.0
2306	8552.0
2307	8544.0
2308	8598.0
2309	8536.0
2310	8496.0
2311	8469.0
2312	8535.0
2313	8462.0
2314	8524.0
2315	8495.0
2316	8533.0
2317	8510.0
2318	8510.0
2319	8560.0
2320	8579.0
2321	8615.0
2322	8590.0
2323	8661.0
2324	8641.0
2325	8784.0
2326	8795.0
2327	8673.0
2328	8560.0
2329	8546.0
2330	8580.0
2331	8598.0
2332	8632.0
2333	8548.0
2334	8533.0
2335	8522.0
2336	8525.0
2337	8522.0
2338	8517.0
2339	8427.0
2340	8383.0
2341	8373.0
2342	8493.0
2343	8491.0
2344	8518.0
2345	8434.0
2346	8406.0
2347	8474.0
2348	8458.0
2349	8532.0
2350	8587.0
2351	8512.0
2352	8436.0
2353	8470.0
2354	8388.0
2355	8404.0
2356	8462.0
2357	8518.0
2358	8540.0
2359	8592.0
2360	8533.0
2361	8535.0
2362	8578.0
2363	8564.0
2364	8581.0
2365	8684.0
2366	8574.0
2367	8556.0
2368	8616.0
2369	8565.0
2370	8568.0
2371	8486.0
2372	8462.0
2373	8478.0
2374	8506.0
2375	8514.0
2376	8585.0
2377	8548.0
2378	8571.0
2379	8433.0
2380	8528.0
2381	8537.0
2382	8593.0
2383	8615.0
2384	8695.0
2385	8554.0
2386	8501.0
2387	8553.0
2388	8517.0
2389	8595.0
2390	8655.0
2391	8561.0
2392	8599.0
2393	8566.0
2394	8503.0
2395	8549.0
2396	8584.0
2397	8506.0
2398	8565.0
2399	8538.0
2400	8542.0
2401	8553.0
2402	8549.0
2403	8546.0
2404	8485.0
2405	8519.0
2406	8513.0
2407	8567.0
2408	8611.0
2409	8570.0
2410	8578.0
2411	8657.0
2412	8542.0
2413	8590.0
2414	8597.0
2415	8606.0
2416	8626.0
2417	8607.0
2418	8631.0
2419	8651.0
2420	8563.0
2421	8651.0
2422	8574.0
2423	8578.0
2424	8569.0
2425	8550.0
2426	8507.0
2427	8496.0
2428	8474.0
2429	8364.0
2430	8483.0
2431	8556.0
2432	8442.0
2433	8494.0
2434	8539.0
2435	8522.0
2436	8471.0
2437	8426.0
2438	8562.0
2439	8516.0
2440	8505.0
2441	8522.0
2442	8570.0
2443	8525.0
2444	8445.0
2445	8462.0
2446	8431.0
2447	8398.0
2448	8442.0
2449	8565.0
2450	8511.0
2451	8466.0
2452	8449.0
2453	8379.0
2454	8481.0
2455	8482.0
2456	8521.0
2457	8520.0
2458	8535.0
2459	8431.0
2460	8475.0
2461	8491.0
2462	8501.0
2463	8504.0
2464	8401.0
2465	8423.0
2466	8397.0
2467	8426.0
2468	8420.0
2469	8435.0
2470	8524.0
2471	8588.0
2472	8459.0
2473	8516.0
2474	8511.0
2475	8501.0
2476	8477.0
2477	8529.0
2478	8502.0
2479	8550.0
2480	8495.0
2481	8540.0
2482	8420.0
2483	8474.0
2484	8432.0
2485	8452.0
2486	8528.0
2487	8482.0
2488	8522.0
2489	8475.0
2490	8570.0
2491	8538.0
2492	8553.0
2493	8512.0
2494	8452.0
2495	8479.0
2496	8414.0
2497	8445.0
2498	8461.0
2499	8568.0
2500	8539.0
2501	8496.0
2502	8561.0
2503	8680.0
2504	8583.0
2505	8540.0
2506	8528.0
2507	8588.0
2508	8603.0
2509	8725.0
2510	8589.0
2511	8580.0
2512	8653.0
2513	8570.0
2514	8576.0
2515	8611.0
2516	8561.0
2517	8587.0
2518	8662.0
2519	8618.0
2520	8633.0
2521	8584.0
2522	8544.0
2523	8533.0
2524	8553.0
2525	8531.0
2526	8578.0
2527	8509.0
2528	8459.0
2529	8415.0
2530	8484.0
2531	8397.0
2532	8439.0
2533	8406.0
2534	8390.0
2535	8406.0
2536	8476.0
2537	8385.0
2538	8382.0
2539	8412.0
2540	8479.0
2541	8566.0
2542	8551.0
2543	8492.0
2544	8480.0
2545	8417.0
2546	8431.0
2547	8460.0
2548	8505.0
2549	8549.0
2550	8553.0
2551	8578.0
2552	8561.0
2553	8664.0
2554	8507.0
2555	8537.0
2556	8428.0
2557	8499.0
2558	8468.0
2559	8460.0
2560	8445.0
2561	8434.0
2562	8474.0
2563	8514.0
2564	8532.0
2565	8528.0
2566	8493.0
2567	8513.0
2568	8496.0
2569	8474.0
2570	8548.0
2571	8617.0
2572	8562.0
2573	8508.0
2574	8549.0
2575	8543.0
2576	8456.0
2577	8500.0
2578	8413.0
2579	8426.0
2580	8520.0
2581	8466.0
2582	8479.0
2583	8453.0
2584	8573.0
2585	8568.0
2586	8648.0
2587	8682.0
2588	8677.0
2589	8481.0
2590	8611.0
2591	8485.0
2592	8518.0
2593	8488.0
2594	8381.0
2595	8452.0
2596	8366.0
2597	8508.0
2598	8514.0
2599	8478.0
2600	8528.0
2601	8518.0
2602	8537.0
2603	8613.0
2604	8608.0
2605	8564.0
2606	8567.0
2607	8572.0
2608	8518.0
2609	8568.0
2610	8595.0
2611	8475.0
2612	8477.0
2613	8469.0
2614	8494.0
2615	8481.0
2616	8523.0
2617	8501.0
2618	8487.0
2619	8498.0
2620	8486.0
2621	8540.0
2622	8469.0
2623	8475.0
2624	8506.0
2625	8478.0
2626	8517.0
2627	8573.0
2628	8504.0
2629	8409.0
2630	8443.0
2631	8481.0
2632	8426.0
2633	8462.0
2634	8579.0
2635	8630.0
2636	8497.0
2637	8453.0
2638	8355.0
2639	8383.0
2640	8427.0
2641	8471.0
2642	8481.0
2643	8546.0
2644	8548.0
2645	8552.0
2646	8545.0
2647	8488.0
2648	8503.0
2649	8514.0
2650	8592.0
2651	8546.0
2652	8429.0
2653	8495.0
2654	8425.0
2655	8485.0
2656	8469.0
2657	8557.0
2658	8573.0
2659	8548.0
2660	8521.0
2661	8565.0
2662	8605.0
2663	8554.0
2664	8466.0
2665	8460.0
2666	8409.0
2667	8441.0
2668	8447.0
2669	8540.0
2670	8525.0
2671	8540.0
2672	8568.0
2673	8507.0
2674	8476.0
2675	8505.0
2676	8477.0
2677	8587.0
2678	8487.0
2679	8517.0
2680	8459.0
2681	8436.0
2682	8447.0
2683	8435.0
2684	8501.0
2685	8587.0
2686	8529.0
2687	8498.0
2688	8512.0
2689	8477.0
2690	8519.0
2691	8417.0
2692	8395.0
2693	8380.0
2694	8338.0
2695	8413.0
2696	8417.0
2697	8457.0
2698	8481.0
2699	8416.0
2700	8498.0
2701	8514.0
2702	8475.0
2703	8500.0
2704	8517.0
2705	8449.0
2706	8446.0
2707	8492.0
2708	8506.0
2709	8607.0
2710	8543.0
2711	8622.0
2712	8632.0
2713	8609.0
2714	8598.0
2715	8605.0
2716	8672.0
2717	8697.0
2718	8666.0
2719	8651.0
2720	8586.0
2721	8639.0
2722	8665.0
2723	8590.0
2724	8598.0
2725	8533.0
2726	8576.0
2727	8448.0
2728	8500.0
2729	8514.0
2730	8479.0
2731	8455.0
2732	8472.0
2733	8487.0
2734	8560.0
2735	8531.0
2736	8525.0
2737	8528.0
2738	8572.0
2739	8517.0
2740	8486.0
2741	8499.0
2742	8510.0
2743	8475.0
2744	8468.0
2745	8476.0
2746	8490.0
2747	8446.0
2748	8490.0
2749	8505.0
2750	8622.0
2751	8577.0
2752	8498.0
2753	8535.0
2754	8502.0
2755	8515.0
2756	8542.0
2757	8520.0
2758	8522.0
2759	8563.0
2760	8586.0
2761	8541.0
2762	8593.0
2763	8465.0
2764	8420.0
2765	8492.0
2766	8437.0
2767	8502.0
2768	8588.0
2769	8470.0
2770	8496.0
2771	8536.0
2772	8531.0
2773	8527.0
2774	8503.0
2775	8529.0
2776	8449.0
2777	8461.0
2778	8388.0
2779	8464.0
2780	8394.0
2781	8455.0
2782	8579.0
2783	8519.0
2784	8536.0
2785	8488.0
2786	8455.0
2787	8472.0
2788	8453.0
2789	8391.0
2790	8403.0
2791	8469.0
2792	8461.0
2793	8457.0
2794	8450.0
2795	8386.0
2796	8391.0
2797	8378.0
2798	8416.0
2799	8421.0
2800	8486.0
2801	8516.0
2802	8441.0
2803	8435.0
2804	8409.0
2805	8507.0
2806	8418.0
2807	8415.0
2808	8413.0
2809	8441.0
2810	8389.0
2811	8396.0
2812	8401.0
2813	8487.0
2814	8432.0
2815	8412.0
2816	8487.0
2817	8448.0
2818	8505.0
2819	8465.0
2820	8437.0
2821	8412.0
2822	8517.0
2823	8541.0
2824	8563.0
2825	8518.0
2826	8503.0
2827	8570.0
2828	8656.0
2829	8742.0
2830	8659.0
2831	8714.0
2832	8656.0
2833	8661.0
2834	8650.0
2835	8541.0
2836	8533.0
2837	8514.0
2838	8509.0
2839	8548.0
2840	8579.0
2841	8529.0
2842	8578.0
2843	8577.0
2844	8511.0
2845	8449.0
2846	8486.0
2847	8426.0
2848	8430.0
2849	8458.0
2850	8395.0
2851	8463.0
2852	8557.0
2853	8491.0
2854	8537.0
2855	8467.0
2856	8519.0
2857	8487.0
2858	8530.0
2859	8526.0
2860	8549.0
2861	8531.0
2862	8583.0
2863	8557.0
2864	8564.0
2865	8582.0
2866	8462.0
2867	8537.0
2868	8544.0
2869	8625.0
2870	8574.0
2871	8583.0
2872	8571.0
2873	8619.0
2874	8643.0
2875	8590.0
2876	8629.0
2877	8710.0
2878	8580.0
2879	8514.0
2880	8622.0
2881	8405.0
2882	8459.0
2883	8403.0
2884	8427.0
2885	8505.0
2886	8549.0
2887	8541.0
2888	8513.0
2889	8577.0
2890	8670.0
2891	8670.0
2892	8570.0
2893	8570.0
2894	8640.0
2895	8632.0
2896	8559.0
2897	8622.0
2898	8572.0
2899	8550.0
2900	8533.0
2901	8481.0
2902	8392.0
2903	8403.0
2904	8439.0
2905	8486.0
2906	8522.0
2907	8534.0
2908	8543.0
2909	8511.0
2910	8501.0
2911	8526.0
2912	8590.0
2913	8608.0
2914	8636.0
2915	8569.0
2916	8545.0
2917	8592.0
2918	8496.0
2919	8363.0
2920	8428.0
2921	8441.0
2922	8432.0
2923	8446.0
2924	8394.0
2925	8356.0
2926	8399.0
2927	8417.0
2928	8476.0
2929	8470.0
2930	8417.0
2931	8444.0
2932	8500.0
2933	8393.0
2934	8475.0
2935	8465.0
2936	8441.0
2937	8548.0
2938	8507.0
2939	8505.0
2940	8495.0
2941	8507.0
2942	8607.0
2943	8502.0
2944	8529.0
2945	8610.0
2946	8655.0
2947	8629.0
2948	8566.0
2949	8596.0
2950	8550.0
2951	8570.0
2952	8496.0
2953	8529.0
2954	8394.0
2955	8466.0
2956	8438.0
2957	8381.0
2958	8523.0
2959	8476.0
2960	8479.0
2961	8507.0
2962	8561.0
2963	8480.0
2964	8533.0
2965	8552.0
2966	8578.0
2967	8502.0
2968	8553.0
2969	8526.0
2970	8648.0
2971	8522.0
2972	8521.0
2973	8481.0
2974	8388.0
2975	8529.0
2976	8624.0
2977	8633.0
2978	8570.0
2979	8521.0
2980	8518.0
2981	8568.0
2982	8604.0
2983	8550.0
2984	8555.0
2985	8568.0
2986	8607.0
2987	8577.0
2988	8530.0
2989	8524.0
2990	8481.0
2991	8414.0
2992	8395.0
2993	8380.0
2994	8365.0
2995	8439.0
2996	8499.0
2997	8540.0
2998	8560.0
2999	8551.0
3000	8604.0
1001	-8.682
1002	16.45
1003	14.15
1004	23.07
1005	12.34
1006	3.057
1007	-5.254
1008	-29.91
1009	11.76
1010	7.969
1011	4.202
1012	-10.32
1013	-49.03
1014	-54.54
1015	-3.508
1016	2.769
1017	21.11
1018	-13.84
1019	30.26
1020	-9.343
1021	28.57
1022	19.09
1023	-11.1
1024	3.228
1025	20.46
1026	23.34
1027	11.63
1028	-49.87
1029	-1.439
1030	-36.14
1031	-1.257
1032	-8.776
1033	13.16
1034	22.16
1035	-32.34
1036	-29.33
1037	-10.61
1038	5.509
1039	-11.34
1040	20.27
1041	-26.39
1042	-1.296
1043	-22.05
1044	-16.93
1045	-11.78
1046	-11.79
1047	-15.39
1048	-24.35
1049	-19.84
1050	-20.62
1051	10.89
1052	-5.127
1053	16.22
1054	-21.35
1055	-25.78
1056	-24.1
1057	-14.49
1058	-20.07
1059	1.134
1060	-3.456
1061	-17.91
1062	1.215
1063	-35.26
1064	6.335
1065	-3.961
1066	24.25
1067	-14.95
1068	-23.8
1069	17.88
1070	9.47
1071	30.45
1072	0.5392
1073	27.11
1074	-20.26
1075	-14.19
1076	-30.68
1077	-20.11
1078	-4.488
1079	4.08
1080	24.94
1081	-18.05
1082	-5.234
1083	12.17
1084	12.19
1085	19.8
1086	15.68
1087	-1.227
1088	-25.43
1089	7.604
1090	21.19
1091	19.22
1092	-12.88
1093	12.34
1094	16.41
1095	-1.11
1096	-20.44
1097	17.66
1098	-16.21
1099	26.68
1100	-23.78
1101	3.61
1102	0.398
1103	22.08
1104	-50.08
1105	-14.97
1106	10.35
1107	8.044
1108	4.617
1109	8.344
1110	-39.88
1111	-23.13
1112	-13.53
1113	-18.68
1114	-23.2
1115	-9.842
1116	1.427
1117	19.63
1118	25.47
1119	-13.78
1120	3.164
1121	-7.7
1122	-16.55
1123	-31.67
1124	-14.16
1125	14.59
1126	-5.794
1127	-24.23
1128	-21.84
1129	-14.33
1130	-36.53
1131	-17.05
1132	22.28
1133	2.595
1134	-23.7
1135	-20.97
1136	15.56
1137	14.13
1138	-8.756
1139	-31.8
1140	-17.53
1141	2.515
1142	32.61
1143	-19.34
1144	46.0
1145	-7.814
1146	-20.71
1147	29.43
1148	0.4844
1149	-3.935
1150	-25.69
1151	-26.29
1152	28.27
1153	-21.97
1154	2.546
1155	-18.93
1156	-9.062
1157	-0.6074
1158	14.37
1159	-29.33
1160	10.27
1161	14.88
1162	32.99
1163	-2.238
1164	-10.08
1165	2.365
1166	-23.59
1167	-14.75
1168	17.99
1169	4.137
1170	-9.567
1171	13.04
1172	-33.08
1173	11.04
1174	40.28
1175	14.89
1176	11.02
1177	7.144
1178	-12.29
1179	-36.48
1180	6.948
1181	6.994
1182	-16.71
1183	-45.32
1184	-20.87
1185	26.5
1186	25.15
1187	33.11
1188	-15.33
1189	23.14
1190	28.04
1191	36.62
1192	3.498
1193	12.58
1194	36.26
1195	-13.75
1196	5.729
1197	10.66
1198	-4.203
1199	21.95
1200	10.59
1201	3.735
1202	31.81
1203	31.96
1204	-13.04
1205	-11.46
1206	-5.748
1207	0.5262
1208	-11.98
1209	20.95
1210	19.92
1211	-39.48
1212	1.211
1213	-18.7
1214	-1.339
1215	7.713
1216	17.85
1217	-13.26
1218	13.99
1219	-36.0
1220	-27.5
1221	-38.3
1222	-10.01
1223	-11.06
1224	-1.557
1225	-9.495
1226	-32.58
1227	-29.89
1228	2.238
1229	-36.23
1230	-8.303
1231	18.97
1232	30.24
1233	1.242
1234	-8.506
1235	44.93
1236	16.04
1237	-7.307
1238	1.847
1239	-4.695
1240	25.01
1241	-15.28
1242	-17.39
1243	6.254
1244	-34.1
1245	-19.96
1246	-28.32
1247	-11.78
1248	25.92
1249	9.42
1250	0.5662
1251	13.3
1252	-9.66
1253	3.638
1254	-5.376
1255	-6.078
1256	22.63
1257	17.43
1258	11.36
1259	-35.32
1260	-4.954
1261	-9.833
1262	11.8
1263	-57.61
1264	-12.64
1265	2.678
1266	-13.05
1267	13.48
1268	24.54
1269	1.757
1270	14.97
1271	-35.74
1272	20.88
1273	10.93
1274	22.03
1275	-11.83
1276	-34.06
1277	-3.57
1278	17.83
1279	-2.545
1280	25.23
1281	15.47
1282	34.45
1283	11.95
1284	-4.999
1285	33.36
1286	30.16
1287	1.084
1288	-3.413
1289	-7.05
1290	-4.632
1291	3.578
1292	6.71
1293	-3.019
1294	19.13
1295	-40.45
1296	-13.65
1297	-55.62
1298	13.09
1299	-31.54
1300	1.343
1301	-7.237
1302	-13.13
1303	-1.276
1304	1.366
1305	8.055
1306	9.952
1307	30.7
1308	8.444
1309	13.86
1310	13.6
1311	-14.89
1312	-12.55
1313	-27.17
1314	-43.29
1315	-1.109
1316	-19.15
1317	-36.96
1318	9.243
1319	-12.53
1320	-17.01
1321	-14.77
1322	17.52
1323	20.48
1324	-11.51
1325	30.14
1326	-1.65
1327	16.93
1328	5.852
1329	23.93
1330	45.58
1331	-23.85
1332	28.37
1333	25.33
1334	17.21
1335	2.13
1336	10.1
1337	1.423
1338	-4.726
1339	13.58
1340	-8.823
1341	-20.45
1342	0.3886
1343	-1.189
1344	34.85
1345	-23.61
1346	2.211
1347	30.57
1348	-16.83
1349	-14.29
1350	23.9
1351	-7.873
1352	33.26
1353	-4.79
1354	14.49
1355	3.616
1356	41.18
1357	-76.47
1358	-7.418
1359	18.44
1360	-8.457
1361	19.33
1362	17.33
1363	3.073
1364	-9.724
1365	-13.81
1366	-29.65
1367	3.21
1368	1.145
1369	34.38
1370	32.07
1371	-12.19
1372	14.01
1373	-12.34
1374	5.957
1375	-3.876
1376	-10.98
1377	-25.4
1378	39.0
1379	-4.454
1380	9.016
1381	-29.62
1382	34.35
1383	17.45
1384	-12.03
1385	16.35
1386	41.42
1387	-16.3
1388	17.23
1389	-11.39
1390	-2.556
1391	10.94
1392	40.35
1393	-0.335
1394	18.97
1395	-42.02
1396	8.876
1397	-6.178
1398	-3.399
1399	-2.153
1400	20.64
1401	9.808
1402	26.71
1403	-7.907
1404	19.52
1405	-28.87
1406	23.61
1407	1.802
1408	14.53
1409	14.61
1410	-38.02
1411	-53.03
1412	-4.22
1413	3.332
1414	-18.13
1415	20.51
1416	-34.12
1417	6.877
1418	-7.142
1419	28.58
1420	-1.542
1421	2.438
1422	-12.75
1423	11.02
1424	10.45
1425	48.75
1426	-11.26
1427	-31.14
1428	-2.159
1429	-1.899
1430	12.85
1431	26.53
1432	17.63
1433	-26.6
1434	-9.932
1435	-6.995
1436	10.85
1437	-26.62
1438	2.419
1439	9.989
1440	25.65
1441	17.39
1442	-19.66
1443	-15.81
1444	32.45
1445	-5.532
1446	-27.0
1447	-19.95
1448	-11.53
1449	-0.5204
1450	-9.408
1451	-26.6
1452	15.14
1453	-8.201
1454	-17.94
1455	-10.23
1456	-1.271
1457	-54.64
1458	14.03
1459	18.93
1460	-3.628
1461	-19.77
1462	-0.1107
1463	4.36
1464	22.96
1465	-17.08
1466	-58.73
1467	-5.711
1468	-30.99
1469	6.672
1470	31.38
1471	9.054
1472	-25.75
1473	36.69
1474	-15.79
1475	-0.4095
1476	-31.69
1477	11.19
1478	21.0
1479	23.46
1480	18.89
1481	1.656
1482	6.201
1483	-11.12
1484	3.06
1485	-38.55
1486	-13.74
1487	-1.76
1488	-15.79
1489	-25.74
1490	-18.06
1491	-0.1171
1492	-6.692
1493	10.91
1494	-1.964
1495	7.231
1496	-24.06
1497	-17.49
1498	28.34
1499	10.21
1500	9.146
1501	-9.978
1502	3.458
1503	14.63
1504	-6.505
1505	-12.15
1506	-9.794
1507	37.59
1508	-12.8
1509	-9.599
1510	-17.23
1511	14.45
1512	-14.52
1513	16.28
1514	-7.602
1515	2.976
1516	4.656
1517	-21.09
1518	-19.32
1519	-5.985
1520	-12.43
1521	12.72
1522	-10.07
1523	-20.24
1524	-25.53
1525	-4.615
1526	17.89
1527	1.223
1528	-36.81
1529	-0.1656
1530	18.86
1531	-10.55
1532	-42.36
1533	-12.7
1534	-26.11
1535	4.26
1536	-3.953
1537	-3.765
1538	6.306
1539	23.31
1540	-21.46
1541	-22.84
1542	-17.72
1543	15.44
1544	20.71
1545	6.971
1546	0.6814
1547	10.21
1548	11.18
1549	-27.72
1550	-41.28
1551	2.954
1552	14.21
1553	4.896
1554	2.898
1555	-7.397
1556	-20.41
1557	4.359
1558	5.399
1559	10.51
1560	-5.587
1561	-24.8
1562	18.48
1563	9.952
1564	1.256
1565	24.55
1566	11.47
1567	5.838
1568	-13.63
1569	18.04
1570	-5.555
1571	0.5794
1572	3.519
1573	0.6776
1574	-33.25
1575	5.753
1576	-8.55
1577	25.16
1578	28.44
1579	35.38
1580	-12.58
1581	13.19
1582	19.89
1583	7.882
1584	1.78
1585	21.25
1586	23.37
1587	-37.6
1588	-18.01
1589	4.055
1590	19.89
1591	21.77
1592	-24.65
1593	18.66
1594	9.591
1595	12.13
1596	12.13
1597	-8.505
1598	41.23
1599	-14.41
1600	18.06
1601	11.05
1602	-23.45
1603	24.88
1604	3.102
1605	11.85
1606	-36.81
1607	-7.0
1608	8.153
1609	-34.93
1610	-6.143
1611	-6.053
1612	10.86
1613	1.85
1614	23.59
1615	-5.477
1616	10.16
1617	-15.75
1618	-14.66
1619	4.677
1620	4.137
1621	-22.48
1622	17.38
1623	-59.18
1624	-6.704
1625	18.84
1626	23.67
1627	-13.17
1628	21.82
1629	25.2
1630	22.2
1631	2.109
1632	30.81
1633	33.31
1634	-7.435
1635	-24.52
1636	-24.33
1637	-8.356
1638	19.5
1639	-4.059
1640	5.593
1641	-18.2
1642	-8.605
1643	-3.807
1644	11.78
1645	10.42
1646	-7.034
1647	-9.94
1648	1.262
1649	-4.135
1650	42.9
1651	-0.702
1652	20.32
1653	14.91
1654	16.61
1655	-14.7
1656	-32.36
1657	-16.17
1658	8.279
1659	31.31
1660	-14.48
1661	-1.676
1662	-5.624
1663	17.41
1664	16.83
1665	14.3
1666	21.28
1667	22.96
1668	18.83
1669	-10.19
1670	-25.02
1671	9.715
1672	-1.985
1673	2.884
1674	-10.55
1675	9.026
1676	45.55
1677	-21.35
1678	-17.4
1679	-1.433
1680	-9.768
1681	8.546
1682	24.85
1683	-10.59
1684	20.61
1685	-17.33
1686	25.43
1687	-5.25
1688	24.74
1689	-21.26
1690	-63.25
1691	-2.431
1692	-22.57
1693	6.381
1694	-6.353
1695	16.07
1696	7.476
1697	21.88
1698	8.764
1699	1.833
1700	20.91
1701	20.89
1702	4.082
1703	-5.406
1704	33.05
1705	24.66
1706	-16.74
1707	17.22
1708	-13.83
1709	-4.344
1710	-7.372
1711	5.049
1712	-24.33
1713	-24.86
1714	6.839
1715	-21.8
1716	-23.56
1717	-5.656
1718	25.75
1719	3.489
1720	23.4
1721	-6.548
1722	7.222
1723	11.77
1724	-2.061
1725	21.27
1726	35.38
1727	11.68
1728	-17.86
1729	24.88
1730	-1.347
1731	24.79
1732	22.67
1733	-46.79
1734	-15.87
1735	17.76
1736	15.06
1737	39.65
1738	6.011
1739	15.81
1740	-1.994
1741	-4.499
1742	0.3825
1743	-41.28
1744	-29.07
1745	-20.16
1746	5.08
1747	-1.609
1748	28.26
1749	-13.05
1750	8.712
1751	5.932
1752	-23.04
1753	-2.557
1754	-10.96
1755	9.974
1756	34.4
1757	-9.488
1758	-38.79
1759	-8.266
1760	-47.92
1761	-27.44
1762	-1.59
1763	15.9
1764	0.2948
1765	-39.52
1766	19.66
1767	17.16
1768	0.8768
1769	0.8119
1770	-3.801
1771	-7.354
1772	-12.85
1773	-15.38
1774	-22.7
1775	9.624
1776	-39.63
1777	10.05
1778	-22.22
1779	20.91
1780	-10.81
1781	19.08
1782	-45.09
1783	-17.34
1784	-18.31
1785	1.944
1786	-10.3
1787	-4.169
1788	1.007
1789	14.19
1790	-8.408
1791	-8.349
1792	14.04
1793	5.669
1794	22.81
1795	32.02
1796	14.18
1797	13.78
1798	-9.472
1799	34.94
1800	-5.682
1801	-24.62
1802	1.746
1803	-5.779
1804	-3.353
1805	-10.42
1806	-4.423
1807	44.85
1808	18.26
1809	16.03
1810	2.527
1811	1.794
1812	7.528
1813	33.51
1814	15.74
1815	30.48
1816	3.755
1817	11.42
1818	6.052
1819	27.48
1820	37.99
1821	0.8195
1822	-18.0
1823	-16.5
1824	-3.556
1825	-3.359
1826	8.74
1827	3.28
1828	-29.03
1829	-18.62
1830	-20.66
1831	-7.762
1832	-17.76
1833	-0.9825
1834	3.254
1835	-5.522
1836	-38.7
1837	-40.21
1838	-29.54
1839	-37.34
1840	-34.91
1841	-41.36
1842	-2.768
1843	14.46
1844	28.95
1845	-27.67
1846	-29.28
1847	-19.38
1848	-8.303
1849	6.313
1850	7.373
1851	-24.55
1852	6.158
1853	-1.402
1854	-2.181
1855	-2.617
1856	-18.07
1857	-5.346
1858	-6.42
1859	-3.676
1860	0.848
1861	-2.744
1862	-12.93
1863	-29.67
1864	-16.03
1865	-25.63
1866	8.921
1867	-25.28
1868	14.27
1869	-35.31
1870	22.5
1871	-41.46
1872	10.76
1873	-34.29
1874	-0.5778
1875	-4.046
1876	5.857
1877	-23.27
1878	10.05
1879	11.61
1880	-19.48
1881	-39.92
1882	3.593
1883	12.2
1884	-6.916
1885	-7.212
1886	-7.195
1887	5.711
1888	30.26
1889	-26.48
1890	26.77
1891	13.73
1892	13.27
1893	43.24
1894	39.46
1895	11.94
1896	-7.801
1897	-4.808
1898	7.899
1899	9.942
1900	-10.96
1901	-9.091
1902	-16.31
1903	40.43
1904	13.1
1905	-5.654
1906	-11.37
1907	-11.82
1908	-12.14
1909	16.9
1910	-2.387
1911	-11.84
1912	-25.75
1913	-18.01
1914	-38.28
1915	13.81
1916	-17.01
1917	7.498
1918	7.361
1919	17.59
1920	15.5
1921	-55.38
1922	14.63
1923	-23.05
1924	24.53
1925	13.86
1926	3.472
1927	10.79
1928	-11.53
1929	23.88
1930	-30.98
1931	-9.411
1932	-9.198
1933	9.429
1934	-1.858
1935	-18.49
1936	2.598
1937	27.92
1938	13.87
1939	-8.105
1940	-29.04
1941	15.86
1942	6.464
1943	-31.58
1944	4.678
1945	-17.39
1946	-20.82
1947	7.67
1948	-19.81
1949	-15.28
1950	19.39
1951	-2.163
1952	25.72
1953	23.84
1954	32.23
1955	-20.17
1956	-15.87
1957	22.82
1958	-19.68
1959	-49.16
1960	-46.37
1961	-14.34
1962	-15.66
1963	-16.54
1964	6.748
1965	-11.4
1966	-20.53
1967	-10.1
1968	-59.73
1969	-21.0
1970	-55.28
1971	-18.53
1972	-5.562
1973	19.66
1974	9.447
1975	5.187
1976	-9.456
1977	-26.46
1978	1.666
1979	0.7227
1980	-20.87
1981	22.7
1982	-23.67
1983	-3.978
1984	62.02
1985	2.951
1986	26.19
1987	-22.53
1988	-26.45
1989	1.137
1990	-15.99
1991	-15.61
1992	-1.724
1993	19.6
1994	14.37
1995	-17.46
1996	-22.98
1997	-28.94
1998	0.2785
1999	-49.97
2000	-14.14
2001	-12.93
2002	-18.54
2003	-49.71
2004	57.18
2005	26.64
2006	6.101
2007	-6.288
2008	-10.41
2009	9.471
2010	3.769
2011	-23.06
2012	-44.13
2013	-29.83
2014	-19.31
2015	-3.124
2016	37.24
2017	-23.23
2018	34.66
2019	13.9
2020	32.15
2021	18.58
2022	25.78
2023	18.99
2024	6.226
2025	10.49
2026	13.94
2027	16.42
2028	-44.06
2029	31.23
2030	-11.79
2031	18.72
2032	29.88
2033	3.285
2034	11.11
2035	11.31
2036	6.538
2037	14.12
2038	19.52
2039	16.64
2040	11.25
2041	-21.66
2042	9.008
2043	-18.16
2044	-2.266
2045	-22.24
2046	-5.028
2047	-6.52
2048	-22.39
2049	-15.75
2050	-40.07
2051	24.6
2052	2.546
2053	14.09
2054	19.18
2055	12.27
2056	20.11
2057	-42.54
2058	-5.88
2059	-12.18
2060	30.08
2061	3.268
2062	31.1
2063	-13.27
2064	-39.41
2065	48.53
2066	-11.58
2067	7.93
2068	-21.0
2069	2.564
2070	8.096
2071	-2.318
2072	4.656
2073	14.7
2074	11.85
2075	6.095
2076	18.04
2077	-9.57
2078	23.52
2079	-13.29
2080	-29.12
2081	-30.09
2082	-13.5
2083	-19.69
2084	-3.318
2085	-12.7
2086	-22.72
2087	-5.079
2088	-0.6871
2089	-8.68
2090	-20.24
2091	4.923
2092	17.39
2093	23.42
2094	8.774
2095	2.582
2096	-52.35
2097	3.014
2098	20.8
2099	-17.73
2100	27.27
2101	-2.697
2102	-6.557
2103	12.78
2104	25.12
2105	8.181
2106	3.145
2107	-15.29
2108	1.562
2109	16.36
2110	11.06
2111	42.44
2112	-0.1034
2113	16.56
2114	-7.441
2115	0.6781
2116	8.386
2117	2.94
2118	19.05
2119	-6.645
2120	4.938
2121	-42.27
2122	2.122
2123	-25.2
2124	15.15
2125	10.26
2126	10.36
2127	-19.12
2128	8.82
2129	-8.913
2130	22.52
2131	-11.79
2132	3.597
2133	-20.31
2134	-15.45
2135	-39.36
2136	-18.24
2137	10.07
2138	-11.91
2139	-19.5
2140	24.34
2141	21.07
2142	-16.76
2143	-32.64
2144	29.83
2145	-8.239
2146	-10.56
2147	29.55
2148	16.86
2149	22.76
2150	7.135
2151	21.24
2152	-15.53
2153	-24.79
2154	4.932
2155	14.74
2156	7.607
2157	39.68
2158	-1.04
2159	-0.4851
2160	-7.444
2161	-9.981
2162	-24.79
2163	46.79
2164	-4.125
2165	30.44
2166	16.35
2167	-3.999
2168	3.202
2169	6.188
2170	-43.13
2171	-14.9
2172	0.2261
2173	-1.06
2174	-70.39
2175	-19.69
2176	-3.201
2177	2.711
2178	4.342
2179	9.575
2180	8.883
2181	21.6
2182	-24.47
2183	8.803
2184	17.27
2185	11.34
2186	-35.13
2187	46.38
2188	9.8
2189	6.857
2190	-12.49
2191	-30.19
2192	-19.11
2193	-10.84
2194	16.62
2195	-1.656
2196	13.5
2197	-4.115
2198	-13.12
2199	-30.49
2200	13.31
2201	-22.5
2202	-1.535
2203	-28.92
2204	-32.86
2205	-5.396
2206	-43.58
2207	17.9
2208	-34.26
2209	19.5
2210	-3.903
2211	0.06066
2212	12.44
2213	-13.55
2214	13.98
2215	-7.089
2216	-15.71
2217	5.152
2218	-4.175
2219	-5.96
2220	3.299
2221	-5.31
2222	0.7048
2223	-33.99
2224	-12.08
2225	18.06
2226	8.684
2227	-24.68
2228	-6.626
2229	9.393
2230	17.72
2231	28.33
2232	-12.61
2233	13.85
2234	-10.31
2235	18.74
2236	-37.47
2237	30.43
2238	2.582
2239	2.973
2240	27.93
2241	1.203
2242	-14.34
2243	33.36
2244	-14.24
2245	-0.4961
2246	26.9
2247	10.88
2248	-10.51
2249	-1.136
2250	-24.67
2251	-19.77
2252	5.066
2253	-14.44
2254	-32.7
2255	2.924
2256	5.945
2257	-37.62
2258	23.49
2259	-10.12
2260	-22.94
2261	8.759
2262	-43.71
2263	-8.358
2264	-20.64
2265	-6.418
2266	-53.3
2267	34.94
2268	-17.03
2269	-9.355
2270	22.66
2271	-11.39
2272	22.39
2273	16.75
2274	-4.692
2275	-18.43
2276	-1.162
2277	16.28
2278	21.93
2279	-45.45
2280	-4.595
2281	-13.99
2282	-16.86
2283	-10.9
2284	-8.939
2285	6.697
2286	6.218
2287	-8.661
2288	-23.96
2289	-9.561
2290	11.12
2291	-28.95
2292	-4.203
2293	-10.59
2294	15.61
2295	-1.927
2296	-2.334
2297	-14.74
2298	15.76
2299	15.92
2300	0.5127
2301	-31.53
2302	17.05
2303	12.95
2304	0.5415
2305	12.41
2306	14.01
2307	-4.115
2308	2.794
2309	30.6
2310	-7.82
2311	-4.766
2312	2.43
2313	-19.73
2314	-23.1
2315	-0.1949
2316	8.822
2317	0.1353
2318	14.78
2319	7.758
2320	-26.51
2321	-1.097
2322	5.862
2323	-29.98
2324	8.397
2325	23.19
2326	-8.587
2327	-26.28
2328	16.61
2329	-30.12
2330	8.845
2331	-29.24
2332	-15.04
2333	-14.69
2334	4.5
2335	-12.76
2336	10.97
2337	5.442
2338	-8.959
2339	4.815
2340	-7.812
2341	5.932
2342	9.329
2343	1.109
2344	-6.163
2345	4.353
2346	1.61
2347	-50.04
2348	4.426
2349	-10.9
2350	10.77
2351	18.12
2352	32.12
2353	-4.809
2354	-22.17
2355	-8.552
2356	-43.55
2357	17.68
2358	23.63
2359	-4.069
2360	-1.965
2361	-26.45
2362	10.36
2363	-14.29
2364	12.9
2365	10.85
2366	23.06
2367	-26.69
2368	-38.5
2369	-23.79
2370	37.1
2371	22.49
2372	10.2
2373	5.397
2374	-44.18
2375	-15.83
2376	18.25
2377	18.28
2378	-15.15
2379	2.091
2380	22.88
2381	26.96
2382	-27.04
2383	-36.53
2384	3.969
2385	-24.49
2386	-5.865
2387	-48.33
2388	-5.248
2389	-8.534
2390	3.744
2391	19.62
2392	-15.16
2393	30.66
2394	11.77
2395	35.11
2396	-18.66
2397	14.35
2398	16.47
2399	-13.25
2400	23.85
2401	-26.35
2402	15.62
2403	6.978
2404	50.14
2405	39.83
2406	21.97
2407	-5.747
2408	31.0
2409	1.559
2410	-2.98
2411	36.12
2412	-6.23
2413	7.171
2414	24.17
2415	-11.29
2416	10.71
2417	17.88
2418	-56.85
2419	28.37
2420	-36.84
2421	-28.02
2422	30.86
2423	15.56
2424	20.59
2425	-20.57
2426	-4.653
2427	-8.633
2428	-29.53
2429	-5.347
2430	-0.3363
2431	2.628
2432	65.02
2433	-10.16
2434	9.424
2435	18.39
2436	11.67
2437	-0.5411
2438	-48.94
2439	-5.095
2440	-41.82
2441	22.84
2442	-19.63
2443	31.54
2444	-7.461
2445	-23.79
2446	-0.2412
2447	-12.36
2448	7.378
2449	-36.65
2450	-12.15
2451	-13.71
2452	-23.25
2453	-9.649
2454	-43.49
2455	-20.66
2456	-9.216
2457	-7.202
2458	-59.08
2459	-12.03
2460	12.8
2461	6.472
2462	-9.285
2463	-6.745
2464	-12.36
2465	10.78
2466	-53.85
2467	4.923
2468	-4.524
2469	2.243
2470	3.92
2471	-8.847
2472	23.03
2473	22.16
2474	-52.26
2475	22.15
2476	-0.2396
2477	-17.64
2478	-23.55
2479	-19.27
2480	-3.024
2481	-10.32
2482	-10.85
2483	-0.865
2484	9.588
2485	23.23
2486	-5.366
2487	-26.85
2488	-13.04
2489	-30.44
2490	-0.938
2491	4.649
2492	17.73
2493	-17.61
2494	-19.55
2495	-18.79
2496	8.044
2497	-22.41
2498	40.82
2499	-52.19
2500	11.54
2501	10.01
2502	22.77
2503	26.55
2504	22.78
2505	14.71
2506	34.58
2507	20.93
2508	-1.796
2509	-15.72
2510	24.63
2511	26.64
2512	-22.99
2513	13.93
2514	19.29
2515	-17.06
2516	-4.639
2517	3.764
2518	-5.305
2519	-13.65
2520	-6.533
2521	-36.59
2522	27.89
2523	28.25
2524	3.507
2525	-41.92
2526	-30.28
2527	5.693
2528	-29.4
2529	13.74
2530	7.579
2531	-37.63
2532	-32.82
2533	-25.16
2534	-26.17
2535	-0.9675
2536	-16.41
2537	13.03
2538	6.988
2539	-7.377
2540	-6.873
2541	-15.7
2542	-27.89
2543	16.33
2544	-10.09
2545	-4.135
2546	4.44
2547	3.518
2548	12.08
2549	2.109
2550	-21.21
2551	14.02
2552	-17.89
2553	54.46
2554	-16.99
2555	10.44
2556	6.769
2557	-6.379
2558	-38.48
2559	44.63
2560	-7.256
2561	-29.07
2562	-38.34
2563	-10.86
2564	26.76
2565	-15.23
2566	-15.62
2567	-2.499
2568	-1.994
2569	-11.71
2570	-16.58
2571	-16.33
2572	-4.862
2573	4.431
2574	1.672
2575	4.142
2576	-1.811
2577	-20.71
2578	-22.34
2579	15.96
2580	-10.38
2581	-14.24
2582	-0.3292
2583	20.78
2584	-3.158
2585	15.15
2586	-0.9972
2587	21.78
2588	13.89
2589	13.34
2590	-0.3614
2591	19.25
2592	14.45
2593	25.94
2594	-22.26
2595	32.63
2596	8.549
2597	-5.301
2598	-29.67
2599	-25.27
2600	7.202
2601	-14.67
2602	28.19
2603	1.668
2604	-18.09
2605	30.39
2606	-13.21
2607	-33.37
2608	1.513
2609	9.366
2610	-27.11
2611	-12.52
2612	13.44
2613	33.38
2614	-25.65
2615	0.6466
2616	-4.216
2617	17.87
2618	-11.54
2619	2.179
2620	14.21
2621	-41.46
2622	-7.86
2623	27.34
2624	-16.93
2625	8.529
2626	-30.17
2627	54.88
2628	24.09
2629	15.47
2630	-7.794
2631	0.6711
2632	-24.37
2633	17.74
2634	1.792
2635	30.3
2636	8.231
2637	-38.52
2638	-2.043
2639	5.555
2640	1.536
2641	-13.57
2642	8.307
2643	-3.817
2644	-31.76
2645	-7.4
2646	14.09
2647	23.72
2648	-3.814
2649	6.152
2650	-17.83
2651	-1.712
2652	-9.42
2653	12.7
2654	17.07
2655	-21.37
2656	20.88
2657	0.2935
2658	19.73
2659	17.14
2660	-7.578
2661	-2.347
2662	10.77
2663	-15.84
2664	10.31
2665	-4.064
2666	-8.914
2667	-10.53
2668	4.354
2669	4.978
2670	22.27
2671	-2.531
2672	-19.01
2673	-30.37
2674	-23.3
2675	-10.74
2676	-15.26
2677	21.86
2678	11.87
2679	17.12
2680	-6.218
2681	22.05
2682	9.735
2683	11.23
2684	-13.65
2685	6.689
2686	-11.38
2687	0.766
2688	-35.06
2689	-0.1963
2690	10.4
2691	-24.58
2692	14.07
2693	2.486
2694	16.8
2695	23.2
2696	26.63
2697	21.76
2698	-42.42
2699	4.208
2700	-7.54
2701	-10.6
2702	12.94
2703	-6.962
2704	-23.42
2705	22.17
2706	-15.96
2707	-2.312
2708	-1.081
2709	13.07
2710	40.68
2711	-27.62
2712	8.326
2713	-44.19
2714	-1.507
2715	-13.52
2716	-5.55
2717	10.57
2718	-62.09
2719	-19.43
2720	23.33
2721	33.37
2722	-25.78
2723	18.55
2724	-18.35
2725	-23.62
2726	-26.26
2727	-34.03
2728	21.18
2729	-3.323
2730	3.256
2731	-10.88
2732	-6.647
2733	7.823
2734	2.645
2735	-27.34
2736	5.872
2737	10.9
2738	-9.008
2739	-12.03
2740	-16.12
2741	26.72
2742	33.77
2743	-33.24
2744	-23.21
2745	2.789
2746	-8.328
2747	12.46
2748	-5.62
2749	-3.886
2750	10.19
2751	44.72
2752	-9.583
2753	-2.12
2754	15.28
2755	-8.022
2756	24.57
2757	-1.238
2758	21.26
2759	7.043
2760	30.15
2761	-15.92
2762	0.1736
2763	-19.21
2764	-0.7264
2765	-22.64
2766	5.056
2767	6.598
2768	0.7903
2769	-24.46
2770	21.98
2771	4.544
2772	17.92
2773	-39.38
2774	39.54
2775	-13.11
2776	-18.25
2777	-17.08
2778	-1.302
2779	11.24
2780	-10.94
2781	-0.4362
2782	13.76
2783	-5.202
2784	-18.01
2785	-11.87
2786	19.08
2787	18.75
2788	0.9908
2789	13.74
2790	-13.6
2791	11.44
2792	-6.274
2793	-24.05
2794	4.195
2795	-10.28
2796	-6.46
2797	20.76
2798	-3.699
2799	13.5
2800	2.246
2801	-0.9559
2802	29.04
2803	6.159
2804	7.938
2805	4.392
2806	-33.84
2807	-6.278
2808	-0.1434
2809	33.25
2810	-33.7
2811	-0.6739
2812	17.03
2813	15.48
2814	14.64
2815	3.399
2816	28.53
2817	-10.01
2818	-5.633
2819	-26.32
2820	-17.87
2821	-20.43
2822	12.53
2823	-13.31
2824	6.191
2825	-0.7947
2826	17.54
2827	-18.3
2828	-48.57
2829	-47.03
2830	-20.22
2831	8.315
2832	-5.353
2833	27.61
2834	1.328
2835	4.542
2836	-0.03261
2837	-42.83
2838	12.96
2839	14.62
2840	-2.6
2841	-4.956
2842	5.687
2843	-17.2
2844	21.3
2845	5.771
2846	7.05
2847	-15.54
2848	-11.49
2849	-38.79
2850	-17.72
2851	17.69
2852	-8.072
2853	14.78
2854	1.602
2855	-19.94
2856	-24.68
2857	1.011
2858	-26.07
2859	5.618
2860	7.643
2861	-11.84
2862	23.49
2863	11.39
2864	8.911
2865	4.315
2866	-11.68
2867	-37.95
2868	11.9
2869	19.99
2870	15.46
2871	25.52
2872	-22.68
2873	23.69
2874	-24.2
2875	-23.83
2876	7.879
2877	17.27
2878	-48.33
2879	-8.764
2880	10.08
2881	-2.579
2882	7.202
2883	-19.87
2884	3.176
2885	20.63
2886	-18.78
2887	-28.59
2888	19.2
2889	-15.88
2890	-47.78
2891	-12.23
2892	-52.62
2893	23.31
2894	-11.52
2895	3.059
2896	-3.989
2897	15.25
2898	9.35
2899	13.42
2900	21.31
2901	-22.27
2902	28.46
2903	10.12
2904	-11.74
2905	-0.936
2906	-92.48
2907	1.798
2908	7.856
2909	2.197
2910	-5.248
2911	-12.56
2912	36.64
2913	-7.827
2914	-28.27
2915	-4.387
2916	-32.91
2917	7.016
2918	-45.46
2919	-13.35
2920	-23.19
2921	-63.25
2922	8.252
2923	5.664
2924	-14.01
2925	2.255
2926	23.9
2927	8.798
2928	-10.96
2929	6.1
2930	-21.77
2931	10.93
2932	37.88
2933	-13.98
2934	-21.75
2935	-37.05
2936	2.62
2937	13.39
2938	-10.72
2939	32.57
2940	13.45
2941	5.297
2942	-14.75
2943	3.741
2944	22.25
2945	17.69
2946	26.3
2947	28.94
2948	13.48
2949	-20.94
2950	-15.39
2951	-24.08
2952	1.037
2953	-44.22
2954	-53.88
2955	19.77
2956	36.24
2957	-11.83
2958	10.66
2959	6.802
2960	30.13
2961	32.55
2962	20.01
2963	33.99
2964	-22.3
2965	18.53
2966	1.859
2967	9.705
2968	-30.73
2969	-1.194
2970	2.468
2971	6.018
2972	10.88
2973	11.57
2974	-7.3
2975	2.979
2976	-37.25
2977	18.09
2978	18.66
2979	-24.04
2980	6.268
2981	-16.44
2982	8.287
2983	-0.4431
2984	24.36
2985	-8.129
2986	-31.59
2987	36.84
2988	-23.14
2989	-0.9373
2990	-19.75
2991	4.648
2992	-13.56
2993	6.5
2994	8.43
2995	-18.34
2996	2.584
2997	0.09992
2998	-17.95
2999	11.49
3000	5.986
