deviance	1	5000
gam1[1]	5001	10000
gam1[2]	10001	15000
gam1[3]	15001	20000
gam2[1]	20001	25000
gam2[2]	25001	30000
gam2[3]	30001	35000
lam1[1]	35001	40000
lam1[2]	40001	45000
lam1[3]	45001	50000
lam1[4]	50001	55000
lam1[5]	55001	60000
lam1[6]	60001	65000
lam1[7]	65001	70000
lam1[8]	70001	75000
lam1[9]	75001	80000
lam1[10]	80001	85000
lam1[11]	85001	90000
lam1[12]	90001	95000
lam1[13]	95001	100000
lam2[1]	100001	105000
lam2[2]	105001	110000
lam2[3]	110001	115000
lam2[4]	115001	120000
lam2[5]	120001	125000
lam2[6]	125001	130000
lam2[7]	130001	135000
lam2[8]	135001	140000
lam2[9]	140001	145000
lam2[10]	145001	150000
lam2[11]	150001	155000
lam2[12]	155001	160000
lam2[13]	160001	165000
mu.y1[1]	165001	170000
mu.y1[2]	170001	175000
mu.y1[3]	175001	180000
mu.y1[4]	180001	185000
mu.y1[5]	185001	190000
mu.y1[6]	190001	195000
mu.y1[7]	195001	200000
mu.y1[8]	200001	205000
mu.y1[9]	205001	210000
mu.y1[10]	210001	215000
mu.y1[11]	215001	220000
mu.y1[12]	220001	225000
mu.y1[13]	225001	230000
mu.y1[14]	230001	235000
mu.y1[15]	235001	240000
mu.y1[16]	240001	245000
mu.y1[17]	245001	250000
mu.y2[1]	250001	255000
mu.y2[2]	255001	260000
mu.y2[3]	260001	265000
mu.y2[4]	265001	270000
mu.y2[5]	270001	275000
mu.y2[6]	275001	280000
mu.y2[7]	280001	285000
mu.y2[8]	285001	290000
mu.y2[9]	290001	295000
mu.y2[10]	295001	300000
mu.y2[11]	300001	305000
mu.y2[12]	305001	310000
mu.y2[13]	310001	315000
mu.y2[14]	315001	320000
mu.y2[15]	320001	325000
mu.y2[16]	325001	330000
mu.y2[17]	330001	335000
phx1[1,1]	335001	340000
phx1[1,2]	340001	345000
phx1[1,3]	345001	350000
phx1[2,1]	350001	355000
phx1[2,2]	355001	360000
phx1[2,3]	360001	365000
phx1[3,1]	365001	370000
phx1[3,2]	370001	375000
phx1[3,3]	375001	380000
phx2[1,1]	380001	385000
phx2[1,2]	385001	390000
phx2[1,3]	390001	395000
phx2[2,1]	395001	400000
phx2[2,2]	400001	405000
phx2[2,3]	405001	410000
phx2[3,1]	410001	415000
phx2[3,2]	415001	420000
phx2[3,3]	420001	425000
sgd1	425001	430000
sgd2	430001	435000
sgm1[1]	435001	440000
sgm1[2]	440001	445000
sgm1[3]	445001	450000
sgm1[4]	450001	455000
sgm1[5]	455001	460000
sgm1[6]	460001	465000
sgm1[7]	465001	470000
sgm1[8]	470001	475000
sgm1[9]	475001	480000
sgm1[10]	480001	485000
sgm1[11]	485001	490000
sgm1[12]	490001	495000
sgm1[13]	495001	500000
sgm1[14]	500001	505000
sgm1[15]	505001	510000
sgm1[16]	510001	515000
sgm1[17]	515001	520000
sgm2[1]	520001	525000
sgm2[2]	525001	530000
sgm2[3]	530001	535000
sgm2[4]	535001	540000
sgm2[5]	540001	545000
sgm2[6]	545001	550000
sgm2[7]	550001	555000
sgm2[8]	555001	560000
sgm2[9]	560001	565000
sgm2[10]	565001	570000
sgm2[11]	570001	575000
sgm2[12]	575001	580000
sgm2[13]	580001	585000
sgm2[14]	585001	590000
sgm2[15]	590001	595000
sgm2[16]	595001	600000
sgm2[17]	600001	605000
